0.034852 290.666687 231.111099 0.402743 -1.677037 1.000000
0.001757 290.666687 231.111099 -0.000142 -0.001029 1.000000
0.034852 292.444489 205.333298 0.061841 -0.901108 2.000000
0.052672 294.222198 182.222198 0.061838 -0.807995 2.000000
0.050126 294.222198 151.111099 -0.000142 -1.087329 2.000000
0.034852 289.777802 137.777802 -0.155096 -0.466585 2.000000
0.037397 278.222198 133.333298 -0.403028 -0.156217 2.000000
0.052672 261.333313 136.888901 -0.588973 0.123122 2.000000
0.057763 232.000000 160.000000 -1.022848 0.805938 2.000000
0.029760 224.000000 168.888901 -0.279062 0.309344 2.000000
0.001757 217.777802 178.666702 -0.217079 0.340381 0.000000
0.032306 208.000000 199.111099 -0.341045 0.712825 0.000000
0.034852 200.888901 222.222198 -0.248071 0.805938 0.000000
0.050126 192.888901 247.111099 -0.279062 0.868013 0.000000
0.034852 180.444397 272.888885 -0.434020 0.899050 0.000000
0.001757 180.444397 272.888885 -0.000142 -0.001029 0.000000
-0.000788 163.555603 295.111115 -0.588970 0.774901 0.000000
0.011940 163.555603 295.111115 -0.000142 -0.001029 0.000000
0.001757 154.666702 303.111115 -0.310054 0.278306 0.000000
0.011940 146.666702 310.222198 -0.279062 0.247268 0.000000
0.001757 138.666702 315.555511 -0.279062 0.185194 0.000000
0.004303 132.444397 319.111115 -0.217083 0.123122 0.000000
0.014486 127.111099 321.777802 -0.186088 0.092084 1.000000
0.001757 123.555603 322.666687 -0.124105 0.030009 1.000000
0.014486 120.000000 322.666687 -0.124108 -0.001029 1.000000
0.004303 116.444397 323.555511 -0.124108 0.030006 1.000000
0.001757 116.444397 323.555511 -0.000142 -0.001029 2.000000
0.014486 113.777802 323.555511 -0.093113 -0.001029 2.000000
0.009394 110.222198 323.555511 -0.124108 -0.001029 2.000000
0.019577 101.333298 323.555511 -0.310054 -0.001029 2.000000
0.004303 96.888893 321.777802 -0.155096 -0.063101 2.000000
0.019577 92.444443 320.000000 -0.155098 -0.063104 2.000000
0.006849 88.888893 315.555511 -0.124106 -0.156216 2.000000
0.019577 86.222221 310.222198 -0.093116 -0.187251 2.000000
0.006849 85.333344 302.222198 -0.031133 -0.280363 2.000000
0.024669 85.333344 291.555511 -0.000142 -0.373475 2.000000
0.006849 86.222221 276.444489 0.030849 -0.528657 2.000000
0.019577 92.444443 240.888901 0.216796 -1.242517 2.000000
0.004303 92.444443 240.888901 -0.000142 -0.001029 2.000000
0.019577 95.111107 208.000000 0.092831 -1.149405 0.000000
0.045035 94.222221 186.666702 -0.031133 -0.745920 0.000000
0.042489 84.444443 176.888901 -0.341044 -0.342438 0.000000
0.045035 71.111107 175.111099 -0.465009 -0.063104 0.000000
0.055218 48.000000 184.888901 -0.805911 0.340381 0.000000
0.034852 32.888889 202.666702 -0.526991 0.619716 0.000000
0.006849 25.777781 216.000000 -0.248071 0.464528 0.000000
0.011940 18.666670 233.777802 -0.248071 0.619716 0.000000
0.055218 6.222222 275.555511 -0.434018 1.457716 0.000000
0.037397 0.888889 316.444489 -0.186089 1.426685 0.000000
0.011940 0.888889 334.222198 -0.000142 0.619713 1.000000
0.022123 8.000000 360.888885 0.247787 0.930087 2.000000
0.042489 19.555559 374.222198 0.402742 0.464528 2.000000
0.042489 30.222219 373.333313 0.371751 -0.032066 2.000000
0.050126 49.777779 355.555511 0.681662 -0.621773 2.000000
0.006849 49.777779 355.555511 -0.000142 -0.001029 2.000000
0.019577 64.000000 338.666687 0.495716 -0.590733 2.000000
0.039943 79.111107 320.888885 0.526707 -0.621773 2.000000
0.062855 101.333298 281.777802 0.774634 -1.366663 2.000000
0.039943 109.333298 264.000000 0.278778 -0.621773 2.000000
0.017032 125.333298 224.000000 0.557698 -1.397702 0.000000
0.009394 134.222198 203.555603 0.309769 -0.714882 0.000000
0.014486 143.111099 184.888901 0.309769 -0.652811 0.000000
0.001757 152.000000 167.111099 0.309769 -0.621773 0.000000
0.006849 160.000000 152.888901 0.278778 -0.497623 0.000000
0.009394 166.222198 141.333298 0.216795 -0.404514 0.000000
0.001757 166.222198 141.333298 -0.000142 -0.001029 0.000000
0.014486 172.444397 133.333298 0.216795 -0.280363 0.000000
0.001757 177.777802 127.111099 0.185807 -0.218288 0.000000
0.004303 182.222198 122.666702 0.154812 -0.156213 0.000000
0.014486 184.888901 120.000000 0.092832 -0.094141 0.000000
0.006849 188.444397 118.222198 0.123820 -0.063104 0.000000
0.014486 191.111099 116.444397 0.092832 -0.063104 0.000000
0.004303 195.555603 115.555603 0.154815 -0.032062 0.000000
0.014486 201.777802 114.666702 0.216795 -0.032066 0.000000
0.001757 208.888901 114.666702 0.247786 -0.001029 0.000000
0.004303 216.888901 115.555603 0.278778 0.030009 0.000000
0.014486 226.666702 118.222198 0.340761 0.092080 0.000000
0.006849 236.444397 121.777802 0.340757 0.123122 1.000000
0.019577 246.222198 127.111099 0.340761 0.185193 1.000000
0.042489 265.777802 140.444397 0.681664 0.464528 2.000000
0.004303 275.555511 149.333298 0.340758 0.309344 2.000000
0.037397 296.000000 167.111099 0.712655 0.619716 2.000000
0.037397 318.222198 180.444397 0.774635 0.464528 2.000000
0.062855 352.888885 191.111099 1.208512 0.371419 2.000000
0.037397 371.555511 195.555603 0.650670 0.154159 2.000000
0.019577 377.777802 198.222198 0.216798 0.092080 2.000000
0.006849 383.111115 200.000000 0.185804 0.061047 2.000000
0.017032 386.666687 201.777802 0.123823 0.061047 1.000000
0.001757 389.333313 202.666702 0.092830 0.030009 1.000000
0.009394 389.333313 202.666702 -0.000142 -0.001029 0.000000
0.017032 389.333313 203.555603 -0.000142 0.030009 0.000000
0.001757 385.777802 203.555603 -0.124105 -0.001029 0.000000
0.017032 379.555511 203.555603 -0.217082 -0.001029 0.000000
0.004303 370.666687 201.777802 -0.310051 -0.063104 0.000000
0.014486 359.111115 199.111099 -0.403027 -0.094141 0.000000
0.001757 344.888885 195.555603 -0.496000 -0.125175 0.000000
0.004303 344.888885 195.555603 -0.000142 -0.001029 0.000000
0.022123 309.333313 184.888901 -1.239787 -0.373476 0.000000
0.019577 289.777802 178.666702 -0.681945 -0.218288 0.000000
0.009394 269.333313 171.555603 -0.712939 -0.249326 0.000000
0.014486 248.888901 163.555603 -0.712937 -0.280363 0.000000
0.009394 229.333298 154.666702 -0.681948 -0.311401 0.000000
0.047580 187.555603 128.888901 -1.456721 -0.901108 0.000000
0.042489 172.444397 114.666702 -0.526994 -0.497623 0.000000
0.019577 167.111099 107.555603 -0.186088 -0.249326 1.000000
0.009394 163.555603 101.333298 -0.124105 -0.218292 2.000000
0.045035 156.444397 89.777779 -0.248074 -0.404511 2.000000
0.042489 144.888901 72.000000 -0.403025 -0.621772 2.000000
0.019577 142.222198 66.666656 -0.093117 -0.187252 2.000000
0.011940 139.555603 62.222221 -0.093113 -0.156214 2.000000
0.047580 138.666702 52.444439 -0.031134 -0.342438 2.000000
0.047580 145.777802 43.555561 0.247786 -0.311400 2.000000
0.042489 164.444397 32.000000 0.650669 -0.404512 2.000000
0.017032 172.444397 29.333330 0.278778 -0.094140 3.000000
0.009394 179.555603 26.666670 0.247790 -0.094140 3.000000
0.017032 187.555603 25.777781 0.278778 -0.032066 0.000000
0.006849 196.444397 25.777781 0.309766 -0.001029 0.000000
0.052672 213.333298 26.666670 0.588689 0.030009 0.000000
0.052672 244.444397 39.111111 1.084546 0.433492 0.000000
0.014486 254.222198 46.222221 0.340761 0.247269 0.000000
0.045035 273.777802 59.555561 0.681664 0.464529 0.000000
0.009394 282.666687 66.666656 0.309769 0.247268 0.000000
0.022123 298.666687 78.222221 0.557698 0.402455 0.000000
0.006849 305.777802 82.666656 0.247787 0.154157 3.000000
0.022123 312.888885 86.222221 0.247786 0.123120 3.000000
0.009394 320.888885 88.888893 0.278778 0.092083 2.000000
0.019577 328.000000 91.555557 0.247787 0.092083 2.000000
0.042489 341.333313 96.888893 0.464724 0.185195 2.000000
0.042489 354.666687 104.000000 0.464726 0.247269 2.000000
0.006849 356.444489 104.888901 0.061841 0.030009 2.000000
0.017032 356.444489 105.777802 -0.000142 0.030009 2.000000
0.004303 356.444489 105.777802 -0.000142 -0.001029 2.000000
0.014486 356.444489 105.777802 -0.000142 -0.001029 2.000000
0.004303 356.444489 105.777802 -0.000142 -0.001029 2.000000
0.014486 356.444489 106.666702 -0.000142 0.030009 2.000000
0.004303 356.444489 106.666702 -0.000142 -0.001029 2.000000
0.004303 355.555511 106.666702 -0.031136 -0.001029 1.000000
0.014486 355.555511 106.666702 -0.000142 -0.001029 1.000000
0.037397 355.555511 106.666702 -0.000142 -0.001029 0.000000
0.006849 355.555511 107.555603 -0.000142 0.030009 0.000000
0.037397 356.444489 112.888901 0.030852 0.185193 0.000000
0.037397 361.777802 122.666702 0.185804 0.340381 0.000000
0.006849 367.111115 128.000000 0.185804 0.185193 0.000000
0.014486 373.333313 134.222198 0.216795 0.216231 0.000000
0.001757 380.444489 139.555603 0.247789 0.185197 0.000000
0.014486 388.444489 146.666702 0.278778 0.247268 0.000000
0.001757 396.444489 154.666702 0.278778 0.278306 0.000000
0.011940 403.555511 163.555603 0.247784 0.309344 0.000000
0.001757 409.777802 173.333298 0.216798 0.340378 0.000000
0.004303 409.777802 173.333298 -0.000142 -0.001029 0.000000
0.034852 415.111115 194.666702 0.185804 0.743866 0.000000
0.017032 409.777802 215.111099 -0.186088 0.712825 1.000000
0.004303 409.777802 215.111099 -0.000142 -0.001029 1.000000
0.039943 386.666687 242.666702 -0.805911 0.961126 2.000000
0.037397 375.111115 249.777802 -0.403027 0.247268 2.000000
0.006849 363.555511 256.888885 -0.403028 0.247268 2.000000
0.017032 331.555511 267.555511 -1.115822 0.371416 2.000000
0.001757 331.555511 267.555511 -0.000142 -0.001029 2.000000
0.006849 312.000000 272.888885 -0.681945 0.185196 2.000000
0.029760 267.555511 281.777802 -1.549699 0.309344 2.000000
0.019577 243.555603 286.222198 -0.836899 0.154156 2.000000
0.004303 220.444397 289.777802 -0.805914 0.123122 2.000000
0.014486 199.111099 292.444489 -0.743928 0.092084 2.000000
0.001757 182.222198 294.222198 -0.588974 0.061043 2.000000
0.001757 182.222198 294.222198 -0.000142 -0.001029 2.000000
0.014486 163.555603 296.000000 -0.650953 0.061047 0.000000
0.009394 163.555603 296.000000 -0.000142 -0.001029 0.000000
0.022123 159.111099 296.000000 -0.155100 -0.001029 0.000000
0.006849 159.111099 296.000000 -0.000142 -0.001029 0.000000
0.017032 163.555603 296.000000 0.154815 -0.001029 0.000000
0.006849 170.666702 294.222198 0.247786 -0.063104 0.000000
0.019577 179.555603 291.555511 0.309769 -0.094141 0.000000
0.004303 191.111099 288.888885 0.402740 -0.094139 0.000000
0.019577 204.444397 286.222198 0.464723 -0.094141 0.000000
0.001757 219.555603 283.555511 0.526710 -0.094141 0.000000
0.014486 235.555603 281.777802 0.557698 -0.063101 0.000000
0.006849 252.444397 279.111115 0.588686 -0.094141 0.000000
0.014486 270.222198 278.222198 0.619681 -0.032067 0.000000
0.006849 287.111115 276.444489 0.588690 -0.063101 0.000000
0.004303 303.111115 274.666687 0.557698 -0.063104 0.000000
0.019577 319.111115 272.000000 0.557698 -0.094141 0.000000
0.006849 332.444489 269.333313 0.464726 -0.094141 0.000000
0.032306 352.000000 264.000000 0.681661 -0.187251 1.000000
0.017032 357.333313 259.555511 0.185804 -0.156216 1.000000
0.006849 360.888885 255.111099 0.123823 -0.156213 1.000000
0.017032 360.000000 241.777802 -0.031133 -0.466585 2.000000
-0.000788 360.000000 241.777802 -0.000142 -0.001029 2.000000
0.050126 348.444489 228.444397 -0.403025 -0.466589 2.000000
0.039943 330.666687 217.777802 -0.619965 -0.373472 2.000000
0.062855 290.666687 199.111099 -1.394742 -0.652811 2.000000
0.024669 280.888885 192.888901 -0.341045 -0.218288 2.000000
0.042489 262.222198 180.444397 -0.650956 -0.435551 2.000000
0.004303 254.222198 173.333298 -0.279062 -0.249326 2.000000
0.014486 248.000000 168.000000 -0.217079 -0.187250 1.000000
0.004303 241.777802 162.666702 -0.217079 -0.187250 0.000000
0.034852 230.222198 156.444397 -0.403028 -0.218292 0.000000
0.055218 218.666702 155.555603 -0.403025 -0.032062 0.000000
0.029760 205.333298 161.777802 -0.465011 0.216231 0.000000
0.052672 193.777802 169.777802 -0.403025 0.278306 0.000000
0.034852 183.111099 178.666702 -0.372037 0.309344 0.000000
0.060309 167.111099 194.666702 -0.557982 0.557641 0.000000
0.001757 161.777802 200.888901 -0.186088 0.216231 0.000000
0.009394 154.666702 208.000000 -0.248071 0.247268 0.000000
-0.000788 154.666702 208.000000 -0.000142 -0.001029 0.000000
0.014486 146.666702 216.000000 -0.279062 0.278306 0.000000
-0.000788 137.777802 224.000000 -0.310054 0.278306 0.000000
0.004303 128.000000 232.888901 -0.341045 0.309344 1.000000
0.014486 117.333298 242.666702 -0.372037 0.340381 1.000000
0.001757 106.666702 250.666702 -0.372033 0.278306 1.000000
0.014486 96.000000 258.666687 -0.372037 0.278306 2.000000
0.001757 87.111107 264.888885 -0.310053 0.216231 2.000000
-0.000788 87.111107 264.888885 -0.000142 -0.001029 2.000000
0.014486 79.111107 268.444489 -0.279062 0.123122 2.000000
-0.000788 72.888893 271.111115 -0.217080 0.092082 2.000000
0.004303 67.555557 272.000000 -0.186089 0.030009 2.000000
0.011940 64.000000 272.000000 -0.124107 -0.001029 2.000000
0.001757 60.444439 271.111115 -0.124107 -0.032066 2.000000
0.014486 57.777779 267.555511 -0.093115 -0.125179 2.000000
0.001757 57.777779 267.555511 -0.000142 -0.001029 2.000000
-0.000788 55.111111 264.000000 -0.093116 -0.125176 2.000000
0.017032 53.333328 258.666687 -0.062125 -0.187251 2.000000
0.060309 46.222221 239.111099 -0.248071 -0.683848 2.000000
0.034852 42.666672 224.000000 -0.124106 -0.528660 2.000000
0.047580 40.888889 205.333298 -0.062125 -0.652811 2.000000
0.004303 40.888889 194.666702 -0.000142 -0.373472 0.000000
0.032306 46.222221 171.555603 0.185804 -0.807995 0.000000
0.042489 52.444439 151.111099 0.216795 -0.714886 0.000000
0.014486 54.222221 143.111099 0.061840 -0.280363 0.000000
0.009394 54.222221 137.777802 -0.000142 -0.187250 0.000000
0.045035 54.222221 131.555603 -0.000142 -0.218288 0.000000
0.037397 48.888889 128.000000 -0.186089 -0.125179 0.000000
0.047580 37.333328 128.000000 -0.403027 -0.001029 0.000000
0.039943 28.444441 138.666702 -0.310053 0.371419 0.000000
0.042489 22.222219 159.111099 -0.217080 0.712825 1.000000
0.001757 22.222219 159.111099 -0.000142 -0.001029 1.000000
0.037397 22.222219 184.888901 -0.000142 0.899050 1.000000
0.039943 38.222221 225.777802 0.557698 1.426682 2.000000
0.039943 53.333328 248.888901 0.526707 0.805938 2.000000
0.042489 70.222221 266.666687 0.588689 0.619715 2.000000
0.055218 83.555557 278.222198 0.464725 0.402453 2.000000
0.045035 92.444443 285.333313 0.309769 0.247269 2.000000
0.029760 96.888893 287.111115 0.154814 0.061047 2.000000
0.004303 100.444397 287.111115 0.123820 -0.001029 2.000000
0.014486 104.888901 283.555511 0.154815 -0.125179 0.000000
0.006849 111.111099 278.222198 0.216795 -0.187251 0.000000
0.045035 128.000000 258.666687 0.588689 -0.683845 0.000000
0.050126 160.000000 211.555603 1.115538 -1.645998 0.000000
0.037397 170.666702 192.888901 0.371752 -0.652811 0.000000
-0.000788 180.444397 173.333298 0.340757 -0.683848 0.000000
0.011940 189.333298 155.555603 0.309769 -0.621769 0.000000
0.001757 197.333298 140.444397 0.278778 -0.528664 0.000000
0.032306 211.555603 117.333298 0.495719 -0.807995 0.000000
0.055218 223.111099 105.777802 0.402740 -0.404510 0.000000
0.034852 232.888901 101.333298 0.340761 -0.156217 0.000000
0.034852 243.555603 100.444397 0.371752 -0.032066 0.000000
0.001757 248.888901 101.333298 0.185803 0.030009 1.000000
0.019577 256.000000 104.888901 0.247786 0.123122 1.000000
0.001757 263.111115 108.444397 0.247787 0.123118 1.000000
0.014486 270.222198 113.777802 0.247786 0.185197 2.000000
0.004303 278.222198 118.222198 0.278778 0.154156 2.000000
0.006849 285.333313 121.777802 0.247787 0.123122 2.000000
0.014486 293.333313 126.222198 0.278778 0.154156 2.000000
0.006849 300.444489 129.777802 0.247789 0.123122 2.000000
0.014486 308.444489 133.333298 0.278778 0.123118 2.000000
0.004303 315.555511 136.888901 0.247784 0.123122 2.000000
0.014486 323.555511 140.444397 0.278778 0.123118 2.000000
0.001757 330.666687 144.000000 0.247789 0.123122 2.000000
0.004303 330.666687 144.000000 -0.000142 -0.001029 2.000000
0.014486 345.777802 151.111099 0.526707 0.247268 2.000000
0.006849 345.777802 151.111099 -0.000142 -0.001029 2.000000
0.014486 361.777802 156.444397 0.557698 0.185193 2.000000
0.004303 361.777802 156.444397 -0.000142 -0.001029 2.000000
0.017032 376.888885 159.111099 0.526706 0.092084 1.000000
0.004303 376.888885 159.111099 -0.000142 -0.001029 1.000000
0.004303 383.111115 159.111099 0.216796 -0.001029 0.000000
0.014486 389.333313 159.111099 0.216795 -0.001029 0.000000
0.055218 406.222198 152.000000 0.588689 -0.249326 0.000000
0.034852 420.444489 144.000000 0.495718 -0.280363 0.000000
0.060309 443.555511 121.777802 0.805624 -0.776957 0.000000
0.034852 450.666687 112.000000 0.247789 -0.342438 0.000000
0.057763 465.777802 87.111107 0.526707 -0.870070 0.000000
0.011940 468.444489 80.888893 0.092832 -0.218288 0.000000
0.004303 471.111115 75.555557 0.092830 -0.187252 0.000000
0.042489 472.888885 70.222221 0.061840 -0.187252 0.000000
0.014486 473.777802 68.444443 0.030850 -0.063103 1.000000
0.001757 473.777802 68.444443 -0.000142 -0.001029 1.000000
0.006849 473.777802 67.555557 -0.000142 -0.032066 2.000000
0.037397 473.777802 68.444443 -0.000142 0.030009 2.000000
0.039943 471.111115 77.333344 -0.093116 0.309344 2.000000
0.055218 464.000000 91.555557 -0.248071 0.495566 2.000000
0.014486 452.444489 104.888901 -0.403025 0.464529 2.000000
0.001757 452.444489 104.888901 -0.000142 -0.001029 2.000000
0.057763 425.777802 120.000000 -0.929876 0.526603 2.000000
0.037397 409.777802 123.555603 -0.557982 0.123122 2.000000
0.011940 403.555511 123.555603 -0.217082 -0.001029 2.000000
0.001757 398.222198 121.777802 -0.186088 -0.063104 2.000000
0.039943 388.444489 112.888901 -0.341042 -0.311401 0.000000
0.009394 383.111115 106.666702 -0.186090 -0.218288 0.000000
0.039943 372.444489 93.333344 -0.372034 -0.466587 0.000000
0.045035 361.777802 78.222221 -0.372036 -0.528661 0.000000
0.017032 355.555511 71.111107 -0.217082 -0.249326 0.000000
0.011940 350.222198 64.000000 -0.186088 -0.249326 0.000000
0.047580 333.333313 48.000000 -0.588973 -0.559698 0.000000
0.047580 323.555511 40.000000 -0.341045 -0.280363 0.000000
0.045035 312.888885 34.666672 -0.372034 -0.187251 0.000000
0.047580 301.333313 30.222219 -0.403027 -0.156215 1.000000
0.045035 278.222198 27.555559 -0.805911 -0.094140 2.000000
0.055218 259.555511 28.444441 -0.650956 0.030008 2.000000
0.024669 243.555603 32.000000 -0.557979 0.123120 2.000000
0.037397 229.333298 35.555561 -0.496003 0.123120 2.000000
0.039943 216.000000 39.111111 -0.465008 0.123120 2.000000
0.060309 202.666702 43.555561 -0.465008 0.154158 2.000000
0.034852 186.666702 48.888889 -0.557982 0.185194 2.000000
0.022123 170.666702 52.444439 -0.557982 0.123120 2.000000
0.014486 164.444397 53.333328 -0.217083 0.030009 0.000000
0.045035 153.777802 55.111111 -0.372033 0.061046 0.000000
0.050126 145.777802 56.000000 -0.279062 0.030009 0.000000
0.017032 138.666702 57.777779 -0.248071 0.061046 0.000000
0.022123 135.111099 58.666672 -0.124108 0.030009 0.000000
0.047580 121.777802 65.777779 -0.465008 0.247269 0.000000
0.045035 113.777802 71.111107 -0.279062 0.185194 0.000000
0.004303 113.777802 71.111107 -0.000142 -0.001029 0.000000
0.024669 107.555603 74.666656 -0.217079 0.123120 0.000000
0.006849 106.666702 75.555557 -0.031134 0.030009 0.000000
0.047580 104.888901 76.444443 -0.062125 0.030009 0.000000
0.017032 104.000000 76.444443 -0.031134 -0.001029 1.000000
0.004303 104.000000 76.444443 -0.000142 -0.001029 1.000000
0.017032 97.777779 80.000000 -0.217080 0.123120 1.000000
0.001757 97.777779 80.000000 -0.000142 -0.001029 1.000000
0.006849 93.333344 82.666656 -0.155097 0.092083 2.000000
0.019577 88.888893 86.222221 -0.155098 0.123120 2.000000
0.006849 84.444443 88.888893 -0.155098 0.092083 2.000000
0.017032 74.666656 95.111107 -0.341045 0.216231 2.000000
0.004303 74.666656 95.111107 -0.000142 -0.001029 2.000000
0.017032 69.333344 100.444397 -0.186088 0.185193 2.000000
0.004303 69.333344 100.444397 -0.000142 -0.001029 2.000000
0.022123 66.666656 104.000000 -0.093116 0.123122 2.000000
0.009394 65.777779 106.666702 -0.031133 0.092084 2.000000
0.017032 64.000000 109.333298 -0.062124 0.092080 2.000000
0.014486 62.222221 112.888901 -0.062124 0.123122 2.000000
0.062855 56.888889 127.111099 -0.186089 0.495565 0.000000
0.047580 56.888889 140.444397 -0.000142 0.464528 0.000000
0.001757 56.888889 140.444397 -0.000142 -0.001029 0.000000
0.047580 77.333344 141.333298 0.712654 0.030009 0.000000
0.050126 104.000000 128.000000 0.929591 -0.466585 0.000000
0.047580 140.444397 110.222198 1.270492 -0.621773 0.000000
0.045035 180.444397 96.000000 1.394458 -0.497623 0.000000
0.014486 221.333298 88.888893 1.425449 -0.249326 0.000000
0.004303 221.333298 88.888893 -0.000142 -0.001029 0.000000
0.017032 256.000000 86.222221 1.208512 -0.094140 0.000000
0.004303 256.000000 86.222221 -0.000142 -0.001029 0.000000
0.006849 269.333313 86.222221 0.464724 -0.001029 0.000000
0.017032 288.000000 88.888893 0.650672 0.092083 1.000000
0.009394 288.000000 88.888893 -0.000142 -0.001029 1.000000
0.017032 296.000000 96.888893 0.278778 0.278306 1.000000
0.006849 296.000000 104.000000 -0.000142 0.247269 2.000000
0.017032 294.222198 112.000000 -0.062125 0.278306 2.000000
0.004303 294.222198 112.000000 -0.000142 -0.001029 2.000000
0.014486 280.000000 132.444397 -0.495999 0.712825 2.000000
0.001757 271.111115 144.000000 -0.310053 0.402456 2.000000
0.004303 271.111115 144.000000 -0.000142 -0.001029 2.000000
0.011940 263.111115 156.444397 -0.279062 0.433490 2.000000
0.004303 256.888885 168.888901 -0.217080 0.433494 2.000000
0.017032 249.777802 192.000000 -0.248070 0.805938 2.000000
0.001757 249.777802 192.000000 -0.000142 -0.001029 2.000000
0.017032 248.888901 201.777802 -0.031134 0.340381 2.000000
0.004303 248.888901 210.666702 -0.000142 0.309344 2.000000
0.004303 249.777802 218.666702 0.030849 0.278306 2.000000
0.014486 252.444397 225.777802 0.092829 0.247268 2.000000
0.001757 254.222198 231.111099 0.061841 0.185193 2.000000
0.037397 258.666687 238.222198 0.154815 0.247268 2.000000
0.022123 260.444489 240.888901 0.061841 0.092084 0.000000
0.006849 260.444489 240.888901 -0.000142 -0.001029 0.000000
0.055218 254.222198 241.777802 -0.217082 0.030009 0.000000
0.019577 249.777802 240.000000 -0.155096 -0.063104 0.000000
0.004303 245.333298 235.555603 -0.155100 -0.156213 0.000000
0.014486 240.888901 229.333298 -0.155096 -0.218292 0.000000
0.001757 239.111099 220.444397 -0.062125 -0.311401 0.000000
0.017032 239.111099 209.777802 -0.000142 -0.373472 0.000000
0.004303 240.000000 197.333298 0.030849 -0.435551 0.000000
0.004303 240.000000 197.333298 -0.000142 -0.001029 0.000000
0.014486 250.666702 173.333298 0.371752 -0.839032 0.000000
0.004303 258.666687 163.555603 0.278777 -0.342435 0.000000
0.017032 267.555511 156.444397 0.309767 -0.249329 0.000000
0.004303 267.555511 156.444397 -0.000142 -0.001029 0.000000
0.017032 288.000000 145.777802 0.712655 -0.373472 0.000000
0.004303 300.444489 142.222198 0.433735 -0.125179 1.000000
0.022123 312.000000 139.555603 0.402741 -0.094138 1.000000
0.006849 325.333313 138.666702 0.464724 -0.032066 1.000000
0.019577 337.777802 137.777802 0.433735 -0.032066 2.000000
0.011940 350.222198 137.777802 0.433732 -0.001029 2.000000
0.047580 371.555511 139.555603 0.743644 0.061047 2.000000
0.045035 374.222198 141.333298 0.092832 0.061043 2.000000
0.037397 362.666687 147.555603 -0.403025 0.216235 2.000000
0.039943 337.777802 159.111099 -0.867893 0.402453 2.000000
0.039943 305.777802 174.222198 -1.115822 0.526603 2.000000
0.062855 248.000000 203.555603 -2.014565 1.023201 2.000000
0.019577 228.444397 213.333298 -0.681948 0.340378 0.000000
0.006849 208.000000 224.000000 -0.712936 0.371419 0.000000
0.045035 169.777802 243.555603 -1.332759 0.681791 0.000000
0.032306 136.888901 262.222198 -1.146814 0.650750 0.000000
0.055218 109.333298 285.333313 -0.960868 0.805938 0.000000
0.032306 106.666702 290.666687 -0.093113 0.185196 0.000000
0.001757 106.666702 295.111115 -0.000142 0.154157 0.000000
0.034852 113.777802 299.555511 0.247786 0.154156 0.000000
0.047580 129.777802 297.777802 0.557698 -0.063101 0.000000
0.032306 149.333298 285.333313 0.681660 -0.435551 0.000000
0.001757 159.111099 277.333313 0.340761 -0.280363 1.000000
0.029760 167.111099 267.555511 0.278778 -0.342438 1.000000
0.034852 181.333298 243.555603 0.495715 -0.839029 2.000000
0.001757 186.666702 229.333298 0.185807 -0.497626 2.000000
0.032306 189.333298 213.333298 0.092829 -0.559698 2.000000
0.001757 189.333298 180.444397 -0.000142 -1.149405 2.000000
0.011940 189.333298 180.444397 -0.000142 -0.001029 2.000000
-0.000788 184.888901 165.333298 -0.155096 -0.528660 2.000000
0.052672 153.777802 135.111099 -1.084831 -1.056292 2.000000
0.032306 138.666702 133.333298 -0.526991 -0.063104 2.000000
0.014486 106.666702 142.222198 -1.115822 0.309344 2.000000
0.004303 106.666702 142.222198 -0.000142 -0.001029 2.000000
0.004303 91.555557 152.000000 -0.526992 0.340381 2.000000
0.014486 79.111107 163.555603 -0.434018 0.402456 2.000000
0.001757 70.222221 177.777802 -0.310053 0.495565 3.000000
0.014486 63.111111 192.888901 -0.248071 0.526603 3.000000
0.006849 59.555561 210.666702 -0.124106 0.619716 0.000000
0.011940 57.777779 230.222198 -0.062125 0.681787 0.000000
0.001757 57.777779 249.777802 -0.000142 0.681791 0.000000
0.001757 57.777779 249.777802 -0.000142 -0.001029 0.000000
0.014486 57.777779 288.000000 -0.000142 1.333569 0.000000
0.001757 57.777779 288.000000 -0.000142 -0.001029 0.000000
0.014486 57.777779 316.444489 -0.000142 0.992163 0.000000
0.004303 57.777779 316.444489 -0.000142 -0.001029 0.000000
0.004303 57.777779 328.000000 -0.000142 0.402453 0.000000
0.017032 56.000000 336.888885 -0.062124 0.309343 0.000000
0.001757 53.333328 344.000000 -0.093116 0.247269 0.000000
0.017032 51.555561 348.444489 -0.062124 0.154159 0.000000
0.004303 50.666672 352.000000 -0.031133 0.123119 0.000000
0.062855 53.333328 352.888885 0.092831 0.030009 0.000000
0.014486 57.777779 352.000000 0.154814 -0.032066 1.000000
0.004303 64.888893 348.444489 0.247787 -0.125176 1.000000
0.017032 72.888893 344.888885 0.278778 -0.125179 2.000000
0.004303 82.666656 339.555511 0.340760 -0.187253 2.000000
0.034852 106.666702 325.333313 0.836619 -0.497623 2.000000
0.055218 134.222198 305.777802 0.960580 -0.683845 2.000000
0.017032 164.444397 279.111115 1.053555 -0.932145 2.000000
0.006849 179.555603 264.000000 0.526710 -0.528661 2.000000
0.034852 194.666702 250.666702 0.526706 -0.466585 2.000000
0.060309 241.777802 224.000000 1.642386 -0.932145 2.000000
0.034852 266.666687 217.777802 0.867609 -0.218288 2.000000
0.014486 285.333313 216.888901 0.650670 -0.032066 0.000000
0.024669 290.666687 218.666702 0.185806 0.061047 0.000000
0.029760 296.888885 224.888901 0.216795 0.216231 0.000000
0.055218 300.444489 234.666702 0.123824 0.340381 0.000000
0.052672 304.888885 248.000000 0.154812 0.464528 0.000000
0.011940 313.777802 261.333313 0.309770 0.464528 0.000000
0.001757 313.777802 261.333313 -0.000142 -0.001029 0.000000
0.052672 334.222198 275.555511 0.712652 0.495565 0.000000
0.034852 350.222198 280.000000 0.557698 0.154159 0.000000
0.057763 365.333313 280.000000 0.526707 -0.001029 0.000000
0.034852 388.444489 269.333313 0.805629 -0.373475 1.000000
0.014486 388.444489 269.333313 -0.000142 -0.001029 1.000000
0.022123 405.333313 255.111099 0.588687 -0.497623 2.000000
0.014486 414.222198 245.333298 0.309769 -0.342438 2.000000
0.001757 423.111115 234.666702 0.309770 -0.373472 2.000000
0.057763 441.777802 215.111099 0.650672 -0.683848 2.000000
0.042489 457.777802 200.888901 0.557698 -0.497623 2.000000
0.032306 469.333313 192.000000 0.402741 -0.311401 2.000000
0.042489 477.333313 187.555603 0.278778 -0.156213 2.000000
0.045035 486.222198 188.444397 0.309769 0.030005 2.000000
0.032306 490.666687 193.777802 0.154815 0.185197 0.000000
0.014486 490.666687 193.777802 -0.000142 -0.001029 0.000000
0.067946 497.777802 214.222198 0.247787 0.712825 0.000000
0.004303 497.777802 214.222198 -0.000142 -0.001029 0.000000
0.024669 498.666687 226.666702 0.030849 0.433494 0.000000
0.009394 498.666687 232.888901 -0.000142 0.216231 0.000000
0.055218 494.222198 245.333298 -0.155099 0.433490 0.000000
0.062855 478.222198 259.555511 -0.557982 0.495566 0.000000
0.039943 461.333313 264.000000 -0.588973 0.154159 0.000000
0.029760 438.222198 264.000000 -0.805911 -0.001029 0.000000
0.017032 424.888885 260.444489 -0.465008 -0.125176 1.000000
0.006849 410.666687 255.111099 -0.495999 -0.187254 1.000000
0.017032 383.111115 242.666702 -0.960867 -0.435547 2.000000
0.006849 383.111115 242.666702 -0.000142 -0.001029 2.000000
0.034852 350.222198 227.555603 -1.146814 -0.528660 2.000000
0.060309 289.777802 207.111099 -2.107536 -0.714886 2.000000
0.011940 268.444489 201.777802 -0.743928 -0.187250 2.000000
0.009394 248.000000 198.222198 -0.712939 -0.125179 2.000000
0.009394 229.333298 194.666702 -0.650957 -0.125175 2.000000
0.004303 211.555603 192.000000 -0.619962 -0.094141 2.000000
0.057763 182.222198 188.444397 -1.022851 -0.125179 2.000000
0.037397 160.000000 188.444397 -0.774919 -0.001029 2.000000
0.019577 139.555603 189.333298 -0.712936 0.030009 3.000000
0.001757 139.555603 189.333298 -0.000142 -0.001029 3.000000
0.034852 121.777802 192.888901 -0.619965 0.123122 0.000000
0.009394 113.777802 193.777802 -0.279062 0.030009 0.000000
0.042489 100.444397 198.222198 -0.465011 0.154156 0.000000
0.034852 87.111107 203.555603 -0.465007 0.185197 0.000000
0.017032 80.888893 207.111099 -0.217080 0.123118 0.000000
0.004303 75.555557 209.777802 -0.186089 0.092084 0.000000
0.060309 61.333328 217.777802 -0.496000 0.278306 0.000000
0.014486 56.888889 220.444397 -0.155098 0.092080 0.000000
0.004303 53.333328 221.333298 -0.124107 0.030009 0.000000
0.017032 48.888889 223.111099 -0.155098 0.061047 0.000000
0.004303 44.444439 224.000000 -0.155098 0.030009 0.000000
0.017032 40.888889 224.000000 -0.124106 -0.001029 0.000000
0.004303 39.111111 224.888901 -0.062124 0.030009 2.000000
0.017032 37.333328 224.888901 -0.062125 -0.001029 2.000000
0.001757 37.333328 224.888901 -0.000142 -0.001029 2.000000
0.004303 37.333328 224.888901 -0.000142 -0.001029 2.000000
0.011940 40.888889 221.333298 0.123822 -0.125179 2.000000
-0.000788 40.888889 221.333298 -0.000142 -0.001029 2.000000
0.014486 55.111111 209.777802 0.495716 -0.404510 2.000000
-0.000788 55.111111 209.777802 -0.000142 -0.001029 2.000000
0.004303 65.777779 202.666702 0.371751 -0.249326 2.000000
0.017032 77.333344 194.666702 0.402743 -0.280363 2.000000
0.001757 89.777779 187.555603 0.433733 -0.249326 2.000000
0.017032 104.000000 180.444397 0.495716 -0.249329 2.000000
0.027215 134.222198 168.888901 1.053555 -0.404510 2.000000
0.042489 164.444397 158.222198 1.053555 -0.373476 2.000000
0.034852 189.333298 147.555603 0.867609 -0.373472 1.000000
0.037397 207.111099 136.888901 0.619681 -0.373476 0.000000
0.001757 214.222198 131.555603 0.247786 -0.187250 0.000000
0.037397 218.666702 127.111099 0.154815 -0.156217 0.000000
0.037397 222.222198 117.333298 0.123820 -0.342438 0.000000
0.060309 217.777802 106.666702 -0.155096 -0.373472 0.000000
0.034852 207.111099 104.888901 -0.372037 -0.063104 0.000000
0.017032 198.222198 107.555603 -0.310054 0.092084 0.000000
0.001757 187.555603 113.777802 -0.372033 0.216231 0.000000
0.060309 156.444397 150.222198 -1.084834 1.271494 0.000000
0.017032 149.333298 168.000000 -0.248071 0.619716 1.000000
0.006849 144.000000 187.555603 -0.186088 0.681791 2.000000
0.032306 137.777802 232.888901 -0.217079 1.581866 2.000000
0.052672 137.777802 276.444489 -0.000142 1.519794 2.000000
0.037397 138.666702 312.888885 0.030849 1.271494 2.000000
0.075583 141.333298 353.777802 0.092829 1.426683 2.000000
0.029760 142.222198 367.111115 0.030849 0.464528 2.000000
0.037397 145.777802 369.777802 0.123824 0.092084 2.000000
0.039943 152.888901 360.000000 0.247786 -0.342438 3.000000
0.017032 164.444397 330.666687 0.402740 -1.025255 0.000000
0.006849 164.444397 330.666687 -0.000142 -0.001029 0.000000
0.057763 188.444397 254.222198 0.836618 -2.670227 0.000000
0.037397 210.666702 198.222198 0.774638 -1.956371 0.000000
0.047580 237.333298 154.666702 0.929589 -1.521848 0.000000
0.045035 266.666687 126.222198 1.022566 -0.994220 0.000000
0.014486 293.333313 110.222198 0.929590 -0.559698 0.000000
0.001757 293.333313 110.222198 -0.000142 -0.001029 0.000000
0.047580 316.444489 104.000000 0.805629 -0.218288 0.000000
0.052672 333.333313 113.777802 0.588687 0.340381 0.000000
0.014486 333.333313 125.333298 -0.000142 0.402453 1.000000
0.019577 319.111115 159.111099 -0.495999 1.178385 1.000000
0.011940 307.555511 177.777802 -0.403028 0.650753 2.000000
-0.000788 307.555511 177.777802 -0.000142 -0.001029 2.000000
0.050126 264.888885 230.222198 -1.487714 1.830163 2.000000
0.052672 239.111099 262.222198 -0.898885 1.116310 2.000000
0.029760 222.222198 284.444489 -0.588974 0.774903 2.000000
0.001757 222.222198 284.444489 -0.000142 -0.001029 2.000000
0.032306 216.000000 296.888885 -0.217079 0.433490 2.000000
0.073038 227.555603 302.222198 0.402744 0.185194 2.000000
0.006849 227.555603 302.222198 -0.000142 -0.001029 3.000000
0.004303 235.555603 300.444489 0.278778 -0.063101 3.000000
0.019577 256.888885 291.555511 0.743643 -0.311403 0.000000
0.006849 256.888885 291.555511 -0.000142 -0.001029 0.000000
0.017032 284.444489 278.222198 0.960584 -0.466585 0.000000
0.009394 299.555511 269.333313 0.526704 -0.311400 0.000000
0.009394 317.333313 258.666687 0.619681 -0.373473 0.000000
0.006849 317.333313 258.666687 -0.000142 -0.001029 0.000000
0.017032 350.222198 233.777802 1.146529 -0.870069 0.000000
0.006849 365.333313 220.444397 0.526707 -0.466589 0.000000
0.017032 378.666687 209.777802 0.464726 -0.373472 0.000000
0.009394 390.222198 200.000000 0.402741 -0.342438 0.000000
0.017032 399.111115 192.888901 0.309770 -0.249326 0.000000
0.009394 407.111115 186.666702 0.278778 -0.218288 0.000000
0.017032 413.333313 181.333298 0.216795 -0.187254 0.000000
0.004303 420.444489 176.888901 0.247789 -0.156213 0.000000
0.017032 433.777802 168.000000 0.464724 -0.311401 0.000000
0.006849 433.777802 168.000000 -0.000142 -0.001029 1.000000
0.039943 446.222198 158.222198 0.433732 -0.342438 2.000000
0.006849 451.555511 153.777802 0.185804 -0.156213 2.000000
0.045035 457.777802 148.444397 0.216798 -0.187254 2.000000
0.042489 450.666687 146.666702 -0.248071 -0.063100 2.000000
0.032306 442.666687 146.666702 -0.279062 -0.001029 2.000000
0.067946 404.444489 146.666702 -1.332759 -0.001029 2.000000
0.027215 372.444489 148.444397 -1.115822 0.061043 2.000000
0.039943 334.222198 148.444397 -1.332762 -0.001029 2.000000
0.017032 312.888885 147.555603 -0.743928 -0.032062 0.000000
0.037397 268.444489 143.111099 -1.549696 -0.156217 0.000000
0.024669 226.666702 138.666702 -1.456725 -0.156213 0.000000
0.037397 192.888901 136.888901 -1.177805 -0.063104 0.000000
0.073038 160.000000 134.222198 -1.146814 -0.094141 0.000000
0.024669 144.000000 134.222198 -0.557982 -0.001029 0.000000
0.039943 136.000000 136.000000 -0.279062 0.061047 0.000000
0.014486 128.888901 139.555603 -0.248071 0.123122 0.000000
0.001757 120.888901 144.888901 -0.279062 0.185193 0.000000
0.017032 105.777802 160.888901 -0.526991 0.557641 0.000000
0.004303 105.777802 160.888901 -0.000142 -0.001029 0.000000
0.022123 93.333344 180.444397 -0.434018 0.681787 1.000000
0.006849 88.000000 190.222198 -0.186089 0.340381 1.000000
0.006849 88.000000 190.222198 -0.000142 -0.001029 1.000000
0.017032 76.444443 210.666702 -0.403027 0.712829 2.000000
0.004303 76.444443 210.666702 -0.000142 -0.001029 2.000000
0.017032 63.111111 227.555603 -0.465009 0.588678 2.000000
0.004303 55.111111 234.666702 -0.279062 0.247268 2.000000
0.011940 48.888889 240.888901 -0.217080 0.216231 2.000000
0.004303 48.888889 240.888901 -0.000142 -0.001029 2.000000
0.017032 37.333328 248.000000 -0.403027 0.247268 2.000000
0.004303 33.777779 249.777802 -0.124106 0.061047 2.000000
0.017032 32.888889 249.777802 -0.031133 -0.001029 2.000000
0.029760 36.444439 244.444397 0.123822 -0.187254 2.000000
0.039943 42.666672 236.444397 0.216796 -0.280363 2.000000
0.037397 65.777779 212.444397 0.805627 -0.839032 2.000000
0.014486 103.111099 184.000000 1.301484 -0.994217 0.000000
0.024669 125.333298 170.666702 0.774635 -0.466585 0.000000
0.034852 176.000000 152.000000 1.766352 -0.652811 0.000000
0.075583 246.222198 146.666702 2.448155 -0.187250 0.000000
0.024669 276.444489 160.000000 1.053558 0.464528 0.000000
0.034852 288.888885 181.333298 0.433732 0.743862 0.000000
0.014486 289.777802 192.888901 0.030850 0.402456 0.000000
0.039943 284.444489 219.555603 -0.186088 0.930088 0.000000
0.039943 275.555511 245.333298 -0.310056 0.899047 0.000000
0.006849 272.000000 256.888885 -0.124105 0.402456 0.000000
0.004303 270.222198 267.555511 -0.062125 0.371416 0.000000
0.039943 270.222198 285.333313 -0.000142 0.619716 2.000000
0.052672 273.777802 299.555511 0.123824 0.495565 2.000000
0.029760 280.000000 312.000000 0.216795 0.433493 2.000000
0.019577 283.555511 318.222198 0.123821 0.216231 2.000000
0.022123 286.222198 322.666687 0.092832 0.154159 2.000000
0.037397 290.666687 329.777802 0.154815 0.247269 2.000000
0.067946 293.333313 338.666687 0.092830 0.309343 2.000000
0.001757 293.333313 338.666687 -0.000142 -0.001029 2.000000
0.004303 292.444489 342.222198 -0.031131 0.123119 2.000000
0.034852 287.111115 350.222198 -0.186090 0.278306 2.000000
0.039943 279.111115 359.111115 -0.279062 0.309344 0.000000
0.017032 275.555511 362.666687 -0.124108 0.123121 0.000000
0.001757 271.111115 365.333313 -0.155096 0.092082 0.000000
0.004303 268.444489 368.000000 -0.093114 0.092084 0.000000
0.039943 261.333313 371.555511 -0.248073 0.123119 0.000000
0.055218 251.555603 372.444489 -0.341042 0.030012 0.000000
0.060309 224.888901 364.444489 -0.929877 -0.280363 0.000000
0.024669 201.777802 351.111115 -0.805911 -0.466588 0.000000
0.067946 166.222198 320.888885 -1.239788 -1.056293 0.000000
0.022123 152.000000 309.333313 -0.495999 -0.404512 0.000000
0.065400 103.111099 280.000000 -1.704654 -1.025255 0.000000
0.001757 85.333344 272.888885 -0.619964 -0.249326 1.000000
0.009394 68.444443 267.555511 -0.588974 -0.187253 1.000000
0.009394 51.555561 263.111115 -0.588973 -0.156213 2.000000
0.022123 37.333328 259.555511 -0.496000 -0.125179 2.000000
0.039943 14.222220 256.000000 -0.805911 -0.125176 2.000000
0.011940 6.222222 255.111099 -0.279062 -0.032066 2.000000
0.006849 0.888889 254.222198 -0.186089 -0.032066 2.000000
0.039943 -6.222222 252.444397 -0.248071 -0.063104 2.000000
0.055218 -8.000000 247.111099 -0.062124 -0.187250 2.000000
0.034852 -8.000000 242.666702 -0.000142 -0.156213 2.000000
0.057763 2.666667 219.555603 0.371751 -0.807995 0.000000
0.011940 7.111111 210.666702 0.154813 -0.311401 0.000000
0.001757 12.444440 201.777802 0.185804 -0.311401 0.000000
0.052672 21.333330 186.666702 0.309769 -0.528660 0.000000
0.047580 27.555559 169.777802 0.216796 -0.590735 0.000000
0.017032 28.444441 165.333298 0.030849 -0.156217 0.000000
0.001757 29.333330 161.777802 0.030849 -0.125175 0.000000
0.055218 31.111111 152.888901 0.061840 -0.311401 0.000000
0.032306 35.555561 142.222198 0.154814 -0.373476 0.000000
0.017032 41.777779 128.888901 0.216795 -0.466585 0.000000
0.001757 41.777779 128.888901 -0.000142 -0.001029 0.000000
-0.003334 44.444439 122.666702 0.092831 -0.218288 0.000000
0.014486 48.000000 116.444397 0.123822 -0.218292 1.000000
0.009394 50.666672 112.000000 0.092831 -0.156213 1.000000
0.045035 54.222221 105.777802 0.123822 -0.218288 1.000000
0.011940 55.111111 104.888901 0.030849 -0.032066 2.000000
0.019577 55.111111 104.888901 -0.000142 -0.001029 2.000000
0.060309 57.777779 104.000000 0.092831 -0.032066 2.000000
0.024669 68.444443 104.000000 0.371751 -0.001029 2.000000
0.055218 85.333344 106.666702 0.588689 0.092084 2.000000
0.029760 104.000000 116.444397 0.650671 0.340378 2.000000
0.050126 122.666702 127.111099 0.650672 0.371419 2.000000
0.032306 140.444397 138.666702 0.619677 0.402456 0.000000
0.006849 150.222198 144.000000 0.340761 0.185193 0.000000
0.052672 184.000000 159.111099 1.177521 0.526603 0.000000
-0.000788 184.000000 159.111099 -0.000142 -0.001029 0.000000
0.032306 210.666702 166.222198 0.929592 0.247268 0.000000
0.019577 224.888901 168.000000 0.495715 0.061047 0.000000
0.047580 252.444397 168.888901 0.960580 0.030009 0.000000
0.011940 279.111115 165.333298 0.929593 -0.125179 0.000000
-0.000788 279.111115 165.333298 -0.000142 -0.001029 0.000000
-0.003334 291.555511 160.888901 0.433732 -0.156213 0.000000
0.060309 321.777802 138.666702 1.053558 -0.776957 0.000000
0.050126 326.222198 115.555603 0.154812 -0.807995 0.000000
0.019577 322.666687 101.333298 -0.124105 -0.497626 0.000000
0.050126 288.000000 63.111111 -1.208796 -1.335626 2.000000
0.047580 249.777802 50.666672 -1.332759 -0.435549 2.000000
0.062855 171.555603 56.000000 -2.727359 0.185194 2.000000
0.019577 143.111099 64.000000 -0.991860 0.278306 2.000000
0.055218 92.444443 86.222221 -1.766635 0.774901 2.000000
0.042489 50.666672 129.777802 -1.456724 1.519794 2.000000
0.014486 46.222221 146.666702 -0.155098 0.588678 3.000000
0.004303 46.222221 163.555603 -0.000142 0.588678 3.000000
0.006849 52.444439 179.555603 0.216795 0.557641 3.000000
0.001757 64.000000 192.888901 0.402742 0.464528 0.000000
0.006849 64.000000 192.888901 -0.000142 -0.001029 0.000000
0.047580 98.666656 209.777802 1.208511 0.588678 0.000000
0.062855 169.777802 216.000000 2.479148 0.216231 0.000000
-0.003334 193.777802 216.000000 0.836618 -0.001029 0.000000
-0.000788 193.777802 216.000000 -0.000142 -0.001029 0.000000
0.047580 252.444397 216.888901 2.045269 0.030009 0.000000
0.047580 269.333313 225.777802 0.588690 0.309344 0.000000
0.052672 264.888885 243.555603 -0.155097 0.619716 0.000000
0.032306 249.777802 250.666702 -0.526990 0.247268 2.000000
0.050126 240.000000 245.333298 -0.341045 -0.187254 2.000000
0.047580 243.555603 220.444397 0.123824 -0.870070 2.000000
0.067946 273.777802 156.444397 1.053555 -2.235705 2.000000
0.019577 288.000000 130.666702 0.495715 -0.901104 2.000000
0.050126 330.666687 60.444439 1.487432 -2.452967 2.000000
0.011940 339.555511 46.222221 0.309767 -0.497623 3.000000
0.001757 343.111115 38.222221 0.123824 -0.280363 3.000000
0.014486 342.222198 33.777779 -0.031134 -0.156214 3.000000
0.001757 334.222198 33.777779 -0.279062 -0.001029 0.000000
0.001757 334.222198 33.777779 -0.000142 -0.001029 0.000000
0.065400 272.000000 60.444439 -2.169519 0.930087 0.000000
0.019577 201.777802 107.555603 -2.448439 1.643944 0.000000
0.045035 125.333298 170.666702 -2.665380 2.202611 0.000000
0.014486 93.333344 202.666702 -1.115821 1.116310 0.000000
0.034852 56.000000 254.222198 -1.301769 1.799126 0.000000
0.022123 50.666672 272.000000 -0.186089 0.619716 0.000000
0.067946 74.666656 290.666687 0.836617 0.650753 0.000000
0.022123 125.333298 272.000000 1.766350 -0.652810 2.000000
0.052672 194.666702 239.111099 2.417167 -1.149405 2.000000
0.034852 269.333313 211.555603 2.603109 -0.963179 2.000000
0.070492 368.000000 190.222198 3.439872 -0.745923 2.000000
0.027215 414.222198 180.444397 1.611395 -0.342438 2.000000
0.067946 452.444489 169.777802 1.332478 -0.373472 2.000000
0.022123 456.888885 168.000000 0.154812 -0.063104 2.000000
0.014486 456.888885 168.000000 -0.000142 -0.001029 0.000000
0.004303 453.333313 168.000000 -0.124107 -0.001029 0.000000
0.057763 410.666687 178.666702 -1.487714 0.371419 0.000000
0.037397 363.555511 201.777802 -1.642673 0.805938 0.000000
0.065400 310.222198 247.111099 -1.859608 1.581866 0.000000
0.022123 302.222198 261.333313 -0.279062 0.495566 0.000000
0.070492 299.555511 294.222198 -0.093116 1.147347 0.000000
0.024669 309.333313 311.111115 0.340761 0.588679 0.000000
0.039943 324.444489 325.333313 0.526709 0.495565 2.000000
0.070492 353.777802 337.777802 1.022564 0.433493 2.000000
0.019577 363.555511 338.666687 0.340758 0.030009 2.000000
0.022123 384.000000 338.666687 0.712655 -0.001029 2.000000
0.004303 384.000000 338.666687 -0.000142 -0.001029 2.000000
0.022123 400.888885 335.111115 0.588689 -0.125178 2.000000
0.006849 408.000000 333.333313 0.247787 -0.063104 2.000000
0.045035 420.444489 328.000000 0.433735 -0.187251 2.000000
0.039943 431.111115 321.777802 0.371750 -0.218288 2.000000
0.022123 442.666687 312.000000 0.402743 -0.342438 3.000000
0.014486 442.666687 312.000000 -0.000142 -0.001029 3.000000
0.014486 453.333313 300.444489 0.371750 -0.404510 0.000000
0.009394 458.666687 293.333313 0.185806 -0.249328 0.000000
0.042489 465.777802 279.111115 0.247787 -0.497623 0.000000
0.019577 468.444489 272.000000 0.092832 -0.249326 0.000000
0.006849 469.333313 265.777802 0.030847 -0.218288 0.000000
0.039943 470.222198 253.333298 0.030849 -0.435551 0.000000
0.019577 470.222198 241.777802 -0.000142 -0.404510 0.000000
0.014486 470.222198 236.444397 -0.000142 -0.187254 0.000000
0.062855 470.222198 219.555603 -0.000142 -0.590732 1.000000
0.032306 470.222198 216.000000 -0.000142 -0.125179 2.000000
0.014486 471.111115 212.444397 0.030850 -0.125179 2.000000
0.001757 471.111115 208.888901 -0.000142 -0.125175 2.000000
0.065400 472.000000 200.000000 0.030849 -0.311401 2.000000
0.024669 469.333313 192.888901 -0.093116 -0.249326 2.000000
0.070492 468.444489 178.666702 -0.031131 -0.497623 2.000000
0.024669 468.444489 172.444397 -0.000142 -0.218292 2.000000
0.017032 468.444489 167.111099 -0.000142 -0.187250 3.000000
0.001757 469.333313 160.888901 0.030847 -0.218288 3.000000
0.014486 469.333313 150.222198 -0.000142 -0.373476 0.000000
0.032306 467.555511 144.888901 -0.062125 -0.187250 0.000000
0.001757 464.000000 139.555603 -0.124105 -0.187250 0.000000
0.032306 453.333313 128.888901 -0.372036 -0.373476 0.000000
0.001757 453.333313 128.888901 -0.000142 -0.001029 0.000000
0.001757 446.222198 123.555603 -0.248071 -0.187250 0.000000
0.067946 429.333313 111.111099 -0.588973 -0.435551 0.000000
0.019577 426.666687 108.444397 -0.093114 -0.094141 0.000000
0.062855 424.888885 106.666702 -0.062125 -0.063100 0.000000
0.027215 425.777802 106.666702 0.030850 -0.001029 0.000000
0.017032 429.333313 106.666702 0.123821 -0.001029 1.000000
0.009394 433.777802 109.333298 0.154815 0.092080 1.000000
0.014486 438.222198 113.777802 0.154812 0.154159 2.000000
0.039943 440.000000 133.333298 0.061841 0.681787 2.000000
0.037397 427.555511 168.000000 -0.434019 1.209423 2.000000
0.039943 402.666687 207.111099 -0.867891 1.364607 2.000000
0.001757 387.555511 223.111099 -0.526993 0.557641 2.000000
0.009394 372.444489 237.333298 -0.526988 0.495565 2.000000
0.042489 341.333313 258.666687 -1.084833 0.743866 2.000000
0.042489 317.333313 268.444489 -0.836902 0.340381 3.000000
0.014486 309.333313 269.333313 -0.279062 0.030006 3.000000
0.037397 297.777802 260.444489 -0.403025 -0.311398 0.000000
0.027215 297.777802 252.444397 -0.000142 -0.280366 0.000000
0.062855 310.222198 210.666702 0.433732 -1.459773 0.000000
-0.000788 310.222198 210.666702 -0.000142 -0.001029 0.000000
0.034852 328.888885 167.111099 0.650672 -1.521852 0.000000
0.019577 337.777802 143.111099 0.309770 -0.839032 0.000000
0.057763 346.666687 92.444443 0.309769 -1.770147 0.000000
0.024669 339.555511 76.444443 -0.248073 -0.559698 0.000000
0.055218 320.000000 72.888893 -0.681945 -0.125177 0.000000
0.017032 297.777802 77.333344 -0.774919 0.154158 2.000000
0.009394 297.777802 77.333344 -0.000142 -0.001029 2.000000
0.057763 275.555511 96.000000 -0.774922 0.650752 2.000000
0.022123 272.888885 114.666702 -0.093114 0.650753 2.000000
0.052672 286.222198 133.333298 0.464724 0.650750 2.000000
0.067946 339.555511 152.000000 1.859324 0.650753 2.000000
0.039943 389.333313 156.444397 1.735361 0.154156 2.000000
0.006849 414.222198 158.222198 0.867609 0.061047 3.000000
0.022123 455.111115 160.888901 1.425450 0.092084 3.000000
0.001757 455.111115 160.888901 -0.000142 -0.001029 0.000000
0.009394 469.333313 163.555603 0.495715 0.092084 0.000000
0.014486 476.444489 165.333298 0.247789 0.061043 0.000000
0.006849 480.000000 167.111099 0.123821 0.061047 0.000000
0.014486 479.111115 169.777802 -0.031133 0.092084 0.000000
0.009394 471.111115 174.222198 -0.279062 0.154156 0.000000
0.014486 456.888885 179.555603 -0.496000 0.185197 0.000000
0.006849 409.777802 194.666702 -1.642670 0.526603 0.000000
0.014486 379.555511 203.555603 -1.053842 0.309344 0.000000
0.004303 379.555511 203.555603 -0.000142 -0.001029 0.000000
0.014486 310.222198 225.777802 -2.417448 0.774900 0.000000
-0.000788 310.222198 225.777802 -0.000142 -0.001029 0.000000
0.019577 240.888901 251.555603 -2.417448 0.899050 0.000000
0.001757 240.888901 251.555603 -0.000142 -0.001029 0.000000
0.004303 210.666702 264.000000 -1.053839 0.433490 0.000000
0.017032 163.555603 284.444489 -1.642671 0.712828 2.000000
0.037397 145.777802 291.555511 -0.619965 0.247266 2.000000
0.022123 131.555603 296.000000 -0.495999 0.154159 2.000000
0.062855 114.666702 296.888885 -0.588974 0.030009 2.000000
0.052672 119.111099 284.444489 0.154812 -0.435547 2.000000
0.022123 123.555603 275.555511 0.154815 -0.311403 2.000000
0.070492 133.333298 248.888901 0.340757 -0.932142 2.000000
0.027215 132.444397 231.111099 -0.031134 -0.621773 0.000000
0.062855 118.222198 200.888901 -0.495999 -1.056292 0.000000
0.034852 104.000000 181.333298 -0.495999 -0.683848 0.000000
0.057763 88.000000 167.111099 -0.557982 -0.497623 0.000000
0.001757 77.333344 165.333298 -0.372035 -0.063104 0.000000
0.001757 66.666656 165.333298 -0.372036 -0.001029 0.000000
0.060309 30.222219 182.222198 -1.270777 0.588678 0.000000
0.047580 11.555560 200.000000 -0.650955 0.619716 0.000000
0.022123 6.222222 210.666702 -0.186089 0.371419 0.000000
0.011940 4.444445 222.222198 -0.062124 0.402453 0.000000
0.004303 7.111111 251.555603 0.092831 1.023201 1.000000
0.017032 7.111111 251.555603 -0.000142 -0.001029 2.000000
0.001757 12.444440 265.777802 0.185804 0.495565 2.000000
0.004303 19.555559 280.000000 0.247787 0.495565 2.000000
0.009394 27.555559 293.333313 0.278778 0.464528 2.000000
0.004303 35.555561 305.777802 0.278778 0.433493 2.000000
0.017032 44.444439 317.333313 0.309769 0.402453 2.000000
0.006849 53.333328 328.888885 0.309769 0.402455 2.000000
0.019577 62.222221 338.666687 0.309769 0.340381 2.000000
0.006849 71.111107 347.555511 0.309769 0.309341 2.000000
0.024669 90.666656 356.444489 0.681662 0.309346 2.000000
0.006849 90.666656 356.444489 -0.000142 -0.001029 2.000000
0.029760 109.333298 356.444489 0.650670 -0.001029 2.000000
0.009394 117.333298 352.888885 0.278778 -0.125179 2.000000
0.024669 128.888901 344.000000 0.402744 -0.311400 0.000000
0.019577 133.333298 337.777802 0.154812 -0.218288 0.000000
0.057763 144.888901 304.888885 0.402744 -1.149405 0.000000
0.009394 148.444397 288.888885 0.123820 -0.559698 0.000000
0.070492 162.666702 231.111099 0.495719 -2.018445 0.000000
0.055218 167.111099 202.666702 0.154812 -0.994217 0.000000
0.006849 167.111099 192.888901 -0.000142 -0.342438 0.000000
0.050126 151.111099 173.333298 -0.557982 -0.683848 0.000000
0.045035 129.777802 169.777802 -0.743928 -0.125175 0.000000
0.039943 107.555603 174.222198 -0.774919 0.154156 0.000000
0.019577 96.000000 181.333298 -0.403028 0.247268 1.000000
0.006849 84.444443 190.222198 -0.403027 0.309344 1.000000
0.017032 64.000000 216.000000 -0.712938 0.899050 2.000000
0.006849 64.000000 216.000000 -0.000142 -0.001029 2.000000
0.070492 47.111111 267.555511 -0.588973 1.799126 2.000000
0.027215 50.666672 296.888885 0.123822 1.023200 2.000000
0.042489 67.555557 316.444489 0.588689 0.681791 2.000000
0.042489 90.666656 327.111115 0.805626 0.371416 2.000000
0.052672 135.111099 332.444489 1.549413 0.185196 2.000000
0.022123 150.222198 332.444489 0.526706 -0.001029 3.000000
0.024669 177.777802 331.555511 0.960584 -0.032069 0.000000
0.014486 189.333298 328.888885 0.402740 -0.094139 0.000000
0.085766 233.777802 310.222198 1.549415 -0.652810 0.000000
0.009394 233.777802 310.222198 -0.000142 -0.001029 0.000000
0.019577 249.777802 292.444489 0.557698 -0.621770 0.000000
0.006849 254.222198 280.000000 0.154812 -0.435551 0.000000
0.027215 257.777802 265.777802 0.123824 -0.497623 0.000000
0.027215 258.666687 231.111099 0.030849 -1.211480 0.000000
0.009394 256.888885 212.444397 -0.062125 -0.652811 0.000000
0.014486 255.111099 194.666702 -0.062125 -0.621769 0.000000
0.019577 252.444397 178.666702 -0.093117 -0.559698 0.000000
0.006849 251.555603 165.333298 -0.031130 -0.466589 0.000000
0.009394 251.555603 142.222198 -0.000142 -0.807995 1.000000
0.027215 251.555603 132.444397 -0.000142 -0.342438 1.000000
0.029760 255.111099 117.333298 0.123820 -0.528660 2.000000
0.006849 255.111099 117.333298 -0.000142 -0.001029 2.000000
0.022123 258.666687 110.222198 0.123823 -0.249326 2.000000
0.047580 260.444489 108.444397 0.061841 -0.063104 2.000000
0.045035 262.222198 112.000000 0.061838 0.123122 2.000000
0.042489 264.888885 144.888901 0.092832 1.147347 2.000000
0.039943 265.777802 161.777802 0.030850 0.588678 2.000000
0.029760 266.666687 198.222198 0.030849 1.271494 2.000000
0.019577 271.111115 233.777802 0.154813 1.240460 0.000000
0.027215 273.777802 252.444397 0.092832 0.650750 0.000000
0.047580 280.888885 286.222198 0.247786 1.178385 0.000000
0.047580 293.333313 323.555511 0.433733 1.302532 0.000000
0.050126 301.333313 340.444489 0.278778 0.588681 0.000000
0.009394 304.000000 347.555511 0.092832 0.247266 0.000000
0.032306 306.666687 360.888885 0.092832 0.464531 0.000000
0.019577 306.666687 365.333313 -0.000142 0.154157 0.000000
0.050126 306.666687 371.555511 -0.000142 0.216231 0.000000
0.042489 309.333313 368.888885 0.092830 -0.094139 0.000000
0.004303 313.777802 363.555511 0.154815 -0.187253 1.000000
0.022123 318.222198 355.555511 0.154812 -0.280363 2.000000
0.006849 323.555511 344.000000 0.185804 -0.404510 2.000000
0.017032 328.888885 329.777802 0.185806 -0.497623 2.000000
0.006849 334.222198 312.000000 0.185804 -0.621773 2.000000
0.017032 339.555511 291.555511 0.185804 -0.714885 2.000000
0.004303 344.000000 270.222198 0.154815 -0.745920 2.000000
0.017032 349.333313 248.000000 0.185804 -0.776957 2.000000
0.004303 353.777802 228.444397 0.154815 -0.683848 2.000000
0.006849 357.333313 210.666702 0.123821 -0.621769 2.000000
0.017032 361.777802 196.444397 0.154815 -0.497626 2.000000
0.006849 364.444489 184.000000 0.092832 -0.435547 2.000000
0.019577 370.666687 164.444397 0.216795 -0.683848 2.000000
0.006849 370.666687 164.444397 -0.000142 -0.001029 2.000000
0.019577 374.222198 152.888901 0.123821 -0.404510 2.000000
0.004303 374.222198 152.888901 -0.000142 -0.001029 2.000000
0.014486 376.000000 151.111099 0.061841 -0.063104 2.000000
0.034852 376.888885 163.555603 0.030849 0.433494 0.000000
0.039943 376.888885 195.555603 -0.000142 1.116310 0.000000
0.024669 375.111115 214.222198 -0.062124 0.650750 0.000000
0.075583 368.888885 263.111115 -0.217080 1.706017 0.000000
0.037397 365.333313 281.777802 -0.124107 0.650753 0.000000
0.024669 364.444489 288.888885 -0.031131 0.247268 0.000000
0.039943 364.444489 288.000000 -0.000142 -0.032066 0.000000
0.019577 364.444489 283.555511 -0.000142 -0.156216 0.000000
0.004303 363.555511 276.444489 -0.031136 -0.249323 0.000000
0.014486 360.888885 264.888885 -0.093114 -0.404514 0.000000
0.006849 357.333313 251.555603 -0.124107 -0.466584 1.000000
0.022123 352.000000 234.666702 -0.186088 -0.590735 1.000000
0.004303 345.777802 216.000000 -0.217079 -0.652811 1.000000
0.019577 331.555511 177.777802 -0.496002 -1.335626 2.000000
0.006849 324.444489 161.777802 -0.248068 -0.559698 2.000000
0.024669 318.222198 150.222198 -0.217082 -0.404514 2.000000
0.004303 313.777802 142.222198 -0.155096 -0.280363 2.000000
0.019577 310.222198 137.777802 -0.124108 -0.156213 2.000000
0.004303 308.444489 135.111099 -0.062122 -0.094141 2.000000
0.022123 307.555511 134.222198 -0.031136 -0.032066 2.000000
0.011940 307.555511 133.333298 -0.000142 -0.032066 2.000000
0.024669 309.333313 132.444397 0.061841 -0.032066 2.000000
0.006849 315.555511 132.444397 0.216795 -0.001029 2.000000
0.024669 325.333313 131.555603 0.340761 -0.032062 2.000000
0.022123 352.888885 130.666702 0.960583 -0.032066 0.000000
0.014486 368.888885 128.888901 0.557698 -0.063104 0.000000
0.022123 383.111115 128.000000 0.495716 -0.032066 0.000000
0.006849 397.333313 127.111099 0.495715 -0.032066 0.000000
0.027215 418.666687 125.333298 0.743646 -0.063104 0.000000
0.009394 424.888885 124.444397 0.216795 -0.032066 0.000000
0.022123 428.444489 123.555603 0.123824 -0.032062 0.000000
0.024669 430.222198 123.555603 0.061838 -0.001029 0.000000
0.006849 430.222198 123.555603 -0.000142 -0.001029 0.000000
0.014486 430.222198 123.555603 -0.000142 -0.001029 0.000000
0.052672 430.222198 122.666702 -0.000142 -0.032066 0.000000
0.050126 423.111115 119.111099 -0.248070 -0.125179 0.000000
0.052672 416.000000 114.666702 -0.248071 -0.156213 0.000000
0.006849 409.777802 112.000000 -0.217079 -0.094141 1.000000
0.050126 393.777802 104.888901 -0.557982 -0.249326 1.000000
0.034852 354.666687 100.444397 -1.363751 -0.156217 2.000000
0.034852 338.666687 100.444397 -0.557982 -0.001029 2.000000
0.029760 309.333313 105.777802 -1.022850 0.185197 2.000000
0.029760 283.555511 116.444397 -0.898885 0.371415 2.000000
0.062855 248.000000 140.444397 -1.239785 0.836975 2.000000
0.029760 235.555603 149.333298 -0.434016 0.309344 2.000000
0.014486 223.111099 160.000000 -0.434020 0.371419 2.000000
0.024669 200.888901 183.111099 -0.774919 0.805938 2.000000
0.014486 192.888901 194.666702 -0.279062 0.402456 2.000000
0.032306 184.000000 215.111099 -0.310054 0.712825 0.000000
0.019577 182.222198 223.111099 -0.062125 0.278306 0.000000
0.039943 181.333298 232.888901 -0.031134 0.340381 0.000000
0.050126 181.333298 235.555603 -0.000142 0.092084 0.000000
0.042489 181.333298 230.222198 -0.000142 -0.187254 0.000000
0.045035 186.666702 214.222198 0.185807 -0.559698 0.000000
0.006849 191.111099 203.555603 0.154812 -0.373472 0.000000
0.024669 196.444397 190.222198 0.185803 -0.466589 0.000000
0.062855 217.777802 143.111099 0.743647 -1.645999 0.000000
0.029760 232.000000 112.888901 0.495715 -1.056292 1.000000
0.017032 238.222198 100.444397 0.216795 -0.435551 2.000000
0.085766 257.777802 63.111111 0.681664 -1.304588 2.000000
0.029760 263.111115 56.888889 0.185804 -0.218289 2.000000
0.017032 273.777802 48.000000 0.371752 -0.311400 2.000000
0.080675 284.444489 43.555561 0.371752 -0.156214 2.000000
0.024669 285.333313 42.666672 0.030847 -0.032066 2.000000
0.057763 283.555511 43.555561 -0.062125 0.030009 2.000000
0.034852 275.555511 47.111111 -0.279062 0.123120 0.000000
0.011940 269.333313 50.666672 -0.217079 0.123120 0.000000
0.027215 258.666687 57.777779 -0.372034 0.247269 0.000000
0.009394 252.444397 62.222221 -0.217082 0.154157 0.000000
0.024669 245.333298 67.555557 -0.248071 0.185195 0.000000
0.024669 227.555603 78.222221 -0.619962 0.371417 0.000000
0.009394 216.888901 82.666656 -0.372037 0.154157 0.000000
0.024669 207.111099 86.222221 -0.341045 0.123120 0.000000
0.009394 198.222198 88.888893 -0.310054 0.092083 0.000000
0.027215 184.000000 92.444443 -0.495999 0.123120 0.000000
0.024669 179.555603 93.333344 -0.155096 0.030009 0.000000
0.052672 169.777802 96.888893 -0.341045 0.123120 0.000000
0.050126 166.222198 104.888901 -0.124108 0.278306 1.000000
0.050126 161.777802 131.555603 -0.155096 0.930088 2.000000
0.050126 161.777802 153.777802 -0.000142 0.774900 2.000000
