0.004303 484.444489 263.111115 -0.062122 0.340382 0.000000
0.019577 481.777802 272.888885 -0.093116 0.340380 0.000000
0.039943 477.333313 290.666687 -0.155099 0.619716 0.000000
0.057763 472.000000 312.000000 -0.186088 0.743863 0.000000
0.006849 470.222198 318.222198 -0.062125 0.216231 0.000000
0.014486 468.444489 323.555511 -0.062122 0.185194 0.000000
0.006849 466.666687 328.000000 -0.062125 0.154159 1.000000
0.019577 464.888885 331.555511 -0.062125 0.123119 1.000000
0.006849 464.888885 334.222198 -0.000142 0.092084 2.000000
0.019577 464.000000 336.000000 -0.031133 0.061047 2.000000
0.039943 464.000000 336.000000 -0.000142 -0.001029 2.000000
-0.000788 464.000000 336.000000 -0.000142 -0.001029 2.000000
0.034852 462.222198 332.444489 -0.062125 -0.125176 2.000000
0.037397 455.111115 323.555511 -0.248070 -0.311403 2.000000
0.057763 438.222198 297.777802 -0.588974 -0.901104 2.000000
0.034852 430.222198 270.222198 -0.279062 -0.963183 2.000000
0.052672 428.444489 236.444397 -0.062122 -1.180442 0.000000
0.034852 428.444489 200.888901 -0.000142 -1.242514 0.000000
0.052672 428.444489 171.555603 -0.000142 -1.025254 0.000000
0.037397 424.000000 150.222198 -0.155099 -0.745923 0.000000
0.052672 409.777802 128.000000 -0.495999 -0.776957 0.000000
0.047580 397.333313 121.777802 -0.434019 -0.218288 0.000000
0.029760 380.444489 127.111099 -0.588971 0.185193 0.000000
-0.003334 380.444489 127.111099 -0.000142 -0.001029 0.000000
0.032306 355.555511 148.444397 -0.867896 0.743862 0.000000
-0.000788 340.444489 166.222198 -0.526988 0.619716 1.000000
0.037397 305.777802 207.111099 -1.208796 1.426682 1.000000
-0.000788 305.777802 207.111099 -0.000142 -0.001029 2.000000
0.001757 289.777802 229.333298 -0.557982 0.774900 2.000000
0.011940 276.444489 249.777802 -0.465008 0.712829 2.000000
0.001757 264.888885 269.333313 -0.403028 0.681788 2.000000
0.009394 254.222198 285.333313 -0.372036 0.557641 2.000000
0.001757 254.222198 285.333313 -0.000142 -0.001029 2.000000
0.001757 245.333298 299.555511 -0.310054 0.495565 2.000000
0.014486 235.555603 310.222198 -0.341041 0.371418 2.000000
0.006849 226.666702 320.000000 -0.310054 0.340381 2.000000
0.014486 216.888901 328.000000 -0.341045 0.278306 2.000000
0.004303 207.111099 336.888885 -0.341045 0.309343 2.000000
0.019577 197.333298 344.888885 -0.341045 0.278306 2.000000
0.001757 187.555603 354.666687 -0.341041 0.340381 2.000000
0.017032 173.333298 372.444489 -0.496003 0.619716 2.000000
0.004303 173.333298 372.444489 -0.000142 -0.001029 2.000000
0.006849 169.777802 379.555511 -0.124105 0.247266 2.000000
0.022123 168.000000 387.555511 -0.062125 0.278306 0.000000
0.019577 169.777802 388.444489 0.061841 0.030012 0.000000
0.004303 175.111099 388.444489 0.185803 -0.001029 0.000000
0.034852 190.222198 380.444489 0.526706 -0.280363 0.000000
0.039943 210.666702 363.555511 0.712655 -0.590738 0.000000
0.052672 235.555603 341.333313 0.867609 -0.776957 0.000000
0.034852 261.333313 318.222198 0.898598 -0.807995 0.000000
0.052672 302.222198 293.333313 1.425449 -0.870069 0.000000
0.034852 316.444489 288.000000 0.495718 -0.187251 0.000000
0.027215 344.000000 282.666687 0.960581 -0.187251 1.000000
0.014486 355.555511 281.777802 0.402741 -0.032066 1.000000
0.037397 374.222198 282.666687 0.650672 0.030009 2.000000
0.037397 383.111115 287.111115 0.309770 0.154157 2.000000
0.057763 377.777802 296.000000 -0.186088 0.309343 2.000000
0.034852 360.888885 298.666687 -0.588974 0.092084 2.000000
0.022123 350.222198 298.666687 -0.372036 -0.001029 2.000000
0.014486 339.555511 296.888885 -0.372036 -0.063104 2.000000
0.050126 319.111115 288.000000 -0.712936 -0.311400 2.000000
0.032306 303.111115 273.777802 -0.557982 -0.497623 2.000000
0.037397 288.888885 253.333298 -0.496000 -0.714886 0.000000
0.001757 280.888885 240.888901 -0.279062 -0.435547 0.000000
0.029760 261.333313 215.111099 -0.681947 -0.901108 0.000000
-0.000788 261.333313 215.111099 -0.000142 -0.001029 0.000000
-0.003334 249.777802 202.666702 -0.403025 -0.435547 0.000000
0.011940 238.222198 192.888901 -0.403028 -0.342438 0.000000
0.047580 217.777802 180.444397 -0.712936 -0.435551 0.000000
0.060309 201.777802 173.333298 -0.557982 -0.249326 0.000000
0.039943 199.111099 171.555603 -0.093117 -0.063100 0.000000
0.004303 199.111099 171.555603 -0.000142 -0.001029 0.000000
0.019577 199.111099 169.777802 -0.000142 -0.063104 0.000000
0.006849 200.000000 168.000000 0.030849 -0.063104 1.000000
0.019577 202.666702 164.444397 0.092832 -0.125179 1.000000
0.050126 217.777802 149.333298 0.526706 -0.528660 1.000000
0.009394 224.888901 143.111099 0.247786 -0.218288 2.000000
0.022123 233.777802 136.888901 0.309769 -0.218288 2.000000
0.047580 251.555603 128.000000 0.619681 -0.311401 2.000000
0.045035 272.888885 120.888901 0.743643 -0.249326 2.000000
0.045035 280.000000 121.777802 0.247787 0.030009 2.000000
0.019577 281.777802 125.333298 0.061841 0.123118 2.000000
0.057763 273.777802 141.333298 -0.279062 0.557641 2.000000
0.004303 265.777802 147.555603 -0.279062 0.216235 1.000000
0.017032 256.888885 156.444397 -0.310054 0.309340 0.000000
0.052672 234.666702 177.777802 -0.774919 0.743866 0.000000
0.029760 211.555603 208.000000 -0.805911 1.054235 0.000000
0.001757 201.777802 225.777802 -0.341045 0.619716 0.000000
0.039943 189.333298 265.777802 -0.434020 1.395644 0.000000
0.045035 183.111099 299.555511 -0.217079 1.178382 0.000000
0.045035 179.555603 323.555511 -0.124105 0.836975 0.000000
0.050126 171.555603 350.222198 -0.279062 0.930087 0.000000
0.019577 167.111099 358.222198 -0.155100 0.278306 1.000000
0.017032 161.777802 365.333313 -0.186088 0.247269 1.000000
0.024669 152.888901 373.333313 -0.310054 0.278306 2.000000
0.055218 149.333298 369.777802 -0.124108 -0.125176 2.000000
0.029760 148.444397 349.333313 -0.031134 -0.714885 2.000000
0.050126 152.888901 313.777802 0.154815 -1.242514 2.000000
0.011940 160.888901 261.333313 0.278778 -1.832224 2.000000
0.019577 166.222198 232.000000 0.185803 -1.025255 2.000000
0.009394 172.444397 203.555603 0.216795 -0.994217 2.000000
0.011940 179.555603 178.666702 0.247790 -0.870070 2.000000
0.004303 188.444397 158.222198 0.309766 -0.714886 2.000000
0.017032 198.222198 143.111099 0.340761 -0.528660 2.000000
0.004303 209.777802 130.666702 0.402744 -0.435547 0.000000
0.019577 221.333298 120.000000 0.402740 -0.373476 0.000000
0.001757 232.888901 112.888901 0.402744 -0.249326 0.000000
0.001757 232.888901 112.888901 -0.000142 -0.001029 0.000000
0.014486 255.111099 101.333298 0.774635 -0.404514 0.000000
0.006849 265.777802 97.777779 0.371752 -0.125176 0.000000
0.014486 275.555511 94.222221 0.340758 -0.125177 0.000000
0.001757 275.555511 94.222221 -0.000142 -0.001029 0.000000
0.017032 295.111115 88.000000 0.681664 -0.218289 0.000000
0.060309 311.111115 83.555557 0.557698 -0.156214 0.000000
0.045035 327.111115 79.111107 0.557698 -0.156215 0.000000
0.042489 328.888885 78.222221 0.061840 -0.032066 0.000000
0.042489 321.777802 79.111107 -0.248070 0.030009 0.000000
0.009394 312.888885 81.777779 -0.310054 0.092083 1.000000
0.022123 302.222198 85.333344 -0.372036 0.123120 1.000000
0.027215 274.666687 93.333344 -0.960865 0.278306 2.000000
0.006849 256.888885 98.666656 -0.619965 0.185194 2.000000
0.022123 237.333298 104.888901 -0.681948 0.216232 2.000000
0.004303 217.777802 111.111099 -0.681944 0.216231 2.000000
0.017032 197.333298 119.111099 -0.712940 0.278306 2.000000
0.004303 178.666702 126.222198 -0.650953 0.247268 2.000000
0.006849 161.777802 134.222198 -0.588974 0.278306 2.000000
0.014486 146.666702 141.333298 -0.526991 0.247268 2.000000
0.006849 133.333298 147.555603 -0.465011 0.216235 2.000000
0.017032 121.777802 152.000000 -0.403025 0.154156 2.000000
0.006849 112.000000 156.444397 -0.341045 0.154156 2.000000
0.019577 96.000000 161.777802 -0.557982 0.185197 1.000000
0.011940 96.000000 161.777802 -0.000142 -0.001029 0.000000
0.006849 88.888893 162.666702 -0.248071 0.030009 0.000000
-0.000788 83.555557 162.666702 -0.186089 -0.001029 0.000000
0.001757 79.111107 162.666702 -0.155098 -0.001029 0.000000
0.017032 76.444443 162.666702 -0.093115 -0.001029 0.000000
0.004303 74.666656 161.777802 -0.062125 -0.032066 0.000000
0.011940 73.777779 160.000000 -0.031133 -0.063104 0.000000
0.060309 79.111107 154.666702 0.185804 -0.187250 0.000000
0.037397 101.333298 141.333298 0.774634 -0.466589 0.000000
0.050126 120.888901 133.333298 0.681664 -0.280363 0.000000
0.037397 140.444397 131.555603 0.681660 -0.063100 0.000000
0.055218 162.666702 147.555603 0.774638 0.557641 1.000000
0.037397 166.222198 176.888901 0.123820 1.023197 1.000000
0.039943 165.333298 194.666702 -0.031134 0.619716 2.000000
0.057763 150.222198 256.000000 -0.526991 2.140535 2.000000
0.034852 136.888901 294.222198 -0.465008 1.333569 2.000000
0.004303 129.777802 310.222198 -0.248071 0.557641 2.000000
0.014486 120.888901 324.444489 -0.310054 0.495569 2.000000
0.060309 97.777779 360.888885 -0.805911 1.271494 2.000000
0.034852 89.777779 373.333313 -0.279062 0.433491 2.000000
0.034852 89.777779 375.111115 -0.000142 0.061047 0.000000
-0.000788 89.777779 375.111115 -0.000142 -0.001029 0.000000
0.045035 100.444397 363.555511 0.371749 -0.404514 0.000000
0.034852 120.000000 339.555511 0.681664 -0.839032 0.000000
0.052672 162.666702 279.111115 1.487432 -2.111555 0.000000
0.034852 192.888901 232.000000 1.053555 -1.645999 0.000000
0.052672 221.333298 197.333298 0.991572 -1.211480 0.000000
0.004303 234.666702 185.777802 0.464727 -0.404510 0.000000
0.019577 245.333298 177.777802 0.371749 -0.280363 0.000000
0.047580 270.222198 168.888901 0.867609 -0.311401 0.000000
0.045035 283.555511 172.444397 0.464724 0.123118 1.000000
0.042489 295.111115 188.444397 0.402744 0.557641 2.000000
0.055218 304.888885 211.555603 0.340760 0.805941 2.000000
0.039943 313.777802 247.111099 0.309770 1.240456 2.000000
0.037397 314.666687 258.666687 0.030849 0.402456 2.000000
0.004303 314.666687 269.333313 -0.000142 0.371416 2.000000
0.037397 314.666687 285.333313 -0.000142 0.557641 2.000000
0.039943 316.444489 292.444489 0.061841 0.247271 2.000000
0.047580 329.777802 286.222198 0.464724 -0.218291 0.000000
0.039943 345.777802 269.333313 0.557698 -0.590735 0.000000
0.042489 362.666687 242.666702 0.588689 -0.932142 0.000000
0.039943 380.444489 210.666702 0.619681 -1.118367 0.000000
0.004303 380.444489 210.666702 -0.000142 -0.001029 0.000000
0.029760 395.555511 185.777802 0.526704 -0.870070 0.000000
0.034852 404.444489 175.111099 0.309772 -0.373476 0.000000
0.060309 408.888885 175.111099 0.154812 -0.001029 0.000000
0.037397 407.111115 186.666702 -0.062124 0.402456 0.000000
0.006849 403.555511 194.666702 -0.124108 0.278306 1.000000
0.017032 398.222198 203.555603 -0.186088 0.309344 2.000000
0.006849 392.888885 213.333298 -0.186088 0.340378 2.000000
0.014486 386.666687 224.000000 -0.217079 0.371419 2.000000
0.055218 369.777802 261.333313 -0.588973 1.302532 2.000000
0.001757 369.777802 261.333313 -0.000142 -0.001029 2.000000
0.011940 365.333313 275.555511 -0.155099 0.495565 2.000000
0.057763 358.222198 312.888885 -0.248071 1.302534 2.000000
0.037397 356.444489 333.333313 -0.062122 0.712826 2.000000
0.001757 355.555511 340.444489 -0.031136 0.247271 2.000000
0.014486 354.666687 345.777802 -0.031131 0.185194 2.000000
0.001757 353.777802 349.333313 -0.031133 0.123119 2.000000
0.004303 353.777802 349.333313 -0.000142 -0.001029 2.000000
0.017032 353.777802 352.888885 -0.000142 0.123121 0.000000
0.009394 352.888885 352.888885 -0.031134 -0.001029 0.000000
0.011940 352.888885 352.888885 -0.000142 -0.001029 0.000000
0.001757 352.888885 352.888885 -0.000142 -0.001029 0.000000
0.014486 352.888885 351.111115 -0.000142 -0.063103 0.000000
0.004303 353.777802 347.555511 0.030850 -0.125179 0.000000
0.004303 356.444489 343.111115 0.092832 -0.156213 0.000000
0.011940 360.000000 336.888885 0.123821 -0.218289 0.000000
0.009394 365.333313 330.666687 0.185804 -0.218288 0.000000
0.022123 376.000000 318.222198 0.371752 -0.435551 0.000000
0.004303 376.000000 318.222198 -0.000142 -0.001029 0.000000
0.022123 389.333313 306.666687 0.464724 -0.404510 0.000000
0.045035 401.777802 294.222198 0.433735 -0.435551 0.000000
0.045035 411.555511 280.888885 0.340758 -0.466585 0.000000
0.004303 415.111115 274.666687 0.123824 -0.218288 1.000000
0.019577 417.777802 267.555511 0.092832 -0.249328 1.000000
0.004303 417.777802 261.333313 -0.000142 -0.218288 2.000000
0.022123 410.666687 249.777802 -0.248071 -0.404510 2.000000
0.039943 393.777802 243.555603 -0.588973 -0.218288 2.000000
0.060309 368.888885 239.111099 -0.867894 -0.156217 2.000000
0.039943 335.111115 235.555603 -1.177804 -0.125175 2.000000
0.034852 282.666687 232.888901 -1.828617 -0.094141 2.000000
0.062855 252.444397 236.444397 -1.053842 0.123118 2.000000
0.039943 230.222198 243.555603 -0.774919 0.247272 2.000000
0.019577 216.888901 253.333298 -0.465008 0.340378 0.000000
0.004303 216.888901 253.333298 -0.000142 -0.001029 0.000000
0.042489 215.111099 263.111115 -0.062125 0.340382 0.000000
0.037397 224.888901 270.222198 0.340761 0.247268 0.000000
0.062855 253.333298 270.222198 0.991572 -0.001029 0.000000
0.039943 276.444489 261.333313 0.805629 -0.311400 0.000000
0.037397 301.333313 247.111099 0.867607 -0.497623 0.000000
0.052672 334.222198 220.444397 1.146529 -0.932145 0.000000
0.034852 352.000000 198.222198 0.619681 -0.776957 0.000000
0.001757 352.000000 198.222198 -0.000142 -0.001029 1.000000
0.045035 362.666687 172.444397 0.371752 -0.901108 2.000000
0.022123 361.777802 167.111099 -0.031133 -0.187250 2.000000
0.050126 349.333313 156.444397 -0.434019 -0.373476 2.000000
0.019577 326.222198 146.666702 -0.805911 -0.342435 2.000000
0.037397 298.666687 138.666702 -0.960865 -0.280363 2.000000
0.027215 282.666687 135.111099 -0.557982 -0.125179 2.000000
0.039943 229.333298 129.777802 -1.859611 -0.187250 2.000000
0.032306 213.333298 129.777802 -0.557982 -0.001029 2.000000
0.024669 185.777802 129.777802 -0.960864 -0.001029 0.000000
0.034852 174.222198 130.666702 -0.403028 0.030009 0.000000
0.037397 152.888901 131.555603 -0.743928 0.030009 0.000000
0.034852 135.111099 132.444397 -0.619965 0.030005 0.000000
0.032306 120.888901 133.333298 -0.495999 0.030009 0.000000
0.055218 109.333298 135.111099 -0.403028 0.061047 0.000000
0.039943 107.555603 138.666702 -0.062121 0.123122 0.000000
0.039943 111.111099 143.111099 0.123820 0.154156 0.000000
0.037397 126.222198 144.000000 0.526706 0.030009 0.000000
0.009394 136.888901 143.111099 0.371752 -0.032066 1.000000
0.014486 150.222198 137.777802 0.464723 -0.187250 2.000000
0.006849 165.333298 131.555603 0.526706 -0.218288 2.000000
0.039943 196.444397 114.666702 1.084546 -0.590735 2.000000
0.039943 227.555603 96.000000 1.084550 -0.652811 2.000000
0.045035 252.444397 79.111107 0.867606 -0.590735 2.000000
0.006849 261.333313 72.000000 0.309770 -0.249326 2.000000
0.017032 265.777802 67.555557 0.154815 -0.156214 2.000000
0.045035 270.222198 64.000000 0.154812 -0.125177 2.000000
0.047580 268.444489 64.888893 -0.062122 0.030009 2.000000
0.011940 264.000000 69.333344 -0.155099 0.154158 0.000000
0.017032 257.777802 75.555557 -0.217079 0.216231 0.000000
0.006849 248.000000 84.444443 -0.341045 0.309343 0.000000
0.014486 236.444397 95.111107 -0.403028 0.371417 0.000000
0.006849 223.111099 107.555603 -0.465008 0.433494 0.000000
0.017032 208.888901 120.000000 -0.495999 0.433490 0.000000
0.009394 192.888901 136.000000 -0.557982 0.557641 0.000000
0.014486 156.444397 168.888901 -1.270780 1.147347 0.000000
0.006849 156.444397 168.888901 -0.000142 -0.001029 0.000000
0.014486 136.000000 187.555603 -0.712936 0.650753 0.000000
0.006849 116.444397 206.222198 -0.681948 0.650750 0.000000
0.014486 84.444443 246.222198 -1.115821 1.395644 0.000000
0.001757 84.444443 246.222198 -0.000142 -0.001029 0.000000
0.004303 71.111107 264.888885 -0.465009 0.650753 0.000000
0.014486 59.555561 283.555511 -0.403026 0.650751 0.000000
0.004303 48.000000 300.444489 -0.403027 0.588681 0.000000
0.017032 37.333328 314.666687 -0.372036 0.495565 0.000000
0.009394 26.666670 328.000000 -0.372035 0.464528 1.000000
0.019577 18.666670 339.555511 -0.279062 0.402453 1.000000
0.006849 9.777778 353.777802 -0.310053 0.495569 2.000000
0.022123 8.000000 356.444489 -0.062124 0.092084 2.000000
0.039943 8.888889 357.333313 0.030849 0.030006 2.000000
0.065400 23.111111 338.666687 0.495716 -0.652808 2.000000
0.039943 39.111111 318.222198 0.557698 -0.714885 2.000000
0.045035 59.555561 294.222198 0.712654 -0.839032 2.000000
0.047580 84.444443 272.888885 0.867609 -0.745920 1.000000
0.019577 113.777802 257.777802 1.022565 -0.528660 0.000000
0.004303 113.777802 257.777802 -0.000142 -0.001029 0.000000
0.034852 144.000000 250.666702 1.053555 -0.249326 0.000000
0.042489 170.666702 249.777802 0.929592 -0.032066 0.000000
0.060309 206.222198 253.333298 1.239500 0.123118 0.000000
0.034852 227.555603 256.000000 0.743647 0.092084 0.000000
0.001757 236.444397 256.888885 0.309766 0.030009 0.000000
0.034852 253.333298 257.777802 0.588689 0.030010 0.000000
0.032306 266.666687 258.666687 0.464726 0.030009 0.000000
0.001757 266.666687 258.666687 -0.000142 -0.001029 0.000000
0.037397 279.111115 259.555511 0.433733 0.030006 1.000000
0.037397 293.333313 261.333313 0.495715 0.061047 1.000000
0.004303 300.444489 261.333313 0.247789 -0.001029 2.000000
0.011940 307.555511 261.333313 0.247784 -0.001029 2.000000
0.001757 307.555511 261.333313 -0.000142 -0.001029 2.000000
0.017032 321.777802 261.333313 0.495718 -0.001029 2.000000
0.006849 328.000000 261.333313 0.216795 -0.001029 2.000000
0.052672 346.666687 264.000000 0.650672 0.092084 2.000000
0.024669 352.888885 265.777802 0.216795 0.061047 2.000000
0.037397 365.333313 269.333313 0.433733 0.123119 2.000000
0.004303 365.333313 269.333313 -0.000142 -0.001029 2.000000
0.032306 379.555511 271.111115 0.495715 0.061047 2.000000
0.004303 386.666687 271.111115 0.247789 -0.001029 0.000000
0.014486 394.666687 271.111115 0.278778 -0.001029 0.000000
0.052672 416.000000 265.777802 0.743644 -0.187251 0.000000
0.004303 416.000000 265.777802 -0.000142 -0.001029 0.000000
0.014486 427.555511 261.333313 0.402741 -0.156216 0.000000
0.052672 437.333313 256.888885 0.340761 -0.156214 0.000000
0.052672 451.555511 248.888901 0.495715 -0.280363 0.000000
0.004303 451.555511 248.888901 -0.000142 -0.001029 0.000000
0.014486 463.111115 240.888901 0.402744 -0.280363 0.000000
0.055218 475.555511 230.222198 0.433732 -0.373476 0.000000
0.032306 488.000000 216.888901 0.433735 -0.466585 0.000000
0.037397 496.000000 201.777802 0.278778 -0.528660 1.000000
0.001757 496.000000 201.777802 -0.000142 -0.001029 1.000000
0.032306 499.555511 176.000000 0.123821 -0.901108 2.000000
0.060309 499.555511 157.333298 -0.000142 -0.652811 2.000000
0.034852 498.666687 138.666702 -0.031131 -0.652807 2.000000
0.006849 497.777802 129.777802 -0.031133 -0.311401 2.000000
0.019577 496.888885 121.777802 -0.031134 -0.280363 2.000000
0.042489 495.111115 109.333298 -0.062124 -0.435551 2.000000
0.037397 491.555511 102.222198 -0.124108 -0.249326 2.000000
0.039943 476.444489 99.555557 -0.526988 -0.094139 1.000000
0.004303 476.444489 99.555557 -0.000142 -0.001029 1.000000
0.019577 463.111115 106.666702 -0.465010 0.247270 0.000000
0.004303 463.111115 106.666702 -0.000142 -0.001029 0.000000
0.037397 448.888885 121.777802 -0.496000 0.526603 0.000000
0.039943 432.888885 141.333298 -0.557982 0.681787 0.000000
0.057763 400.888885 167.111099 -1.115822 0.899050 0.000000
0.032306 370.666687 178.666702 -1.053839 0.402456 0.000000
0.006849 352.000000 184.888901 -0.650956 0.216231 0.000000
0.034852 335.111115 190.222198 -0.588973 0.185193 0.000000
0.042489 300.444489 206.222198 -1.208794 0.557641 0.000000
0.034852 296.888885 209.777802 -0.124108 0.123122 0.000000
0.004303 295.111115 213.333298 -0.062124 0.123118 2.000000
0.017032 296.000000 213.333298 0.030849 -0.001029 2.000000
0.055218 310.222198 213.333298 0.495715 -0.001029 2.000000
0.034852 335.111115 212.444397 0.867610 -0.032066 2.000000
0.062855 386.666687 210.666702 1.797343 -0.063100 2.000000
0.027215 405.333313 211.555603 0.650670 0.030009 2.000000
0.050126 459.555511 218.666702 1.890315 0.247268 2.000000
0.029760 486.222198 219.555603 0.929592 0.030009 2.000000
-0.000788 486.222198 219.555603 -0.000142 -0.001029 2.000000
0.001757 496.000000 219.555603 0.340761 -0.001029 0.000000
0.019577 502.222198 217.777802 0.216795 -0.063104 0.000000
0.055218 506.666687 197.333298 0.154815 -0.714886 0.000000
-0.000788 506.666687 197.333298 -0.000142 -0.001029 0.000000
0.011940 492.444489 168.888901 -0.495999 -0.994217 0.000000
-0.000788 492.444489 168.888901 -0.000142 -0.001029 0.000000
0.014486 481.777802 152.888901 -0.372036 -0.559698 0.000000
0.001757 468.444489 136.000000 -0.465008 -0.590735 0.000000
0.001757 453.333313 120.888901 -0.526993 -0.528660 0.000000
0.014486 437.333313 108.444397 -0.557982 -0.435551 0.000000
0.004303 420.444489 97.777779 -0.588971 -0.373473 0.000000
0.014486 402.666687 88.888893 -0.619965 -0.311400 0.000000
0.004303 385.777802 82.666656 -0.588973 -0.218289 0.000000
0.001757 385.777802 82.666656 -0.000142 -0.001029 0.000000
0.014486 369.777802 76.444443 -0.557982 -0.218288 0.000000
0.004303 353.777802 72.000000 -0.557982 -0.156214 0.000000
0.019577 324.444489 64.888893 -1.022848 -0.249326 2.000000
0.001757 324.444489 64.888893 -0.000142 -0.001029 2.000000
0.014486 296.888885 62.222221 -0.960868 -0.094140 2.000000
0.004303 296.888885 62.222221 -0.000142 -0.001029 2.000000
0.004303 283.555511 62.222221 -0.465010 -0.001029 2.000000
0.017032 271.111115 64.000000 -0.434016 0.061046 2.000000
0.004303 258.666687 68.444443 -0.434017 0.154157 2.000000
0.017032 247.111099 72.888893 -0.403028 0.154158 2.000000
0.006849 236.444397 79.111107 -0.372037 0.216231 2.000000
0.017032 227.555603 85.333344 -0.310050 0.216232 2.000000
0.001757 220.444397 92.444443 -0.248074 0.247268 2.000000
0.017032 214.222198 100.444397 -0.217079 0.278304 2.000000
0.004303 209.777802 109.333298 -0.155096 0.309344 2.000000
0.017032 206.222198 128.000000 -0.124108 0.650753 1.000000
0.001757 206.222198 128.000000 -0.000142 -0.001029 1.000000
0.006849 206.222198 136.888901 -0.000142 0.309344 1.000000
0.022123 206.222198 156.444397 -0.000142 0.681787 0.000000
0.006849 206.222198 156.444397 -0.000142 -0.001029 0.000000
0.024669 207.111099 176.888901 0.030849 0.712829 0.000000
0.045035 203.555603 196.444397 -0.124105 0.681787 0.000000
0.047580 195.555603 216.000000 -0.279062 0.681791 0.000000
0.047580 173.333298 240.000000 -0.774923 0.836975 0.000000
0.045035 152.000000 252.444397 -0.743928 0.433490 0.000000
0.047580 125.333298 264.000000 -0.929877 0.402456 0.000000
0.042489 85.333344 277.333313 -1.394741 0.464528 0.000000
0.045035 63.111111 282.666687 -0.774920 0.185196 0.000000
0.037397 44.444439 284.444489 -0.650956 0.061047 0.000000
0.042489 30.222219 286.222198 -0.496000 0.061043 0.000000
0.039943 18.666670 289.777802 -0.403026 0.123122 0.000000
0.006849 12.444440 292.444489 -0.217080 0.092084 2.000000
0.037397 2.666667 297.777802 -0.341044 0.185194 2.000000
0.032306 -0.888889 299.555511 -0.124107 0.061043 2.000000
0.039943 -3.555556 300.444489 -0.093116 0.030012 2.000000
0.060309 3.555556 293.333313 0.247787 -0.249328 2.000000
0.034852 16.888889 275.555511 0.464724 -0.621773 2.000000
0.004303 24.888889 264.000000 0.278778 -0.404510 2.000000
0.014486 33.777779 251.555603 0.309769 -0.435547 2.000000
0.004303 41.777779 239.111099 0.278778 -0.435551 1.000000
0.014486 49.777779 227.555603 0.278778 -0.404510 0.000000
0.004303 56.888889 216.000000 0.247787 -0.404514 0.000000
0.037397 69.333344 193.777802 0.433734 -0.776957 0.000000
0.039943 80.888893 172.444397 0.402742 -0.745923 0.000000
0.045035 88.888893 153.777802 0.278778 -0.652807 0.000000
0.045035 93.333344 142.222198 0.154814 -0.404514 0.000000
0.004303 94.222221 137.777802 0.030849 -0.156213 0.000000
0.019577 94.222221 135.111099 -0.000142 -0.094141 0.000000
0.004303 94.222221 133.333298 -0.000142 -0.063104 0.000000
0.022123 94.222221 132.444397 -0.000142 -0.032066 0.000000
0.009394 94.222221 132.444397 -0.000142 -0.001029 0.000000
0.019577 94.222221 131.555603 -0.000142 -0.032062 0.000000
0.006849 94.222221 131.555603 -0.000142 -0.001029 0.000000
0.024669 95.111107 129.777802 0.030849 -0.063104 1.000000
0.009394 96.888893 128.000000 0.061840 -0.063104 2.000000
0.019577 102.222198 125.333298 0.185804 -0.094141 2.000000
0.017032 104.000000 124.444397 0.061841 -0.032066 2.000000
0.006849 107.555603 124.444397 0.123824 -0.001029 2.000000
0.001757 107.555603 124.444397 -0.000142 -0.001029 2.000000
0.022123 115.555603 132.444397 0.278778 0.278306 2.000000
0.057763 123.555603 150.222198 0.278778 0.619716 2.000000
0.037397 135.111099 182.222198 0.402740 1.116310 2.000000
0.037397 139.555603 192.888901 0.154815 0.371419 2.000000
0.062855 167.111099 237.333298 0.960580 1.550829 0.000000
0.045035 184.888901 260.444489 0.619681 0.805941 0.000000
0.042489 193.777802 269.333313 0.309769 0.309341 0.000000
0.014486 211.555603 280.000000 0.619681 0.371418 0.000000
0.004303 219.555603 281.777802 0.278778 0.061047 0.000000
0.037397 232.000000 281.777802 0.433732 -0.001029 0.000000
0.062855 240.000000 277.333313 0.278778 -0.156216 0.000000
0.039943 243.555603 270.222198 0.123824 -0.249326 0.000000
0.037397 246.222198 258.666687 0.092829 -0.404510 0.000000
0.050126 255.111099 228.444397 0.309769 -1.056295 0.000000
0.017032 259.555511 216.000000 0.154812 -0.435547 1.000000
0.001757 264.888885 203.555603 0.185806 -0.435547 1.000000
0.037397 277.333313 183.111099 0.433733 -0.714886 2.000000
0.004303 284.444489 174.222198 0.247789 -0.311401 2.000000
0.011940 290.666687 167.111099 0.216795 -0.249326 2.000000
0.001757 290.666687 167.111099 -0.000142 -0.001029 2.000000
0.001757 296.888885 160.000000 0.216795 -0.249326 2.000000
0.014486 304.000000 154.666702 0.247787 -0.187250 2.000000
-0.000788 311.111115 150.222198 0.247787 -0.156217 2.000000
0.014486 319.111115 146.666702 0.278778 -0.125175 2.000000
-0.000788 326.222198 144.888901 0.247786 -0.063104 2.000000
0.004303 326.222198 144.888901 -0.000142 -0.001029 2.000000
0.014486 340.444489 145.777802 0.495718 0.030009 2.000000
-0.000788 340.444489 145.777802 -0.000142 -0.001029 2.000000
0.014486 346.666687 151.111099 0.216795 0.185193 2.000000
0.001757 352.000000 157.333298 0.185804 0.216231 2.000000
0.001757 356.444489 166.222198 0.154815 0.309344 2.000000
0.017032 359.111115 176.888901 0.092830 0.371419 1.000000
0.006849 360.888885 188.444397 0.061840 0.402453 0.000000
0.009394 361.777802 201.777802 0.030850 0.464532 0.000000
0.001757 361.777802 201.777802 -0.000142 -0.001029 0.000000
0.050126 357.333313 244.444397 -0.155099 1.488753 0.000000
0.034852 352.000000 273.777802 -0.186088 1.023201 0.000000
0.037397 348.444489 298.666687 -0.124105 0.868012 0.000000
0.001757 348.444489 298.666687 -0.000142 -0.001029 0.000000
0.032306 348.444489 314.666687 -0.000142 0.557641 0.000000
0.057763 348.444489 328.000000 -0.000142 0.464528 0.000000
0.034852 348.444489 332.444489 -0.000142 0.154159 0.000000
0.004303 348.444489 334.222198 -0.000142 0.061043 1.000000
0.034852 348.444489 335.111115 -0.000142 0.030010 2.000000
0.032306 349.333313 336.000000 0.030847 0.030009 2.000000
0.060309 356.444489 336.000000 0.247789 -0.001029 2.000000
0.032306 364.444489 336.000000 0.278778 -0.001029 2.000000
0.052672 372.444489 335.111115 0.278778 -0.032066 2.000000
0.032306 380.444489 331.555511 0.278778 -0.125179 2.000000
0.052672 391.111115 322.666687 0.371750 -0.311398 2.000000
0.032306 397.333313 309.333313 0.216795 -0.466588 1.000000
0.009394 397.333313 309.333313 -0.000142 -0.001029 1.000000
0.004303 401.777802 299.555511 0.154815 -0.342438 0.000000
0.001757 408.000000 286.222198 0.216795 -0.466585 0.000000
0.042489 424.000000 250.666702 0.557698 -1.242514 0.000000
0.001757 432.888885 232.888901 0.309769 -0.621773 0.000000
0.011940 440.888885 216.888901 0.278778 -0.559698 0.000000
0.004303 440.888885 216.888901 -0.000142 -0.001029 0.000000
0.047580 455.111115 187.555603 0.495716 -1.025254 0.000000
0.045035 452.444489 180.444397 -0.093114 -0.249329 0.000000
0.045035 433.777802 179.555603 -0.650956 -0.032062 0.000000
0.045035 401.777802 188.444397 -1.115822 0.309340 0.000000
0.047580 331.555511 213.333298 -2.448442 0.868013 1.000000
0.029760 304.000000 225.777802 -0.960865 0.433494 1.000000
0.027215 250.666702 255.111099 -1.859608 1.023197 2.000000
-0.003334 229.333298 271.111115 -0.743931 0.557641 2.000000
0.045035 200.888901 298.666687 -0.991856 0.961125 2.000000
0.060309 192.888901 325.333313 -0.279062 0.930085 2.000000
0.039943 208.000000 330.666687 0.526706 0.185196 2.000000
0.039943 238.222198 325.333313 1.053555 -0.187253 2.000000
0.055218 278.222198 309.333313 1.394458 -0.559698 2.000000
0.019577 321.777802 287.111115 1.518424 -0.776957 0.000000
0.001757 321.777802 287.111115 -0.000142 -0.001029 0.000000
0.050126 379.555511 246.222198 2.014278 -1.428740 0.000000
0.039943 400.888885 219.555603 0.743646 -0.932141 0.000000
0.052672 404.444489 195.555603 0.123824 -0.839032 0.000000
0.034852 392.888885 173.333298 -0.403028 -0.776961 0.000000
0.055218 352.888885 146.666702 -1.394742 -0.932141 0.000000
0.032306 336.000000 140.444397 -0.588973 -0.218292 0.000000
0.034852 298.666687 133.333298 -1.301768 -0.249326 1.000000
0.001757 280.888885 131.555603 -0.619965 -0.063100 1.000000
0.001757 264.000000 130.666702 -0.588973 -0.032066 2.000000
0.029760 249.777802 129.777802 -0.495999 -0.032066 2.000000
0.029760 225.777802 128.000000 -0.836902 -0.063104 2.000000
0.060309 208.888901 126.222198 -0.588974 -0.063104 2.000000
0.039943 206.222198 126.222198 -0.093117 -0.001029 2.000000
0.039943 208.000000 133.333298 0.061841 0.247268 2.000000
0.037397 215.111099 152.000000 0.247786 0.650753 2.000000
0.039943 224.000000 173.333298 0.309769 0.743862 0.000000
0.006849 227.555603 184.000000 0.123824 0.371419 0.000000
0.037397 232.888901 205.333298 0.185803 0.743862 0.000000
0.039943 236.444397 224.888901 0.123820 0.681791 0.000000
0.060309 240.888901 241.777802 0.154815 0.588678 0.000000
0.014486 241.777802 244.444397 0.030849 0.092080 0.000000
-0.000788 241.777802 244.444397 -0.000142 -0.001029 0.000000
0.014486 245.333298 244.444397 0.123820 -0.001029 0.000000
0.001757 245.333298 244.444397 -0.000142 -0.001029 0.000000
0.001757 248.000000 241.777802 0.092832 -0.094138 0.000000
0.014486 251.555603 237.333298 0.123824 -0.156217 0.000000
0.001757 255.111099 230.222198 0.123820 -0.249326 0.000000
0.014486 259.555511 221.333298 0.154812 -0.311401 0.000000
0.001757 264.888885 210.666702 0.185806 -0.373472 1.000000
0.001757 264.888885 210.666702 -0.000142 -0.001029 1.000000
0.017032 276.444489 186.666702 0.402744 -0.839032 2.000000
0.001757 276.444489 186.666702 -0.000142 -0.001029 2.000000
0.009394 288.888885 165.333298 0.433732 -0.745923 2.000000
-0.000788 288.888885 165.333298 -0.000142 -0.001029 2.000000
0.006849 295.111115 156.444397 0.216796 -0.311401 2.000000
0.019577 302.222198 149.333298 0.247786 -0.249326 2.000000
0.004303 309.333313 142.222198 0.247787 -0.249326 2.000000
0.017032 317.333313 136.888901 0.278778 -0.187250 2.000000
0.009394 326.222198 132.444397 0.309769 -0.156217 2.000000
0.045035 353.777802 123.555603 0.960584 -0.311397 2.000000
0.047580 369.777802 122.666702 0.557698 -0.032066 2.000000
0.011940 376.888885 123.555603 0.247786 0.030009 1.000000
0.006849 384.000000 127.111099 0.247787 0.123118 1.000000
0.017032 389.333313 133.333298 0.185804 0.216231 0.000000
0.006849 392.000000 140.444397 0.092832 0.247268 0.000000
0.042489 391.111115 159.111099 -0.031133 0.650753 0.000000
0.045035 378.666687 179.555603 -0.434017 0.712829 0.000000
0.039943 358.222198 196.444397 -0.712939 0.588674 0.000000
0.004303 345.777802 203.555603 -0.434016 0.247272 0.000000
0.011940 331.555511 211.555603 -0.496002 0.278306 0.000000
0.004303 316.444489 218.666702 -0.526988 0.247268 0.000000
0.014486 300.444489 227.555603 -0.557982 0.309344 0.000000
0.004303 286.222198 235.555603 -0.496002 0.278306 0.000000
0.014486 273.777802 245.333298 -0.434016 0.340378 0.000000
0.004303 262.222198 255.111099 -0.403028 0.340381 0.000000
0.004303 252.444397 264.888885 -0.341045 0.340381 1.000000
0.017032 243.555603 273.777802 -0.310050 0.309344 1.000000
0.001757 243.555603 273.777802 -0.000142 -0.001029 1.000000
0.017032 226.666702 290.666687 -0.588974 0.588678 2.000000
0.004303 218.666702 297.777802 -0.279062 0.247269 2.000000
0.014486 210.666702 304.000000 -0.279062 0.216231 2.000000
0.006849 202.666702 309.333313 -0.279062 0.185194 2.000000
0.017032 195.555603 313.777802 -0.248071 0.154159 2.000000
0.006849 189.333298 316.444489 -0.217083 0.092084 2.000000
0.065400 178.666702 318.222198 -0.372033 0.061043 2.000000
0.042489 175.111099 310.222198 -0.124108 -0.280363 2.000000
0.039943 172.444397 293.333313 -0.093117 -0.590735 2.000000
0.042489 169.777802 266.666687 -0.093113 -0.932142 0.000000
0.039943 164.444397 240.000000 -0.186091 -0.932145 0.000000
0.039943 152.888901 220.444397 -0.403025 -0.683848 0.000000
0.017032 144.000000 213.333298 -0.310054 -0.249326 0.000000
0.001757 134.222198 208.888901 -0.341045 -0.156213 0.000000
0.001757 124.444397 207.111099 -0.341045 -0.063104 0.000000
0.014486 114.666702 205.333298 -0.341041 -0.063104 0.000000
0.001757 106.666702 205.333298 -0.279062 -0.001029 0.000000
0.014486 100.444397 205.333298 -0.217083 -0.001029 0.000000
0.004303 95.111107 207.111099 -0.186087 0.061047 0.000000
0.001757 95.111107 207.111099 -0.000142 -0.001029 0.000000
0.014486 88.888893 210.666702 -0.217080 0.123122 0.000000
0.001757 88.888893 210.666702 -0.000142 -0.001029 0.000000
0.019577 86.222221 215.111099 -0.093116 0.154156 0.000000
-0.003334 86.222221 215.111099 -0.000142 -0.001029 0.000000
0.004303 86.222221 217.777802 -0.000142 0.092084 0.000000
0.017032 87.111107 220.444397 0.030849 0.092080 1.000000
0.004303 89.777779 223.111099 0.092831 0.092084 1.000000
0.014486 93.333344 224.888901 0.123823 0.061047 2.000000
0.001757 97.777779 227.555603 0.154813 0.092084 2.000000
0.001757 97.777779 227.555603 -0.000142 -0.001029 2.000000
0.037397 120.000000 233.777802 0.774636 0.216231 2.000000
0.034852 131.555603 235.555603 0.402744 0.061047 2.000000
0.057763 164.444397 240.888901 1.146526 0.185193 2.000000
0.034852 177.777802 242.666702 0.464727 0.061047 2.000000
0.032306 179.555603 245.333298 0.061841 0.092080 2.000000
0.034852 169.777802 251.555603 -0.341045 0.216235 1.000000
0.009394 169.777802 251.555603 -0.000142 -0.001029 1.000000
0.027215 150.222198 261.333313 -0.681948 0.340378 0.000000
0.001757 139.555603 265.777802 -0.372033 0.154159 0.000000
0.014486 127.111099 272.000000 -0.434020 0.216231 0.000000
-0.000788 127.111099 272.000000 -0.000142 -0.001029 0.000000
0.001757 114.666702 278.222198 -0.434016 0.216231 0.000000
0.014486 103.111099 284.444489 -0.403028 0.216234 0.000000
-0.000788 90.666656 291.555511 -0.434018 0.247266 0.000000
0.014486 79.111107 299.555511 -0.403026 0.278306 0.000000
-0.000788 68.444443 308.444489 -0.372035 0.309346 0.000000
0.004303 57.777779 317.333313 -0.372035 0.309341 0.000000
0.024669 48.000000 327.111115 -0.341044 0.340381 0.000000
0.006849 39.111111 336.888885 -0.310053 0.340380 0.000000
0.017032 31.111111 345.777802 -0.279062 0.309344 0.000000
0.004303 24.888889 353.777802 -0.217080 0.278306 0.000000
0.019577 21.333330 360.000000 -0.124107 0.216231 0.000000
0.004303 18.666670 363.555511 -0.093115 0.123119 0.000000
0.011940 17.777781 365.333313 -0.031133 0.061047 0.000000
-0.000788 17.777781 365.333313 -0.000142 -0.001029 0.000000
0.032306 20.444441 358.222198 0.092831 -0.249326 2.000000
0.006849 20.444441 358.222198 -0.000142 -0.001029 2.000000
0.024669 28.444441 342.222198 0.278778 -0.559698 2.000000
0.047580 36.444439 320.888885 0.278778 -0.745920 2.000000
0.052672 40.000000 282.666687 0.123822 -1.335626 2.000000
0.050126 39.111111 254.222198 -0.031133 -0.994220 2.000000
0.037397 37.333328 228.444397 -0.062125 -0.901108 2.000000
0.034852 36.444439 204.444397 -0.031133 -0.839032 0.000000
0.006849 36.444439 192.888901 -0.000142 -0.404510 0.000000
0.009394 37.333328 182.222198 0.030849 -0.373476 0.000000
0.001757 37.333328 182.222198 -0.000142 -0.001029 0.000000
0.060309 37.333328 157.333298 -0.000142 -0.870070 0.000000
0.024669 35.555561 152.000000 -0.062124 -0.187250 0.000000
0.055218 34.666672 150.222198 -0.031133 -0.063104 0.000000
0.037397 34.666672 150.222198 -0.000142 -0.001029 0.000000
0.050126 40.888889 156.444397 0.216795 0.216231 0.000000
0.047580 62.222221 171.555603 0.743644 0.526607 1.000000
0.024669 71.111107 176.888901 0.309769 0.185193 2.000000
0.011940 80.888893 182.222198 0.340760 0.185193 2.000000
0.050126 101.333298 195.555603 0.712652 0.464532 2.000000
0.045035 120.000000 212.444397 0.650672 0.588674 2.000000
0.042489 139.555603 232.000000 0.681664 0.681791 2.000000
0.037397 159.111099 252.444397 0.681660 0.712825 2.000000
0.037397 179.555603 274.666687 0.712655 0.774903 2.000000
0.017032 200.000000 296.000000 0.712652 0.743863 3.000000
0.006849 200.000000 296.000000 -0.000142 -0.001029 3.000000
0.014486 215.111099 315.555511 0.526706 0.681788 0.000000
0.001757 215.111099 315.555511 -0.000142 -0.001029 0.000000
0.001757 219.555603 324.444489 0.154815 0.309346 0.000000
0.032306 224.000000 336.000000 0.154812 0.402453 0.000000
0.050126 224.888901 341.333313 0.030849 0.185194 0.000000
0.047580 225.777802 336.888885 0.030849 -0.156214 0.000000
0.037397 228.444397 317.333313 0.092829 -0.683847 0.000000
0.042489 235.555603 285.333313 0.247790 -1.118367 0.000000
0.042489 247.111099 241.777802 0.402740 -1.521849 2.000000
0.004303 253.333298 216.000000 0.216795 -0.901108 2.000000
0.042489 264.888885 168.888901 0.402743 -1.645999 2.000000
0.014486 269.333313 148.444397 0.154813 -0.714886 2.000000
0.009394 272.888885 132.444397 0.123823 -0.559698 2.000000
0.014486 275.555511 119.111099 0.092830 -0.466585 2.000000
0.011940 276.444489 110.222198 0.030852 -0.311401 2.000000
0.045035 270.222198 97.777779 -0.217082 -0.435548 2.000000
0.045035 265.777802 97.777779 -0.155096 -0.001029 2.000000
0.045035 253.333298 112.000000 -0.434020 0.495566 0.000000
0.017032 251.555603 120.888901 -0.062121 0.309344 0.000000
0.009394 250.666702 132.444397 -0.031134 0.402453 0.000000
0.017032 250.666702 144.888901 -0.000142 0.433494 0.000000
0.001757 250.666702 158.222198 -0.000142 0.464528 0.000000
0.019577 251.555603 170.666702 0.030849 0.433494 0.000000
0.004303 253.333298 182.222198 0.061837 0.402453 0.000000
0.011940 254.222198 192.888901 0.030849 0.371419 0.000000
0.004303 254.222198 202.666702 -0.000142 0.340381 0.000000
0.001757 255.111099 212.444397 0.030849 0.340378 0.000000
0.014486 255.111099 221.333298 -0.000142 0.309344 0.000000
0.004303 255.111099 231.111099 -0.000142 0.340381 0.000000
0.014486 255.111099 239.111099 -0.000142 0.278306 0.000000
0.009394 255.111099 246.222198 -0.000142 0.247268 0.000000
0.017032 256.000000 251.555603 0.030849 0.185197 0.000000
0.009394 256.000000 256.000000 -0.000142 0.154156 0.000000
0.019577 256.000000 258.666687 -0.000142 0.092084 0.000000
0.009394 256.000000 259.555511 -0.000142 0.030006 0.000000
0.045035 256.888885 258.666687 0.030849 -0.032063 2.000000
0.045035 260.444489 248.888901 0.123824 -0.342438 2.000000
0.083221 272.888885 224.000000 0.433732 -0.870070 2.000000
0.011940 278.222198 214.222198 0.185804 -0.342438 2.000000
0.057763 294.222198 182.222198 0.557698 -1.118367 2.000000
0.027215 305.777802 154.666702 0.402744 -0.963179 2.000000
0.027215 312.888885 139.555603 0.247786 -0.528660 2.000000
0.006849 320.000000 123.555603 0.247787 -0.559698 2.000000
0.017032 327.111115 108.444397 0.247787 -0.528664 1.000000
0.004303 335.111115 93.333344 0.278778 -0.528659 1.000000
0.019577 351.111115 68.444443 0.557698 -0.870070 0.000000
0.004303 351.111115 68.444443 -0.000142 -0.001029 0.000000
0.019577 357.333313 58.666672 0.216795 -0.342437 0.000000
-0.000788 363.555511 51.555561 0.216795 -0.249326 0.000000
0.004303 368.888885 46.222221 0.185806 -0.187252 0.000000
0.011940 373.333313 41.777779 0.154813 -0.156214 0.000000
0.004303 376.888885 39.111111 0.123823 -0.094140 0.000000
0.022123 383.111115 35.555561 0.216796 -0.125177 0.000000
0.009394 383.111115 35.555561 -0.000142 -0.001029 0.000000
0.027215 388.444489 35.555561 0.185806 -0.001029 0.000000
0.024669 394.666687 35.555561 0.216795 -0.001029 0.000000
0.001757 394.666687 35.555561 -0.000142 -0.001029 0.000000
0.024669 402.666687 39.111111 0.278778 0.123120 0.000000
0.009394 402.666687 39.111111 -0.000142 -0.001029 0.000000
0.017032 415.111115 45.333328 0.433733 0.216232 0.000000
0.009394 421.333313 48.888889 0.216795 0.123120 1.000000
0.017032 428.444489 53.333328 0.247789 0.154157 1.000000
0.009394 435.555511 57.777779 0.247784 0.154158 2.000000
0.045035 446.222198 65.777779 0.371752 0.278306 2.000000
0.047580 455.111115 76.444443 0.309770 0.371417 2.000000
0.022123 456.888885 80.000000 0.061840 0.123120 2.000000
0.014486 459.555511 82.666656 0.092830 0.092083 2.000000
0.022123 461.333313 86.222221 0.061841 0.123120 2.000000
0.004303 461.333313 86.222221 -0.000142 -0.001029 2.000000
0.019577 462.222198 87.111107 0.030849 0.030009 2.000000
0.009394 463.111115 87.111107 0.030850 -0.001029 2.000000
0.024669 463.111115 87.111107 -0.000142 -0.001029 1.000000
0.024669 463.111115 88.000000 -0.000142 0.030009 1.000000
0.011940 463.111115 88.888893 -0.000142 0.030009 0.000000
0.022123 461.333313 91.555557 -0.062125 0.092083 0.000000
0.004303 460.444489 96.000000 -0.031131 0.154157 0.000000
0.029760 456.000000 106.666702 -0.155099 0.371419 0.000000
0.024669 454.222198 113.777802 -0.062125 0.247268 0.000000
0.004303 451.555511 120.000000 -0.093116 0.216231 0.000000
0.050126 438.222198 143.111099 -0.465008 0.805938 0.000000
0.050126 425.777802 160.000000 -0.434016 0.588678 0.000000
0.042489 409.777802 179.555603 -0.557982 0.681791 0.000000
0.039943 393.777802 202.666702 -0.557982 0.805938 0.000000
0.047580 375.111115 239.111099 -0.650956 1.271494 1.000000
0.042489 369.777802 250.666702 -0.186088 0.402456 1.000000
0.017032 360.000000 272.888885 -0.341045 0.774899 2.000000
0.006849 355.555511 281.777802 -0.155099 0.309344 2.000000
0.014486 352.000000 290.666687 -0.124105 0.309343 2.000000
-0.000788 352.000000 290.666687 -0.000142 -0.001029 2.000000
0.006849 348.444489 298.666687 -0.124105 0.278306 2.000000
0.014486 344.000000 312.000000 -0.155099 0.464528 2.000000
0.004303 344.000000 312.000000 -0.000142 -0.001029 2.000000
0.014486 343.111115 317.333313 -0.031133 0.185194 2.000000
0.004303 341.333313 321.777802 -0.062125 0.154159 2.000000
0.014486 341.333313 324.444489 -0.000142 0.092084 2.000000
0.001757 340.444489 325.333313 -0.031131 0.030006 2.000000
0.004303 339.555511 325.333313 -0.031136 -0.001029 2.000000
0.014486 338.666687 323.555511 -0.031131 -0.063104 2.000000
0.004303 337.777802 320.000000 -0.031133 -0.125176 2.000000
0.019577 336.888885 313.777802 -0.031134 -0.218288 1.000000
0.006849 336.000000 304.888885 -0.031133 -0.311401 0.000000
0.019577 336.000000 294.222198 -0.000142 -0.373475 0.000000
0.006849 336.000000 281.777802 -0.000142 -0.435547 0.000000
0.062855 333.333313 227.555603 -0.093116 -1.894296 0.000000
0.045035 329.777802 180.444397 -0.124105 -1.646002 0.000000
0.037397 323.555511 136.000000 -0.217082 -1.552886 0.000000
0.039943 311.111115 106.666702 -0.434016 -1.025254 0.000000
0.042489 288.888885 81.777779 -0.774920 -0.870071 0.000000
0.042489 275.555511 73.777779 -0.465010 -0.280363 0.000000
0.042489 264.000000 71.111107 -0.403025 -0.094140 1.000000
0.017032 258.666687 71.111107 -0.186088 -0.001029 1.000000
0.001757 255.111099 72.000000 -0.124108 0.030009 1.000000
0.001757 255.111099 72.000000 -0.000142 -0.001029 1.000000
0.014486 248.888901 77.333344 -0.217079 0.185195 2.000000
0.004303 248.888901 77.333344 -0.000142 -0.001029 2.000000
0.014486 245.333298 87.111107 -0.124108 0.340380 2.000000
0.001757 245.333298 87.111107 -0.000142 -0.001029 2.000000
0.004303 245.333298 92.444443 -0.000142 0.185195 2.000000
0.014486 245.333298 99.555557 -0.000142 0.247269 2.000000
0.001757 246.222198 105.777802 0.030849 0.216232 2.000000
0.017032 248.888901 112.888901 0.092832 0.247268 2.000000
0.001757 252.444397 120.000000 0.123820 0.247268 2.000000
0.001757 256.888885 125.333298 0.154815 0.185193 2.000000
0.011940 260.444489 131.555603 0.123824 0.216235 2.000000
0.001757 260.444489 131.555603 -0.000142 -0.001029 2.000000
0.014486 264.888885 144.000000 0.154812 0.433490 2.000000
0.004303 264.888885 144.000000 -0.000142 -0.001029 2.000000
0.057763 266.666687 168.888901 0.061841 0.868013 0.000000
0.034852 261.333313 188.444397 -0.186090 0.681787 0.000000
0.055218 253.333298 208.888901 -0.279063 0.712829 0.000000
0.029760 244.444397 228.444397 -0.310054 0.681787 0.000000
0.052672 225.777802 256.000000 -0.650953 0.961126 0.000000
0.055218 208.888901 270.222198 -0.588974 0.495565 0.000000
0.011940 200.888901 274.666687 -0.279062 0.154159 0.000000
0.004303 193.777802 278.222198 -0.248071 0.123119 0.000000
0.014486 187.555603 280.000000 -0.217079 0.061047 0.000000
-0.000788 183.111099 280.000000 -0.155100 -0.001029 0.000000
0.001757 183.111099 280.000000 -0.000142 -0.001029 0.000000
0.011940 176.000000 278.222198 -0.248071 -0.063104 0.000000
0.001757 176.000000 278.222198 -0.000142 -0.001029 0.000000
0.014486 172.444397 270.222198 -0.124108 -0.280363 0.000000
0.001757 172.444397 270.222198 -0.000142 -0.001029 0.000000
0.001757 172.444397 264.000000 -0.000142 -0.218288 1.000000
0.014486 171.555603 256.888885 -0.031130 -0.249326 1.000000
0.004303 171.555603 249.777802 -0.000142 -0.249325 2.000000
0.014486 171.555603 241.777802 -0.000142 -0.280363 2.000000
0.001757 172.444397 232.888901 0.030846 -0.311401 2.000000
0.001757 172.444397 232.888901 -0.000142 -0.001029 2.000000
0.009394 173.333298 211.555603 0.030849 -0.745920 2.000000
-0.000788 173.333298 211.555603 -0.000142 -0.001029 2.000000
0.001757 173.333298 199.111099 -0.000142 -0.435551 2.000000
0.011940 174.222198 184.888901 0.030849 -0.497623 2.000000
0.001757 174.222198 184.888901 -0.000142 -0.001029 2.000000
0.052672 175.111099 136.888901 0.030849 -1.677036 2.000000
0.034852 175.111099 111.111099 -0.000142 -0.901108 2.000000
0.060309 168.888901 95.111107 -0.217079 -0.559697 2.000000
0.014486 160.000000 84.444443 -0.310054 -0.373475 0.000000
0.009394 153.777802 79.111107 -0.217079 -0.187252 0.000000
0.039943 141.333298 72.000000 -0.434020 -0.249326 0.000000
0.032306 128.888901 64.888893 -0.434016 -0.249326 0.000000
0.001757 128.888901 64.888893 -0.000142 -0.001029 0.000000
0.034852 115.555603 61.333328 -0.465008 -0.125178 0.000000
0.055218 93.333344 64.000000 -0.774921 0.092083 0.000000
0.034852 85.333344 68.444443 -0.279062 0.154157 0.000000
0.055218 66.666656 84.444443 -0.650956 0.557641 0.000000
0.029760 60.444439 95.111107 -0.217080 0.371417 1.000000
0.057763 57.777779 106.666702 -0.093115 0.402456 1.000000
0.011940 56.000000 119.111099 -0.062124 0.433490 2.000000
0.004303 56.000000 119.111099 -0.000142 -0.001029 2.000000
0.047580 50.666672 147.555603 -0.186089 0.992163 2.000000
0.050126 44.444439 170.666702 -0.217080 0.805938 2.000000
0.052672 38.222221 192.888901 -0.217080 0.774900 2.000000
0.032306 34.666672 214.222198 -0.124106 0.743862 2.000000
0.042489 33.777779 236.444397 -0.031133 0.774900 2.000000
0.014486 33.777779 260.444489 -0.000142 0.836978 0.000000
0.011940 33.777779 272.888885 -0.000142 0.433490 0.000000
0.032306 33.777779 287.111115 -0.000142 0.495567 0.000000
-0.000788 33.777779 300.444489 -0.000142 0.464531 0.000000
0.052672 38.222221 332.444489 0.154813 1.116310 0.000000
0.032306 41.777779 338.666687 0.123822 0.216231 0.000000
0.045035 55.111111 341.333313 0.464724 0.092082 0.000000
0.045035 68.444443 326.222198 0.464724 -0.528661 0.000000
0.057763 86.222221 302.222198 0.619680 -0.839032 0.000000
0.037397 107.555603 272.000000 0.743646 -1.056292 0.000000
0.017032 134.222198 240.000000 0.929589 -1.118367 1.000000
0.006849 134.222198 240.000000 -0.000142 -0.001029 1.000000
0.037397 172.444397 200.000000 1.332475 -1.397702 2.000000
0.001757 172.444397 200.000000 -0.000142 -0.001029 2.000000
0.039943 192.000000 185.777802 0.681664 -0.497623 2.000000
0.050126 203.555603 180.444397 0.402744 -0.187254 2.000000
0.022123 204.444397 180.444397 0.030846 -0.001029 2.000000
0.024669 201.777802 184.888901 -0.093113 0.154159 2.000000
0.042489 197.333298 191.111099 -0.155100 0.216231 2.000000
0.022123 195.555603 193.777802 -0.062121 0.092084 2.000000
0.017032 193.777802 198.222198 -0.062125 0.154156 0.000000
0.006849 193.777802 198.222198 -0.000142 -0.001029 0.000000
0.050126 192.888901 204.444397 -0.031134 0.216231 0.000000
0.032306 192.000000 208.888901 -0.031134 0.154159 0.000000
0.047580 187.555603 223.111099 -0.155096 0.495565 0.000000
0.050126 184.000000 234.666702 -0.124108 0.402456 0.000000
0.037397 179.555603 248.888901 -0.155096 0.495565 0.000000
0.042489 175.111099 266.666687 -0.155100 0.619715 0.000000
0.060309 171.555603 295.111115 -0.124105 0.992160 1.000000
0.065400 170.666702 320.888885 -0.031134 0.899049 2.000000
0.001757 170.666702 328.888885 -0.000142 0.278306 2.000000
0.006849 170.666702 328.888885 -0.000142 -0.001029 2.000000
0.032306 170.666702 341.333313 -0.000142 0.433491 2.000000
0.039943 173.333298 348.444489 0.092829 0.247271 2.000000
0.055218 184.888901 346.666687 0.402744 -0.063104 2.000000
0.057763 208.888901 326.222198 0.836618 -0.714885 2.000000
0.024669 220.444397 315.555511 0.402740 -0.373475 0.000000
0.011940 232.888901 304.000000 0.433735 -0.404510 0.000000
-0.003334 246.222198 291.555511 0.464723 -0.435551 0.000000
0.001757 259.555511 280.000000 0.464724 -0.404510 0.000000
0.014486 271.111115 270.222198 0.402744 -0.342438 0.000000
-0.000788 271.111115 270.222198 -0.000142 -0.001029 0.000000
0.001757 281.777802 263.111115 0.371752 -0.249325 0.000000
0.011940 292.444489 257.777802 0.371752 -0.187251 0.000000
0.001757 300.444489 255.111099 0.278778 -0.094141 0.000000
0.014486 308.444489 253.333298 0.278778 -0.063104 0.000000
0.001757 308.444489 253.333298 -0.000142 -0.001029 0.000000
0.001757 314.666687 252.444397 0.216795 -0.032066 0.000000
0.011940 320.888885 252.444397 0.216795 -0.001029 0.000000
0.006849 326.222198 252.444397 0.185804 -0.001029 0.000000
0.014486 331.555511 252.444397 0.185804 -0.001029 0.000000
0.009394 336.888885 252.444397 0.185806 -0.001029 0.000000
0.014486 347.555511 253.333298 0.371750 0.030009 0.000000
0.006849 347.555511 253.333298 -0.000142 -0.001029 0.000000
0.014486 358.222198 255.111099 0.371752 0.061047 0.000000
0.009394 364.444489 256.888885 0.216798 0.061046 1.000000
0.006849 364.444489 256.888885 -0.000142 -0.001029 1.000000
0.014486 376.000000 259.555511 0.402741 0.092082 2.000000
0.006849 376.000000 259.555511 -0.000142 -0.001029 2.000000
0.014486 386.666687 263.111115 0.371752 0.123122 2.000000
0.009394 392.000000 264.888885 0.185804 0.061046 2.000000
0.045035 399.111115 269.333313 0.247787 0.154157 2.000000
0.045035 405.333313 275.555511 0.216795 0.216231 2.000000
0.039943 409.777802 281.777802 0.154815 0.216234 2.000000
0.014486 411.555511 284.444489 0.061838 0.092084 2.000000
0.006849 412.444489 286.222198 0.030852 0.061043 2.000000
0.014486 413.333313 289.777802 0.030847 0.123122 1.000000
0.004303 413.333313 289.777802 -0.000142 -0.001029 1.000000
0.014486 410.666687 294.222198 -0.093114 0.154156 1.000000
0.004303 410.666687 294.222198 -0.000142 -0.001029 0.000000
0.001757 407.111115 297.777802 -0.124107 0.123122 0.000000
0.014486 401.777802 301.333313 -0.186088 0.123119 0.000000
0.004303 396.444489 306.666687 -0.186088 0.185196 0.000000
0.014486 390.222198 312.000000 -0.217082 0.185194 0.000000
0.001757 384.000000 318.222198 -0.217079 0.216231 0.000000
0.001757 384.000000 318.222198 -0.000142 -0.001029 0.000000
0.014486 375.111115 330.666687 -0.310053 0.433493 0.000000
0.011940 371.555511 336.000000 -0.124108 0.185194 0.000000
0.014486 368.888885 339.555511 -0.093114 0.123119 0.000000
0.011940 366.222198 343.111115 -0.093116 0.123122 0.000000
0.014486 362.666687 345.777802 -0.124105 0.092084 0.000000
0.011940 359.111115 347.555511 -0.124107 0.061043 0.000000
0.050126 345.777802 348.444489 -0.465008 0.030012 0.000000
0.042489 318.222198 341.333313 -0.960868 -0.249328 1.000000
0.014486 309.333313 336.000000 -0.310053 -0.187251 2.000000
0.009394 302.222198 328.000000 -0.248071 -0.280363 2.000000
0.042489 288.888885 306.666687 -0.465008 -0.745920 2.000000
0.039943 272.888885 277.333313 -0.557982 -1.025257 2.000000
0.073038 247.111099 226.666702 -0.898885 -1.770146 2.000000
-0.000788 239.111099 212.444397 -0.279062 -0.497626 2.000000
0.004303 232.000000 200.000000 -0.248071 -0.435547 2.000000
0.011940 226.666702 189.333298 -0.186088 -0.373476 2.000000
0.001757 226.666702 189.333298 -0.000142 -0.001029 2.000000
0.017032 217.777802 170.666702 -0.310054 -0.652807 2.000000
0.001757 214.222198 163.555603 -0.124108 -0.249326 0.000000
0.004303 214.222198 163.555603 -0.000142 -0.001029 0.000000
0.017032 211.555603 157.333298 -0.093113 -0.218292 0.000000
0.001757 208.000000 152.000000 -0.124108 -0.187250 0.000000
0.014486 204.444397 148.444397 -0.124108 -0.125179 0.000000
0.001757 201.777802 144.888901 -0.093113 -0.125175 0.000000
0.001757 198.222198 143.111099 -0.124108 -0.063104 0.000000
0.019577 196.444397 141.333298 -0.062125 -0.063104 0.000000
0.004303 195.555603 139.555603 -0.031130 -0.063100 0.000000
0.014486 194.666702 139.555603 -0.031134 -0.001029 0.000000
0.009394 194.666702 138.666702 -0.000142 -0.032066 0.000000
0.017032 194.666702 138.666702 -0.000142 -0.001029 0.000000
0.009394 194.666702 138.666702 -0.000142 -0.001029 0.000000
0.045035 198.222198 143.111099 0.123820 0.154156 0.000000
0.045035 211.555603 162.666702 0.464727 0.681791 0.000000
0.017032 216.888901 171.555603 0.185803 0.309344 1.000000
0.009394 224.000000 181.333298 0.247786 0.340378 1.000000
0.045035 237.333298 205.333298 0.464723 0.836975 2.000000
0.047580 244.444397 232.000000 0.247786 0.930088 2.000000
0.045035 244.444397 257.777802 -0.000142 0.899050 2.000000
0.017032 240.888901 280.888885 -0.124105 0.805937 2.000000
0.004303 240.888901 280.888885 -0.000142 -0.001029 2.000000
0.014486 240.000000 297.777802 -0.031134 0.588679 2.000000
0.006849 240.000000 304.000000 -0.000142 0.216231 2.000000
0.014486 241.777802 309.333313 0.061841 0.185194 2.000000
0.006849 244.444397 313.777802 0.092829 0.154159 2.000000
0.014486 247.111099 317.333313 0.092832 0.123119 2.000000
0.006849 248.888901 320.888885 0.061841 0.123121 0.000000
0.006849 248.888901 320.888885 -0.000142 -0.001029 0.000000
0.014486 254.222198 324.444489 0.185803 0.123122 0.000000
0.001757 254.222198 324.444489 -0.000142 -0.001029 0.000000
0.014486 256.000000 325.333313 0.061841 0.030006 0.000000
0.001757 256.000000 325.333313 -0.000142 -0.001029 0.000000
0.014486 256.000000 326.222198 -0.000142 0.030009 0.000000
0.001757 256.000000 326.222198 -0.000142 -0.001029 0.000000
0.001757 256.000000 326.222198 -0.000142 -0.001029 0.000000
0.037397 248.888901 320.888885 -0.248071 -0.187251 0.000000
0.060309 229.333298 299.555511 -0.681948 -0.745922 0.000000
0.034852 219.555603 288.000000 -0.341041 -0.404510 0.000000
0.073038 168.888901 225.777802 -1.766637 -2.173630 1.000000
0.022123 154.666702 214.222198 -0.495999 -0.404514 1.000000
0.014486 140.444397 204.444397 -0.496003 -0.342438 2.000000
0.034852 110.222198 191.111099 -1.053839 -0.466585 2.000000
0.001757 95.111107 186.666702 -0.526990 -0.156213 2.000000
0.004303 81.777779 182.222198 -0.465009 -0.156217 2.000000
0.011940 70.222221 178.666702 -0.403027 -0.125175 2.000000
0.001757 70.222221 178.666702 -0.000142 -0.001029 2.000000
0.017032 61.333328 176.000000 -0.310053 -0.094141 2.000000
-0.000788 55.111111 174.222198 -0.217080 -0.063104 2.000000
0.001757 51.555561 172.444397 -0.124106 -0.063104 2.000000
0.014486 49.777779 171.555603 -0.062125 -0.032062 2.000000
0.001757 48.888889 170.666702 -0.031133 -0.032066 2.000000
0.017032 48.888889 169.777802 -0.000142 -0.032066 2.000000
0.001757 48.888889 168.000000 -0.000142 -0.063104 2.000000
0.001757 48.888889 168.000000 -0.000142 -0.001029 2.000000
0.011940 51.555561 162.666702 0.092831 -0.187250 2.000000
0.006849 51.555561 162.666702 -0.000142 -0.001029 0.000000
0.017032 58.666672 152.888901 0.247787 -0.342438 0.000000
0.001757 58.666672 152.888901 -0.000142 -0.001029 0.000000
-0.000788 63.111111 146.666702 0.154813 -0.218288 0.000000
0.011940 70.222221 139.555603 0.247787 -0.249326 0.000000
0.001757 77.333344 131.555603 0.247787 -0.280363 0.000000
0.067946 106.666702 109.333298 1.022565 -0.776961 0.000000
0.024669 117.333298 104.000000 0.371749 -0.187250 0.000000
0.067946 147.555603 92.444443 1.053558 -0.404512 0.000000
0.022123 167.111099 88.000000 0.681660 -0.156214 0.000000
0.052672 184.888901 84.444443 0.619681 -0.125177 1.000000
0.037397 196.444397 84.444443 0.402740 -0.001029 1.000000
0.014486 203.555603 87.111107 0.247790 0.092083 2.000000
0.004303 203.555603 87.111107 -0.000142 -0.001029 2.000000
0.014486 206.222198 89.777779 0.092829 0.092083 2.000000
0.024669 206.222198 100.444397 -0.000142 0.371416 2.000000
0.065400 200.000000 120.888901 -0.217079 0.712829 2.000000
0.022123 198.222198 128.000000 -0.062125 0.247268 2.000000
0.034852 192.888901 143.111099 -0.186088 0.526603 1.000000
0.017032 189.333298 152.000000 -0.124108 0.309344 0.000000
0.024669 184.000000 168.888901 -0.186088 0.588678 0.000000
0.052672 179.555603 185.777802 -0.155096 0.588678 0.000000
0.029760 176.888901 200.000000 -0.093117 0.495565 0.000000
0.052672 173.333298 215.111099 -0.124108 0.526603 0.000000
0.060309 164.444397 244.444397 -0.310054 1.023197 0.000000
0.022123 157.333298 271.111115 -0.248071 0.930089 0.000000
0.047580 153.777802 298.666687 -0.124105 0.961125 0.000000
0.050126 153.777802 324.444489 -0.000142 0.899050 2.000000
0.065400 158.222198 360.000000 0.154812 1.240457 2.000000
0.001757 160.000000 369.777802 0.061841 0.340381 2.000000
-0.000788 160.888901 379.555511 0.030849 0.340378 2.000000
0.050126 160.888901 394.666687 -0.000142 0.526606 2.000000
0.047580 159.111099 406.222198 -0.062125 0.402453 2.000000
0.060309 153.777802 413.333313 -0.186088 0.247269 1.000000
0.017032 151.111099 412.444489 -0.093117 -0.032063 1.000000
0.011940 146.666702 401.777802 -0.155096 -0.373475 0.000000
0.024669 143.111099 392.000000 -0.124108 -0.342438 0.000000
0.037397 134.222198 364.444489 -0.310054 -0.963179 0.000000
0.070492 109.333298 307.555511 -0.867894 -1.987411 0.000000
0.027215 87.111107 272.000000 -0.774919 -1.242514 0.000000
0.037397 68.444443 249.777802 -0.650955 -0.776957 0.000000
0.014486 60.444439 243.555603 -0.279062 -0.218288 0.000000
0.009394 55.111111 240.888901 -0.186089 -0.094141 3.000000
0.017032 51.555561 239.111099 -0.124106 -0.063104 2.000000
0.039943 48.000000 238.222198 -0.124107 -0.032066 2.000000
0.027215 47.111111 238.222198 -0.031133 -0.001029 2.000000
0.037397 48.000000 237.333298 0.030849 -0.032066 2.000000
0.014486 54.222221 235.555603 0.216796 -0.063100 2.000000
0.034852 58.666672 233.777802 0.154814 -0.063104 2.000000
0.022123 66.666656 230.222198 0.278777 -0.125179 2.000000
