0.037397 253.333298 311.111115 -0.062125 -0.125178 2.000000
0.014486 254.222198 305.777802 0.030849 -0.187251 0.000000
0.004303 256.888885 298.666687 0.092832 -0.249326 0.000000
0.004303 256.888885 298.666687 -0.000142 -0.001029 0.000000
0.032306 266.666687 278.222198 0.340761 -0.714885 0.000000
0.062855 289.777802 244.444397 0.805627 -1.180442 0.000000
0.019577 310.222198 225.777802 0.712652 -0.652807 0.000000
0.052672 333.333313 210.666702 0.805627 -0.528660 0.000000
0.032306 348.444489 201.777802 0.526709 -0.311401 0.000000
0.052672 352.888885 199.111099 0.154812 -0.094141 0.000000
0.014486 351.111115 198.222198 -0.062124 -0.032066 0.000000
0.006849 336.888885 196.444397 -0.496000 -0.063104 0.000000
0.019577 327.111115 195.555603 -0.341044 -0.032062 1.000000
0.045035 304.000000 192.000000 -0.805911 -0.125179 2.000000
0.037397 272.000000 189.333298 -1.115822 -0.094141 2.000000
0.029760 249.777802 188.444397 -0.774919 -0.032066 2.000000
0.037397 198.222198 191.111099 -1.797628 0.092084 2.000000
0.039943 146.666702 201.777802 -1.797624 0.371419 2.000000
0.070492 88.888893 220.444397 -2.014565 0.650750 2.000000
0.024669 84.444443 222.222198 -0.155098 0.061047 2.000000
0.014486 82.666656 224.888901 -0.062125 0.092084 3.000000
0.004303 82.666656 227.555603 -0.000142 0.092084 0.000000
0.055218 97.777779 237.333298 0.526707 0.340378 0.000000
0.065400 124.444397 245.333298 0.929589 0.278306 0.000000
0.019577 136.000000 245.333298 0.402744 -0.001029 0.000000
0.062855 173.333298 236.444397 1.301483 -0.311401 0.000000
0.022123 185.777802 229.333298 0.433735 -0.249326 0.000000
0.017032 209.777802 210.666702 0.836618 -0.652807 0.000000
0.037397 225.777802 185.777802 0.557698 -0.870070 0.000000
0.019577 228.444397 171.555603 0.092829 -0.497623 0.000000
0.037397 223.111099 145.777802 -0.186088 -0.901108 2.000000
0.014486 215.111099 136.000000 -0.279062 -0.342438 2.000000
0.022123 204.444397 128.888901 -0.372037 -0.249326 2.000000
0.060309 161.777802 120.888901 -1.487713 -0.280363 2.000000
0.022123 143.111099 121.777802 -0.650957 0.030009 2.000000
0.017032 101.333298 130.666702 -1.456725 0.309344 2.000000
-0.003334 101.333298 130.666702 -0.000142 -0.001029 2.000000
0.001757 80.888893 138.666702 -0.712936 0.278306 2.000000
0.062855 41.777779 160.000000 -1.363751 0.743862 2.000000
0.001757 40.000000 165.333298 -0.062124 0.185193 3.000000
0.001757 40.000000 165.333298 -0.000142 -0.001029 3.000000
0.014486 52.444439 174.222198 0.433733 0.309344 3.000000
0.001757 52.444439 174.222198 -0.000142 -0.001029 3.000000
0.017032 88.888893 176.000000 1.270494 0.061047 0.000000
0.009394 88.888893 176.000000 -0.000142 -0.001029 0.000000
0.022123 144.888901 176.000000 1.952298 -0.001029 0.000000
0.006849 177.777802 176.000000 1.146529 -0.001029 0.000000
0.022123 211.555603 179.555603 1.177521 0.123122 0.000000
0.006849 242.666702 185.777802 1.084546 0.216231 0.000000
0.027215 294.222198 204.444397 1.797340 0.650750 0.000000
0.009394 312.000000 216.000000 0.619681 0.402456 0.000000
0.024669 325.333313 226.666702 0.464724 0.371419 0.000000
0.024669 335.111115 246.222198 0.340761 0.681787 0.000000
0.011940 333.333313 256.000000 -0.062125 0.340381 0.000000
0.022123 327.111115 264.000000 -0.217079 0.278306 0.000000
0.009394 318.222198 271.111115 -0.310054 0.247269 2.000000
0.042489 303.111115 280.888885 -0.526990 0.340380 2.000000
0.073038 291.555511 270.222198 -0.403028 -0.373475 2.000000
0.024669 290.666687 259.555511 -0.031131 -0.373475 2.000000
0.070492 289.777802 208.888901 -0.031133 -1.770146 2.000000
0.034852 283.555511 160.000000 -0.217082 -1.708074 2.000000
0.024669 275.555511 111.111099 -0.279062 -1.708074 2.000000
0.017032 272.000000 88.888893 -0.124105 -0.776957 0.000000
0.037397 269.333313 52.444439 -0.093116 -1.273553 0.000000
0.006849 269.333313 52.444439 -0.000142 -0.001029 0.000000
-0.000788 268.444489 40.000000 -0.031131 -0.435549 0.000000
0.042489 264.888885 22.222219 -0.124108 -0.621772 0.000000
0.065400 250.666702 8.888889 -0.495999 -0.466586 0.000000
0.022123 235.555603 8.000000 -0.526991 -0.032066 0.000000
0.067946 205.333298 27.555559 -1.053843 0.681790 0.000000
0.022123 195.555603 40.888889 -0.341041 0.464529 0.000000
0.014486 186.666702 56.888889 -0.310054 0.557641 1.000000
0.032306 167.111099 91.555557 -0.681948 1.209421 1.000000
0.001757 155.555603 109.333298 -0.403025 0.619714 2.000000
0.006849 143.111099 127.111099 -0.434020 0.619716 2.000000
0.009394 128.000000 144.888901 -0.526991 0.619716 2.000000
0.009394 113.777802 163.555603 -0.495999 0.650753 2.000000
0.047580 88.000000 195.555603 -0.898885 1.116310 2.000000
0.078129 73.777779 217.777802 -0.496000 0.774900 2.000000
0.006849 73.777779 219.555603 -0.000142 0.061047 2.000000
0.078129 90.666656 197.333298 0.588689 -0.776961 2.000000
0.009394 98.666656 182.222198 0.278778 -0.528660 0.000000
0.017032 108.444397 164.444397 0.340759 -0.621773 0.000000
0.047580 130.666702 122.666702 0.774638 -1.459773 0.000000
0.004303 142.222198 103.111099 0.402740 -0.683848 0.000000
0.022123 153.777802 87.111107 0.402744 -0.559697 0.000000
0.045035 182.222198 59.555561 0.991572 -0.963181 0.000000
0.045035 196.444397 53.333328 0.495715 -0.218289 0.000000
0.045035 205.333298 53.333328 0.309769 -0.001029 0.000000
0.039943 212.444397 67.555557 0.247786 0.495567 0.000000
0.050126 218.666702 94.222221 0.216799 0.930087 1.000000
0.032306 224.888901 129.777802 0.216795 1.240459 2.000000
0.022123 229.333298 168.888901 0.154812 1.364607 2.000000
0.011940 230.222198 188.444397 0.030849 0.681787 2.000000
0.019577 230.222198 207.111099 -0.000142 0.650753 2.000000
0.075583 223.111099 247.111099 -0.248071 1.395644 2.000000
0.039943 215.111099 259.555511 -0.279062 0.433491 2.000000
0.042489 205.333298 261.333313 -0.341045 0.061047 2.000000
0.047580 181.333298 232.888901 -0.836902 -0.994217 3.000000
0.047580 154.666702 198.222198 -0.929873 -1.211480 0.000000
0.047580 116.444397 159.111099 -1.332763 -1.366664 0.000000
0.045035 48.000000 129.777802 -2.386456 -1.025254 0.000000
0.045035 4.444445 135.111099 -1.518706 0.185193 0.000000
0.047580 -24.888889 152.000000 -1.022849 0.588678 0.000000
0.006849 -33.777779 161.777802 -0.310053 0.340381 0.000000
0.019577 -38.222221 174.222198 -0.155098 0.433490 0.000000
0.006849 -39.111111 188.444397 -0.031133 0.495565 0.000000
0.014486 -37.333328 204.444397 0.061840 0.557641 0.000000
0.004303 -31.111111 221.333298 0.216795 0.588678 2.000000
0.017032 -22.222219 237.333298 0.309769 0.557641 2.000000
0.001757 -10.666670 253.333298 0.402742 0.557641 2.000000
0.001757 1.777778 267.555511 0.433733 0.495566 2.000000
0.011940 16.000000 281.777802 0.495716 0.495569 2.000000
-0.000788 16.000000 281.777802 -0.000142 -0.001029 2.000000
0.001757 30.222219 293.333313 0.495715 0.402453 2.000000
0.011940 44.444439 302.222198 0.495715 0.309343 2.000000
0.004303 57.777779 310.222198 0.464725 0.278306 2.000000
0.014486 69.333344 315.555511 0.402743 0.185194 2.000000
0.001757 79.111107 319.111115 0.340760 0.123122 2.000000
0.004303 86.222221 321.777802 0.247787 0.092084 2.000000
0.014486 90.666656 323.555511 0.154813 0.061043 2.000000
0.037397 96.000000 326.222198 0.185805 0.092084 2.000000
0.004303 97.777779 327.111115 0.061840 0.030010 0.000000
0.004303 97.777779 327.111115 -0.000142 -0.001029 0.000000
0.037397 104.888901 326.222198 0.247787 -0.032067 0.000000
0.039943 121.777802 316.444489 0.588689 -0.342435 0.000000
0.070492 163.555603 278.222198 1.456441 -1.335630 0.000000
0.045035 211.555603 217.777802 1.673378 -2.111555 0.000000
0.045035 245.333298 187.555603 1.177517 -1.056292 0.000000
0.006849 260.444489 178.666702 0.526709 -0.311401 0.000000
0.022123 274.666687 174.222198 0.495715 -0.156217 0.000000
0.006849 288.000000 172.444397 0.464724 -0.063104 0.000000
0.024669 312.888885 173.333298 0.867609 0.030009 2.000000
0.009394 324.444489 177.777802 0.402744 0.154159 2.000000
0.017032 336.000000 183.111099 0.402741 0.185193 2.000000
0.004303 345.777802 192.000000 0.340761 0.309344 2.000000
0.017032 352.888885 203.555603 0.247786 0.402456 2.000000
0.006849 357.333313 218.666702 0.154813 0.526603 2.000000
0.014486 359.111115 235.555603 0.061841 0.588678 2.000000
0.001757 359.111115 253.333298 -0.000142 0.619712 2.000000
0.022123 354.666687 270.222198 -0.155097 0.588678 2.000000
0.001757 347.555511 286.222198 -0.248073 0.557641 2.000000
0.006849 337.777802 300.444489 -0.341042 0.495569 2.000000
0.062855 305.777802 324.444489 -1.115822 0.836975 2.000000
0.022123 296.888885 324.444489 -0.310054 -0.001029 2.000000
0.017032 285.333313 313.777802 -0.403027 -0.373475 0.000000
0.006849 285.333313 313.777802 -0.000142 -0.001029 0.000000
0.070492 267.555511 235.555603 -0.619965 -2.732299 0.000000
0.027215 259.555511 206.222198 -0.279062 -1.025258 0.000000
0.070492 223.111099 120.888901 -1.270777 -2.980596 0.000000
0.022123 208.888901 97.777779 -0.495999 -0.807996 0.000000
0.067946 171.555603 54.222221 -1.301768 -1.521850 0.000000
0.022123 165.333298 52.444439 -0.217083 -0.063103 0.000000
0.011940 158.222198 52.444439 -0.248071 -0.001029 2.000000
0.029760 144.888901 62.222221 -0.465008 0.340381 2.000000
0.045035 136.000000 80.000000 -0.310054 0.619715 2.000000
0.017032 135.111099 89.777779 -0.031134 0.340380 2.000000
0.050126 145.777802 107.555603 0.371752 0.619717 2.000000
0.032306 168.888901 118.222198 0.805626 0.371415 2.000000
0.014486 184.000000 120.000000 0.526706 0.061047 2.000000
-0.000788 200.888901 120.000000 0.588689 -0.001029 2.000000
0.001757 219.555603 120.000000 0.650672 -0.001029 2.000000
0.011940 240.000000 118.222198 0.712652 -0.063104 2.000000
0.001757 260.444489 115.555603 0.712655 -0.094138 2.000000
0.006849 280.000000 112.000000 0.681661 -0.125179 0.000000
0.011940 280.000000 112.000000 -0.000142 -0.001029 0.000000
0.006849 316.444489 104.000000 1.270495 -0.280363 0.000000
0.011940 316.444489 104.000000 -0.000142 -0.001029 0.000000
0.004303 334.222198 98.666656 0.619678 -0.187252 0.000000
0.014486 367.111115 85.333344 1.146530 -0.466585 0.000000
0.004303 367.111115 85.333344 -0.000142 -0.001029 0.000000
0.027215 392.000000 74.666656 0.867609 -0.373475 0.000000
0.006849 401.777802 72.000000 0.340761 -0.094140 0.000000
0.019577 408.888885 72.000000 0.247786 -0.001029 0.000000
0.004303 414.222198 72.000000 0.185804 -0.001029 0.000000
0.022123 419.555511 75.555557 0.185804 0.123120 0.000000
0.004303 423.111115 80.000000 0.123824 0.154157 0.000000
0.024669 429.333313 88.888893 0.216795 0.309343 0.000000
0.009394 432.000000 91.555557 0.092832 0.092083 0.000000
0.017032 434.666687 94.222221 0.092832 0.092083 0.000000
0.006849 435.555511 95.111107 0.030847 0.030009 1.000000
0.019577 436.444489 95.111107 0.030852 -0.001029 2.000000
0.006849 435.555511 95.111107 -0.031136 -0.001029 2.000000
0.019577 432.888885 92.444443 -0.093114 -0.094140 2.000000
0.001757 427.555511 88.888893 -0.186090 -0.125177 2.000000
0.024669 420.444489 83.555557 -0.248068 -0.187252 2.000000
0.004303 414.222198 77.333344 -0.217082 -0.218288 2.000000
0.024669 404.444489 63.111111 -0.341042 -0.497624 2.000000
0.047580 399.111115 46.222221 -0.186090 -0.590735 2.000000
0.042489 392.000000 28.444441 -0.248071 -0.621772 2.000000
0.052672 376.000000 13.333330 -0.557982 -0.528661 2.000000
0.019577 371.555511 10.666670 -0.155099 -0.094140 2.000000
0.017032 367.111115 8.888889 -0.155096 -0.063103 0.000000
0.024669 366.222198 8.888889 -0.031134 -0.001029 0.000000
0.014486 366.222198 8.000000 -0.000142 -0.032066 0.000000
0.075583 366.222198 12.444440 -0.000142 0.154157 0.000000
0.032306 367.111115 18.666670 0.030850 0.216232 0.000000
0.055218 367.111115 24.888889 -0.000142 0.216232 0.000000
0.017032 366.222198 28.444441 -0.031134 0.123120 0.000000
0.022123 364.444489 32.888889 -0.062122 0.154157 0.000000
0.022123 359.111115 45.333328 -0.186090 0.433492 0.000000
0.055218 354.666687 58.666672 -0.155097 0.464529 1.000000
0.006849 352.888885 64.888893 -0.062125 0.216232 2.000000
0.024669 348.444489 73.777779 -0.155096 0.309343 2.000000
0.047580 340.444489 80.888893 -0.279062 0.247269 2.000000
0.009394 335.111115 83.555557 -0.186090 0.092083 2.000000
0.019577 328.888885 87.111107 -0.217080 0.123120 2.000000
0.009394 322.666687 89.777779 -0.217079 0.092083 2.000000
0.017032 317.333313 92.444443 -0.186090 0.092083 2.000000
0.006849 309.333313 96.888893 -0.279062 0.154158 2.000000
0.017032 306.666687 99.555557 -0.093114 0.092083 2.000000
0.009394 304.888885 101.333298 -0.062125 0.061044 2.000000
0.045035 301.333313 103.111099 -0.124107 0.061047 0.000000
0.065400 288.000000 106.666702 -0.465008 0.123122 0.000000
0.057763 272.000000 107.555603 -0.557982 0.030009 0.000000
0.006849 262.222198 107.555603 -0.341045 -0.001029 0.000000
0.027215 241.777802 101.333298 -0.712936 -0.218292 0.000000
0.019577 232.000000 96.888893 -0.341045 -0.156213 0.000000
0.011940 221.333298 90.666656 -0.372037 -0.218289 0.000000
0.022123 197.333298 75.555557 -0.836902 -0.528660 0.000000
0.014486 184.000000 67.555557 -0.465008 -0.280363 0.000000
0.024669 168.000000 62.222221 -0.557982 -0.187252 0.000000
0.011940 136.000000 57.777779 -1.115822 -0.156214 0.000000
0.027215 121.777802 57.777779 -0.495999 -0.001029 1.000000
0.024669 111.111099 59.555561 -0.372037 0.061046 1.000000
0.011940 98.666656 63.111111 -0.434018 0.123120 2.000000
0.022123 96.000000 64.888893 -0.093115 0.061046 2.000000
0.011940 95.111107 65.777779 -0.031133 0.030009 2.000000
0.017032 96.000000 67.555557 0.030849 0.061046 2.000000
0.009394 98.666656 68.444443 0.092831 0.030009 2.000000
0.017032 110.222198 70.222221 0.402742 0.061046 2.000000
0.011940 116.444397 69.333344 0.216795 -0.032065 2.000000
0.014486 122.666702 66.666656 0.216799 -0.094141 2.000000
0.006849 127.111099 64.000000 0.154812 -0.094140 2.000000
0.017032 130.666702 62.222221 0.123824 -0.063103 2.000000
0.009394 130.666702 59.555561 -0.000142 -0.094140 2.000000
0.017032 130.666702 57.777779 -0.000142 -0.063103 2.000000
0.009394 127.111099 55.111111 -0.124108 -0.094140 2.000000
0.022123 116.444397 53.333328 -0.372037 -0.063103 0.000000
0.022123 110.222198 53.333328 -0.217079 -0.001029 0.000000
0.006849 104.000000 56.000000 -0.217079 0.092083 0.000000
0.019577 98.666656 59.555561 -0.186089 0.123120 0.000000
0.001757 93.333344 64.000000 -0.186088 0.154157 0.000000
0.004303 89.777779 69.333344 -0.124107 0.185195 0.000000
0.017032 85.333344 76.444443 -0.155097 0.247268 0.000000
0.006849 82.666656 84.444443 -0.093116 0.278306 0.000000
0.017032 80.000000 94.222221 -0.093115 0.340380 0.000000
0.045035 73.777779 117.333298 -0.217080 0.805937 0.000000
0.045035 60.444439 157.333298 -0.465009 1.395644 0.000000
0.039943 53.333328 178.666702 -0.248071 0.743866 0.000000
0.039943 50.666672 190.222198 -0.093115 0.402453 1.000000
0.006849 49.777779 192.000000 -0.031133 0.061047 1.000000
0.019577 49.777779 192.888901 -0.000142 0.030009 2.000000
0.006849 48.000000 192.888901 -0.062124 -0.001029 2.000000
0.017032 46.222221 192.000000 -0.062124 -0.032066 2.000000
0.006849 42.666672 189.333298 -0.124106 -0.094141 2.000000
0.019577 36.444439 185.777802 -0.217080 -0.125175 2.000000
0.004303 29.333330 182.222198 -0.248071 -0.125179 2.000000
0.009394 21.333330 177.777802 -0.279062 -0.156213 2.000000
0.017032 12.444440 173.333298 -0.310053 -0.156217 2.000000
0.019577 -2.666667 167.111099 -0.526991 -0.218288 2.000000
0.011940 -7.111111 165.333298 -0.155098 -0.063104 2.000000
0.024669 -10.666670 164.444397 -0.124107 -0.032066 2.000000
0.009394 -11.555560 163.555603 -0.031133 -0.032062 2.000000
0.027215 -12.444440 164.444397 -0.031133 0.030005 0.000000
0.011940 -13.333330 168.000000 -0.031133 0.123122 0.000000
0.045035 -15.111110 181.333298 -0.062124 0.464528 0.000000
0.060309 -16.000000 212.444397 -0.031133 1.085272 0.000000
0.047580 -16.000000 239.111099 -0.000142 0.930088 0.000000
0.047580 -10.666670 271.111115 0.185804 1.116310 0.000000
0.042489 2.666667 309.333313 0.464725 1.333569 0.000000
0.001757 2.666667 309.333313 -0.000142 -0.001029 0.000000
0.019577 13.333330 320.888885 0.371751 0.402455 0.000000
0.027215 18.666670 324.444489 0.185805 0.123122 0.000000
0.017032 28.444441 330.666687 0.340760 0.216231 2.000000
0.009394 28.444441 330.666687 -0.000142 -0.001029 2.000000
0.067946 44.444439 334.222198 0.557698 0.123119 2.000000
0.055218 60.444439 328.888885 0.557698 -0.187251 2.000000
0.037397 71.111107 320.888885 0.371751 -0.280363 2.000000
0.024669 76.444443 315.555511 0.185805 -0.187253 2.000000
0.073038 101.333298 294.222198 0.867608 -0.745920 0.000000
0.039943 117.333298 288.000000 0.557698 -0.218288 0.000000
0.037397 135.111099 283.555511 0.619681 -0.156216 0.000000
0.001757 135.111099 283.555511 -0.000142 -0.001029 0.000000
0.006849 144.888901 281.777802 0.340761 -0.063101 0.000000
0.014486 161.777802 278.222198 0.588689 -0.125179 0.000000
0.042489 176.000000 275.555511 0.495715 -0.094141 0.000000
0.037397 187.555603 273.777802 0.402744 -0.063101 0.000000
0.037397 197.333298 273.777802 0.340757 -0.001029 0.000000
0.001757 197.333298 273.777802 -0.000142 -0.001029 0.000000
-0.000788 201.777802 273.777802 0.154815 -0.001029 0.000000
0.014486 205.333298 274.666687 0.123820 0.030009 0.000000
-0.000788 208.000000 277.333313 0.092832 0.092082 0.000000
0.001757 208.000000 277.333313 -0.000142 -0.001029 0.000000
0.017032 210.666702 281.777802 0.092832 0.154159 2.000000
0.006849 210.666702 281.777802 -0.000142 -0.001029 2.000000
0.009394 210.666702 284.444489 -0.000142 0.092084 2.000000
0.001757 210.666702 285.333313 -0.000142 0.030006 2.000000
0.001757 210.666702 287.111115 -0.000142 0.061047 2.000000
0.017032 210.666702 287.111115 -0.000142 -0.001029 2.000000
0.001757 210.666702 288.000000 -0.000142 0.030009 2.000000
0.017032 212.444397 288.000000 0.061837 -0.001029 2.000000
-0.000788 214.222198 288.000000 0.061841 -0.001029 2.000000
0.022123 217.777802 288.000000 0.123824 -0.001029 2.000000
0.004303 222.222198 288.000000 0.154812 -0.001029 2.000000
0.024669 232.000000 288.000000 0.340761 -0.001029 2.000000
0.045035 243.555603 288.888885 0.402744 0.030009 2.000000
0.045035 256.000000 288.000000 0.433732 -0.032066 0.000000
0.042489 269.333313 282.666687 0.464724 -0.187251 0.000000
0.039943 285.333313 270.222198 0.557698 -0.435551 0.000000
0.042489 303.111115 250.666702 0.619681 -0.683844 0.000000
0.032306 323.555511 223.111099 0.712652 -0.963183 0.000000
0.045035 343.111115 195.555603 0.681664 -0.963179 0.000000
0.017032 358.222198 176.000000 0.526706 -0.683848 0.000000
0.004303 358.222198 176.000000 -0.000142 -0.001029 0.000000
0.014486 364.444489 170.666702 0.216798 -0.187250 0.000000
0.001757 369.777802 166.222198 0.185804 -0.156217 0.000000
0.017032 380.444489 160.888901 0.371752 -0.187250 0.000000
0.001757 380.444489 160.888901 -0.000142 -0.001029 0.000000
0.017032 390.222198 158.222198 0.340758 -0.094141 1.000000
0.006849 390.222198 158.222198 -0.000142 -0.001029 2.000000
-0.000788 395.555511 158.222198 0.185804 -0.001029 2.000000
0.017032 399.111115 158.222198 0.123824 -0.001029 2.000000
0.001757 401.777802 163.555603 0.092832 0.185197 2.000000
0.014486 402.666687 171.555603 0.030849 0.278306 2.000000
0.009394 403.555511 183.111099 0.030847 0.402453 2.000000
0.019577 403.555511 197.333298 -0.000142 0.495565 2.000000
0.001757 403.555511 212.444397 -0.000142 0.526603 2.000000
0.024669 402.666687 228.444397 -0.031131 0.557641 2.000000
0.039943 400.888885 256.000000 -0.062125 0.961126 2.000000
0.029760 400.000000 276.444489 -0.031133 0.712828 2.000000
0.078129 396.444489 291.555511 -0.124105 0.526600 2.000000
0.042489 384.000000 294.222198 -0.434019 0.092084 0.000000
0.042489 368.888885 284.444489 -0.526991 -0.342435 0.000000
0.039943 346.666687 264.888885 -0.774919 -0.683848 0.000000
0.042489 321.777802 235.555603 -0.867893 -1.025254 0.000000
0.001757 321.777802 235.555603 -0.000142 -0.001029 0.000000
0.001757 296.888885 195.555603 -0.867894 -1.397702 0.000000
0.014486 296.888885 195.555603 -0.000142 -0.001029 0.000000
0.001757 284.444489 176.888901 -0.434016 -0.652811 0.000000
0.014486 272.000000 160.000000 -0.434019 -0.590735 0.000000
-0.000788 257.777802 147.555603 -0.495999 -0.435547 0.000000
0.017032 244.444397 139.555603 -0.465011 -0.280363 0.000000
0.001757 230.222198 133.333298 -0.495999 -0.218292 0.000000
0.004303 216.888901 128.888901 -0.465008 -0.156213 0.000000
0.019577 197.333298 123.555603 -0.681948 -0.187250 2.000000
0.009394 197.333298 123.555603 -0.000142 -0.001029 2.000000
0.009394 191.111099 120.888901 -0.217079 -0.094141 2.000000
0.001757 187.555603 118.222198 -0.124105 -0.094141 2.000000
0.001757 187.555603 118.222198 -0.000142 -0.001029 2.000000
0.017032 185.777802 112.888901 -0.062125 -0.187250 2.000000
0.001757 185.777802 112.888901 -0.000142 -0.001029 2.000000
0.011940 191.111099 106.666702 0.185803 -0.218288 2.000000
0.034852 205.333298 102.222198 0.495715 -0.156217 2.000000
0.057763 225.777802 102.222198 0.712655 -0.001029 2.000000
0.037397 249.777802 106.666702 0.836618 0.154159 2.000000
0.057763 282.666687 128.888901 1.146529 0.774900 0.000000
0.032306 289.777802 143.111099 0.247787 0.495565 0.000000
0.055218 302.222198 197.333298 0.433732 1.892238 0.000000
0.039943 305.777802 231.111099 0.123824 1.178385 0.000000
0.001757 306.666687 246.222198 0.030849 0.526603 0.000000
0.001757 306.666687 246.222198 -0.000142 -0.001029 0.000000
0.017032 309.333313 273.777802 0.092830 0.961126 0.000000
0.004303 309.333313 273.777802 -0.000142 -0.001029 0.000000
0.019577 312.000000 297.777802 0.092832 0.836975 0.000000
0.004303 312.000000 297.777802 -0.000142 -0.001029 0.000000
0.014486 315.555511 317.333313 0.123821 0.681788 0.000000
0.004303 317.333313 325.333313 0.061841 0.278306 0.000000
0.014486 319.111115 332.444489 0.061841 0.247271 0.000000
0.004303 321.777802 337.777802 0.092832 0.185194 0.000000
-0.000788 321.777802 337.777802 -0.000142 -0.001029 0.000000
0.024669 327.111115 343.111115 0.185804 0.185194 0.000000
0.024669 330.666687 343.111115 0.123823 -0.001029 2.000000
0.006849 335.111115 342.222198 0.154813 -0.032067 2.000000
0.001757 338.666687 338.666687 0.123823 -0.125176 2.000000
0.017032 342.222198 334.222198 0.123821 -0.156216 2.000000
0.006849 345.777802 327.111115 0.123824 -0.249325 2.000000
0.014486 347.555511 319.111115 0.061838 -0.280363 2.000000
0.004303 349.333313 310.222198 0.061841 -0.311401 2.000000
0.022123 349.333313 302.222198 -0.000142 -0.280363 2.000000
0.004303 349.333313 296.000000 -0.000142 -0.218288 2.000000
0.019577 348.444489 288.888885 -0.031131 -0.249326 2.000000
0.042489 347.555511 283.555511 -0.031136 -0.187253 2.000000
0.039943 351.111115 276.444489 0.123824 -0.249323 2.000000
0.037397 360.000000 266.666687 0.309769 -0.342438 2.000000
0.004303 364.444489 259.555511 0.154815 -0.249328 0.000000
0.009394 364.444489 259.555511 -0.000142 -0.001029 0.000000
0.070492 376.888885 242.666702 0.433732 -0.590732 0.000000
0.037397 378.666687 241.777802 0.061841 -0.032066 0.000000
0.024669 384.888885 240.888901 0.216795 -0.032066 0.000000
0.073038 398.222198 238.222198 0.464724 -0.094141 0.000000
0.004303 401.777802 234.666702 0.123824 -0.125175 0.000000
0.024669 407.111115 221.333298 0.185804 -0.466589 0.000000
0.047580 409.777802 194.666702 0.092832 -0.932141 0.000000
0.052672 410.666687 156.444397 0.030849 -1.335630 1.000000
0.014486 415.111115 112.888901 0.154813 -1.521848 2.000000
0.014486 415.111115 112.888901 -0.000142 -0.001029 2.000000
0.045035 423.111115 69.333344 0.278778 -1.521850 2.000000
0.006849 423.111115 69.333344 -0.000142 -0.001029 2.000000
0.078129 426.666687 59.555561 0.123823 -0.342438 2.000000
0.039943 427.555511 58.666672 0.030847 -0.032066 2.000000
0.037397 427.555511 60.444439 -0.000142 0.061045 2.000000
0.004303 425.777802 64.000000 -0.062122 0.123120 2.000000
0.022123 420.444489 75.555557 -0.186088 0.402455 0.000000
0.011940 420.444489 75.555557 -0.000142 -0.001029 0.000000
0.009394 416.000000 84.444443 -0.155099 0.309343 0.000000
0.006849 411.555511 94.222221 -0.155099 0.340380 0.000000
0.022123 404.444489 112.888901 -0.248068 0.650753 0.000000
0.009394 402.666687 120.888901 -0.062125 0.278306 0.000000
0.019577 400.888885 126.222198 -0.062125 0.185193 0.000000
0.009394 400.000000 130.666702 -0.031133 0.154159 0.000000
0.019577 400.000000 134.222198 -0.000142 0.123118 0.000000
0.011940 400.000000 136.000000 -0.000142 0.061047 0.000000
0.022123 399.111115 140.444397 -0.031133 0.154156 0.000000
0.022123 398.222198 144.888901 -0.031134 0.154159 0.000000
0.009394 397.333313 152.000000 -0.031133 0.247268 0.000000
0.022123 392.000000 169.777802 -0.186088 0.619716 0.000000
0.045035 384.888885 189.333298 -0.248071 0.681787 0.000000
0.001757 379.555511 196.444397 -0.186090 0.247268 1.000000
0.019577 375.111115 202.666702 -0.155096 0.216235 1.000000
0.001757 370.666687 207.111099 -0.155097 0.154156 2.000000
0.037397 357.333313 209.777802 -0.465010 0.092084 2.000000
0.042489 339.555511 206.222198 -0.619965 -0.125179 2.000000
0.042489 320.000000 193.777802 -0.681945 -0.435547 2.000000
0.045035 300.444489 173.333298 -0.681945 -0.714886 2.000000
0.009394 292.444489 160.000000 -0.279062 -0.466585 2.000000
0.022123 276.444489 131.555603 -0.557982 -0.994217 2.000000
0.006849 276.444489 131.555603 -0.000142 -0.001029 2.000000
0.024669 258.666687 107.555603 -0.619965 -0.839032 2.000000
0.022123 248.888901 97.777779 -0.341045 -0.342439 2.000000
0.017032 230.222198 84.444443 -0.650957 -0.466586 2.000000
0.024669 222.222198 79.111107 -0.279062 -0.187252 0.000000
0.014486 216.000000 74.666656 -0.217079 -0.156215 0.000000
0.029760 209.777802 65.777779 -0.217079 -0.311400 0.000000
0.022123 209.777802 60.444439 -0.000142 -0.187252 0.000000
0.017032 211.555603 49.777779 0.061841 -0.373474 0.000000
0.022123 214.222198 46.222221 0.092829 -0.125177 0.000000
0.027215 220.444397 43.555561 0.216795 -0.094140 0.000000
0.047580 227.555603 48.000000 0.247790 0.154157 0.000000
0.004303 232.000000 55.111111 0.154812 0.247269 3.000000
0.017032 238.222198 64.888893 0.216795 0.340381 3.000000
0.004303 244.444397 75.555557 0.216795 0.371417 2.000000
0.039943 257.777802 99.555557 0.464727 0.836975 2.000000
0.037397 267.555511 122.666702 0.340758 0.805939 2.000000
0.052672 271.111115 147.555603 0.123824 0.868013 2.000000
0.042489 270.222198 185.777802 -0.031134 1.333569 2.000000
0.004303 270.222198 185.777802 -0.000142 -0.001029 2.000000
0.019577 266.666687 208.000000 -0.124105 0.774900 2.000000
0.050126 263.111115 224.888901 -0.124107 0.588678 2.000000
0.011940 262.222198 231.111099 -0.031134 0.216231 1.000000
0.027215 260.444489 237.333298 -0.062122 0.216231 0.000000
0.024669 260.444489 238.222198 -0.000142 0.030009 0.000000
0.045035 257.777802 236.444397 -0.093116 -0.063104 0.000000
0.052672 244.444397 213.333298 -0.465011 -0.807995 0.000000
0.047580 226.666702 184.888901 -0.619962 -0.994217 0.000000
0.011940 216.000000 167.111099 -0.372037 -0.621773 0.000000
0.019577 202.666702 150.222198 -0.465008 -0.590735 0.000000
0.009394 175.111099 123.555603 -0.960868 -0.932141 0.000000
0.014486 161.777802 115.555603 -0.465008 -0.280363 0.000000
-0.000788 161.777802 115.555603 -0.000142 -0.001029 0.000000
0.017032 136.000000 108.444397 -0.898885 -0.249329 0.000000
0.004303 136.000000 108.444397 -0.000142 -0.001029 0.000000
0.017032 113.777802 108.444397 -0.774919 -0.001029 2.000000
0.004303 113.777802 108.444397 -0.000142 -0.001029 2.000000
-0.000788 103.111099 111.111099 -0.372037 0.092084 2.000000
0.017032 94.222221 115.555603 -0.310053 0.154159 2.000000
-0.000788 85.333344 122.666702 -0.310053 0.247268 2.000000
0.019577 77.333344 130.666702 -0.279062 0.278306 2.000000
0.001757 71.111107 140.444397 -0.217080 0.340378 2.000000
0.014486 67.555557 151.111099 -0.124106 0.371419 2.000000
0.055218 69.333344 186.666702 0.061840 1.240460 2.000000
0.039943 79.111107 210.666702 0.340760 0.836975 2.000000
0.045035 88.888893 233.777802 0.340760 0.805938 2.000000
0.006849 93.333344 244.444397 0.154814 0.371415 0.000000
0.022123 96.888893 254.222198 0.123822 0.340381 0.000000
0.039943 103.111099 272.888885 0.216795 0.650753 0.000000
0.042489 115.555603 295.111115 0.433735 0.774901 0.000000
0.047580 127.111099 308.444489 0.402740 0.464531 0.000000
0.004303 127.111099 308.444489 -0.000142 -0.001029 0.000000
0.019577 141.333298 321.777802 0.495715 0.464528 0.000000
0.004303 147.555603 328.888885 0.216799 0.247268 0.000000
0.019577 154.666702 335.111115 0.247786 0.216232 0.000000
0.006849 160.000000 341.333313 0.185803 0.216231 0.000000
0.006849 165.333298 346.666687 0.185803 0.185196 0.000000
0.011940 169.777802 351.111115 0.154815 0.154157 0.000000
0.006849 173.333298 353.777802 0.123820 0.092084 0.000000
0.014486 175.111099 355.555511 0.061841 0.061043 1.000000
0.004303 176.888901 356.444489 0.061841 0.030012 1.000000
0.014486 176.888901 357.333313 -0.000142 0.030006 1.000000
0.006849 176.888901 357.333313 -0.000142 -0.001029 2.000000
0.001757 176.888901 357.333313 -0.000142 -0.001029 2.000000
0.014486 176.888901 355.555511 -0.000142 -0.063104 2.000000
0.004303 176.888901 355.555511 -0.000142 -0.001029 2.000000
0.014486 177.777802 350.222198 0.030849 -0.187251 2.000000
0.034852 188.444397 318.222198 0.371749 -1.118367 2.000000
0.057763 200.888901 285.333313 0.433735 -1.149404 2.000000
0.039943 216.888901 256.000000 0.557698 -1.025255 2.000000
0.039943 237.333298 237.333298 0.712652 -0.652811 2.000000
0.045035 276.444489 222.222198 1.363469 -0.528660 0.000000
0.045035 301.333313 220.444397 0.867607 -0.063104 0.000000
0.042489 323.555511 222.222198 0.774635 0.061047 0.000000
0.042489 341.333313 231.111099 0.619681 0.309344 0.000000
0.047580 356.444489 243.555603 0.526709 0.433494 0.000000
0.004303 363.555511 250.666702 0.247784 0.247268 0.000000
0.022123 371.555511 256.888885 0.278778 0.216230 0.000000
0.039943 386.666687 268.444489 0.526709 0.402456 0.000000
0.001757 392.888885 272.888885 0.216795 0.154156 0.000000
0.042489 405.333313 280.000000 0.433733 0.247269 0.000000
0.011940 414.222198 284.444489 0.309769 0.154159 2.000000
0.014486 414.222198 284.444489 -0.000142 -0.001029 2.000000
0.006849 417.777802 285.333313 0.123824 0.030006 2.000000
0.019577 426.666687 285.333313 0.309769 -0.001029 2.000000
0.034852 430.222198 285.333313 0.123821 -0.001029 2.000000
0.039943 444.444489 279.111115 0.495718 -0.218288 2.000000
0.062855 462.222198 264.888885 0.619678 -0.497624 2.000000
0.006849 462.222198 264.888885 -0.000142 -0.001029 2.000000
0.017032 474.666687 253.333298 0.433735 -0.404513 2.000000
0.050126 484.444489 242.666702 0.340761 -0.373472 2.000000
0.006849 488.000000 238.222198 0.123821 -0.156217 3.000000
0.022123 492.444489 234.666702 0.154815 -0.125175 0.000000
0.006849 496.000000 232.000000 0.123821 -0.094141 0.000000
0.022123 501.333313 224.888901 0.185804 -0.249326 0.000000
0.019577 504.000000 221.333298 0.092832 -0.125179 0.000000
0.039943 508.444489 210.666702 0.154815 -0.373472 0.000000
0.067946 507.555511 189.333298 -0.031136 -0.745923 0.000000
0.037397 496.888885 175.111099 -0.372034 -0.497623 0.000000
0.039943 478.222198 165.333298 -0.650956 -0.342438 0.000000
0.042489 456.000000 159.111099 -0.774919 -0.218288 0.000000
0.004303 444.444489 157.333298 -0.403025 -0.063104 0.000000
0.014486 432.888885 155.555603 -0.403028 -0.063100 0.000000
0.004303 422.222198 153.777802 -0.372036 -0.063104 2.000000
0.009394 410.666687 152.000000 -0.403025 -0.063104 2.000000
0.011940 398.222198 150.222198 -0.434019 -0.063104 2.000000
0.004303 385.777802 147.555603 -0.434016 -0.094138 2.000000
0.014486 369.777802 144.888901 -0.557982 -0.094141 2.000000
0.004303 352.000000 143.111099 -0.619965 -0.063104 2.000000
0.019577 331.555511 142.222198 -0.712939 -0.032066 2.000000
0.004303 310.222198 142.222198 -0.743928 -0.001029 2.000000
0.017032 288.888885 143.111099 -0.743928 0.030009 2.000000
0.004303 271.111115 145.777802 -0.619964 0.092084 2.000000
0.022123 256.000000 149.333298 -0.526991 0.123118 2.000000
0.004303 243.555603 153.777802 -0.434016 0.154159 2.000000
0.009394 233.777802 158.222198 -0.341045 0.154156 2.000000
0.014486 226.666702 163.555603 -0.248071 0.185197 2.000000
0.039943 219.555603 184.888901 -0.248071 0.743862 3.000000
0.006849 219.555603 184.888901 -0.000142 -0.001029 0.000000
0.017032 220.444397 192.888901 0.030846 0.278306 0.000000
0.037397 232.000000 207.111099 0.402744 0.495565 0.000000
0.052672 259.555511 219.555603 0.960581 0.433494 0.000000
0.034852 280.888885 221.333298 0.743646 0.061043 0.000000
0.057763 312.888885 215.111099 1.115538 -0.218288 0.000000
0.034852 322.666687 209.777802 0.340761 -0.187250 0.000000
0.004303 331.555511 203.555603 0.309767 -0.218288 0.000000
0.004303 341.333313 195.555603 0.340761 -0.280363 0.000000
0.011940 350.222198 185.777802 0.309769 -0.342438 0.000000
0.006849 358.222198 175.111099 0.278778 -0.373476 0.000000
0.019577 366.222198 163.555603 0.278778 -0.404510 1.000000
0.004303 374.222198 151.111099 0.278778 -0.435551 1.000000
0.014486 382.222198 140.444397 0.278778 -0.373476 1.000000
0.004303 389.333313 130.666702 0.247787 -0.342435 2.000000
0.019577 395.555511 123.555603 0.216795 -0.249326 2.000000
0.001757 400.888885 117.333298 0.185806 -0.218292 2.000000
0.017032 404.444489 112.888901 0.123824 -0.156213 2.000000
0.001757 407.111115 108.444397 0.092830 -0.156217 2.000000
0.027215 408.888885 104.888901 0.061840 -0.125175 2.000000
0.004303 408.888885 100.444397 -0.000142 -0.156217 2.000000
0.024669 406.222198 89.777779 -0.093116 -0.373473 2.000000
0.045035 399.111115 80.888893 -0.248070 -0.311400 2.000000
0.042489 390.222198 73.777779 -0.310054 -0.249326 2.000000
0.047580 371.555511 69.333344 -0.650956 -0.156214 0.000000
0.047580 352.000000 69.333344 -0.681945 -0.001029 0.000000
0.039943 326.222198 69.333344 -0.898885 -0.001029 0.000000
0.060309 289.777802 64.888893 -1.270776 -0.156215 0.000000
0.006849 280.888885 62.222221 -0.310054 -0.094140 0.000000
0.014486 273.777802 57.777779 -0.248070 -0.156214 0.000000
0.037397 263.111115 50.666672 -0.372036 -0.249326 0.000000
0.037397 254.222198 46.222221 -0.310054 -0.156215 0.000000
0.062855 244.444397 45.333328 -0.341045 -0.032066 0.000000
0.006849 231.111099 51.555561 -0.465008 0.216232 1.000000
0.014486 231.111099 51.555561 -0.000142 -0.001029 1.000000
0.037397 210.666702 69.333344 -0.712936 0.619715 2.000000
0.042489 202.666702 83.555557 -0.279062 0.495566 2.000000
0.065400 199.111099 102.222198 -0.124108 0.650751 2.000000
0.039943 195.555603 127.111099 -0.124105 0.868013 2.000000
0.001757 192.888901 143.111099 -0.093117 0.557641 2.000000
0.014486 190.222198 159.111099 -0.093117 0.557641 2.000000
0.019577 182.222198 191.111099 -0.279062 1.116310 2.000000
0.014486 177.777802 205.333298 -0.155096 0.495565 2.000000
0.034852 170.666702 225.777802 -0.248071 0.712829 2.000000
0.004303 168.000000 232.000000 -0.093117 0.216231 3.000000
0.004303 168.000000 232.000000 -0.000142 -0.001029 0.000000
0.022123 163.555603 239.111099 -0.155096 0.247268 0.000000
0.019577 160.888901 239.111099 -0.093117 -0.001029 0.000000
0.022123 157.333298 239.111099 -0.124108 -0.001029 0.000000
0.019577 147.555603 237.333298 -0.341041 -0.063104 0.000000
0.006849 140.444397 235.555603 -0.248074 -0.063100 0.000000
0.017032 132.444397 233.777802 -0.279062 -0.063104 0.000000
0.009394 122.666702 233.777802 -0.341041 -0.001029 0.000000
0.027215 104.000000 234.666702 -0.650957 0.030009 0.000000
0.019577 96.000000 236.444397 -0.279062 0.061043 0.000000
0.011940 88.888893 237.333298 -0.248071 0.030009 0.000000
0.019577 82.666656 238.222198 -0.217080 0.030009 0.000000
0.011940 76.444443 238.222198 -0.217080 -0.001029 0.000000
0.024669 67.555557 237.333298 -0.310053 -0.032066 0.000000
0.009394 62.222221 233.777802 -0.186089 -0.125175 1.000000
0.027215 50.666672 225.777802 -0.403026 -0.280363 2.000000
0.006849 50.666672 225.777802 -0.000142 -0.001029 2.000000
0.024669 40.000000 214.222198 -0.372036 -0.404514 2.000000
0.022123 36.444439 208.000000 -0.124107 -0.218288 2.000000
0.052672 32.888889 188.444397 -0.124106 -0.683848 2.000000
0.034852 37.333328 174.222198 0.154813 -0.497623 2.000000
0.057763 46.222221 160.888901 0.309769 -0.466585 2.000000
0.042489 55.111111 150.222198 0.309769 -0.373476 2.000000
0.045035 70.222221 138.666702 0.526707 -0.404510 0.000000
0.009394 76.444443 134.222198 0.216796 -0.156217 0.000000
0.011940 84.444443 129.777802 0.278778 -0.156213 0.000000
0.039943 99.555557 123.555603 0.526707 -0.218288 0.000000
0.042489 113.777802 121.777802 0.495716 -0.063104 0.000000
0.047580 124.444397 129.777802 0.371749 0.278306 0.000000
0.045035 132.444397 147.555603 0.278778 0.619716 0.000000
0.037397 136.888901 171.555603 0.154815 0.836975 0.000000
0.062855 150.222198 206.222198 0.464723 1.209419 0.000000
0.004303 157.333298 215.111099 0.247786 0.309344 0.000000
0.019577 171.555603 233.777802 0.495719 0.650753 1.000000
0.009394 171.555603 233.777802 -0.000142 -0.001029 1.000000
0.009394 179.555603 241.777802 0.278778 0.278306 1.000000
0.001757 186.666702 250.666702 0.247786 0.309344 2.000000
0.004303 194.666702 258.666687 0.278778 0.278306 2.000000
0.006849 200.888901 267.555511 0.216795 0.309341 2.000000
-0.000788 200.888901 267.555511 -0.000142 -0.001029 2.000000
-0.000788 207.111099 276.444489 0.216795 0.309346 2.000000
0.014486 212.444397 285.333313 0.185803 0.309341 2.000000
-0.000788 218.666702 292.444489 0.216799 0.247271 2.000000
0.011940 224.888901 298.666687 0.216795 0.216231 2.000000
0.001757 224.888901 298.666687 -0.000142 -0.001029 2.000000
-0.000788 232.000000 303.111115 0.247786 0.154157 2.000000
0.014486 240.000000 306.666687 0.278778 0.123121 2.000000
-0.000788 248.000000 308.444489 0.278778 0.061047 2.000000
0.004303 248.000000 308.444489 -0.000142 -0.001029 2.000000
0.014486 262.222198 308.444489 0.495715 -0.001029 2.000000
0.029760 273.777802 306.666687 0.402744 -0.063104 2.000000
0.019577 279.111115 304.000000 0.185804 -0.094141 0.000000
0.017032 284.444489 300.444489 0.185806 -0.125176 0.000000
0.037397 295.111115 291.555511 0.371750 -0.311403 0.000000
0.057763 314.666687 269.333313 0.681663 -0.776957 0.000000
0.039943 333.333313 252.444397 0.650670 -0.590736 0.000000
0.034852 352.888885 240.888901 0.681663 -0.404510 0.000000
0.057763 370.666687 236.444397 0.619681 -0.156217 0.000000
0.001757 378.666687 235.555603 0.278778 -0.032062 0.000000
0.017032 386.666687 234.666702 0.278778 -0.032066 0.000000
0.004303 393.777802 234.666702 0.247787 -0.001029 0.000000
0.017032 401.777802 234.666702 0.278778 -0.001029 0.000000
0.004303 408.888885 234.666702 0.247786 -0.001029 1.000000
0.004303 416.888885 236.444397 0.278778 0.061043 2.000000
0.017032 424.000000 239.111099 0.247787 0.092084 2.000000
0.001757 431.111115 241.777802 0.247787 0.092084 2.000000
0.011940 436.444489 246.222198 0.185806 0.154156 2.000000
-0.000788 440.888885 249.777802 0.154812 0.123122 2.000000
0.004303 440.888885 249.777802 -0.000142 -0.001029 2.000000
0.014486 444.444489 257.777802 0.123824 0.278306 2.000000
0.004303 444.444489 257.777802 -0.000142 -0.001029 2.000000
0.014486 440.888885 264.000000 -0.124108 0.216231 2.000000
0.001757 440.888885 264.000000 -0.000142 -0.001029 2.000000
0.014486 435.555511 265.777802 -0.186090 0.061047 2.000000
0.055218 410.666687 268.444489 -0.867891 0.092084 2.000000
0.032306 391.111115 265.777802 -0.681947 -0.094141 2.000000
0.006849 382.222198 263.111115 -0.310054 -0.094141 0.000000
0.034852 374.222198 259.555511 -0.279062 -0.125179 0.000000
0.037397 355.555511 255.111099 -0.650956 -0.156213 0.000000
0.062855 324.444489 256.888885 -1.084828 0.061046 0.000000
0.019577 316.444489 261.333313 -0.279062 0.154157 0.000000
0.067946 312.000000 282.666687 -0.155099 0.743865 0.000000
0.045035 328.888885 289.777802 0.588689 0.247269 0.000000
0.042489 355.555511 294.222198 0.929590 0.154156 0.000000
0.045035 384.888885 299.555511 1.022566 0.185194 0.000000
0.004303 399.111115 304.000000 0.495716 0.154159 3.000000
0.019577 411.555511 308.444489 0.433732 0.154159 3.000000
0.004303 422.222198 312.888885 0.371752 0.154156 2.000000
0.019577 432.000000 316.444489 0.340761 0.123122 2.000000
0.039943 445.333313 321.777802 0.464724 0.185194 2.000000
0.039943 455.111115 320.888885 0.340761 -0.032067 2.000000
0.057763 459.555511 309.333313 0.154812 -0.404512 2.000000
0.034852 464.888885 286.222198 0.185806 -0.807995 2.000000
0.057763 477.333313 233.777802 0.433733 -1.832220 2.000000
0.004303 482.666687 215.111099 0.185806 -0.652811 2.000000
0.014486 487.111115 198.222198 0.154813 -0.590735 2.000000
0.042489 491.555511 170.666702 0.154812 -0.963179 0.000000
0.017032 491.555511 159.111099 -0.000142 -0.404514 0.000000
0.006849 490.666687 149.333298 -0.031131 -0.342438 0.000000
0.001757 488.888885 140.444397 -0.062125 -0.311401 0.000000
0.004303 488.888885 140.444397 -0.000142 -0.001029 0.000000
0.017032 483.555511 123.555603 -0.186090 -0.590732 0.000000
0.039943 480.000000 111.111099 -0.124105 -0.435551 0.000000
0.042489 476.444489 102.222198 -0.124105 -0.311401 0.000000
0.037397 473.777802 97.777779 -0.093116 -0.156214 0.000000
0.055218 466.666687 96.000000 -0.248071 -0.063103 0.000000
0.042489 442.666687 96.000000 -0.836902 -0.001029 0.000000
0.004303 432.000000 96.888893 -0.372036 0.030009 1.000000
0.019577 421.333313 97.777779 -0.372036 0.030009 1.000000
0.006849 411.555511 98.666656 -0.341045 0.030008 2.000000
0.019577 403.555511 99.555557 -0.279062 0.030009 2.000000
0.004303 395.555511 101.333298 -0.279062 0.061044 2.000000
0.022123 386.666687 103.111099 -0.310051 0.061047 2.000000
0.009394 377.777802 104.888901 -0.310053 0.061047 2.000000
0.019577 368.000000 107.555603 -0.341045 0.092084 2.000000
0.006849 356.444489 110.222198 -0.403025 0.092080 2.000000
0.022123 328.888885 117.333298 -0.960868 0.247268 2.000000
0.004303 313.777802 121.777802 -0.526990 0.154159 2.000000
0.022123 301.333313 127.111099 -0.434019 0.185193 2.000000
0.006849 290.666687 133.333298 -0.372034 0.216231 2.000000
0.022123 282.666687 138.666702 -0.279062 0.185197 2.000000
0.006849 277.333313 143.111099 -0.186090 0.154156 2.000000
0.024669 272.000000 152.888901 -0.186088 0.340381 0.000000
0.006849 272.000000 152.888901 -0.000142 -0.001029 0.000000
0.014486 272.000000 164.444397 -0.000142 0.402453 0.000000
0.006849 274.666687 171.555603 0.092832 0.247272 0.000000
0.011940 279.111115 178.666702 0.154813 0.247268 0.000000
0.001757 279.111115 178.666702 -0.000142 -0.001029 0.000000
0.017032 289.777802 192.000000 0.371752 0.464528 0.000000
-0.000788 289.777802 192.000000 -0.000142 -0.001029 0.000000
0.001757 296.888885 196.444397 0.247786 0.154156 0.000000
0.014486 304.000000 200.000000 0.247787 0.123122 0.000000
0.034852 321.777802 201.777802 0.619681 0.061047 0.000000
0.050126 339.555511 200.888901 0.619678 -0.032066 0.000000
0.052672 357.333313 195.555603 0.619681 -0.187250 0.000000
0.032306 364.444489 192.000000 0.247789 -0.125179 0.000000
0.004303 367.111115 190.222198 0.092830 -0.063104 1.000000
0.037397 369.777802 188.444397 0.092832 -0.063104 2.000000
0.037397 373.333313 185.777802 0.123821 -0.094138 2.000000
0.032306 374.222198 184.888901 0.030849 -0.032066 2.000000
0.055218 369.777802 192.000000 -0.155096 0.247268 2.000000
0.009394 365.333313 196.444397 -0.155099 0.154156 2.000000
0.017032 361.777802 202.666702 -0.124105 0.216235 2.000000
0.047580 357.333313 215.111099 -0.155099 0.433490 2.000000
0.006849 356.444489 221.333298 -0.031131 0.216231 2.000000
0.022123 356.444489 236.444397 -0.000142 0.526603 2.000000
0.011940 356.444489 244.444397 -0.000142 0.278306 2.000000
0.014486 356.444489 254.222198 -0.000142 0.340381 0.000000
0.009394 356.444489 263.111115 -0.000142 0.309344 0.000000
0.014486 356.444489 272.888885 -0.000142 0.340380 0.000000
0.004303 355.555511 280.888885 -0.031136 0.278306 0.000000
0.019577 353.777802 288.888885 -0.062122 0.278306 0.000000
0.004303 352.000000 295.111115 -0.062125 0.216232 0.000000
0.024669 350.222198 301.333313 -0.062125 0.216231 0.000000
0.006849 348.444489 304.888885 -0.062122 0.123121 0.000000
0.019577 346.666687 310.222198 -0.062125 0.185194 0.000000
0.004303 345.777802 311.111115 -0.031133 0.030010 0.000000
0.019577 345.777802 311.111115 -0.000142 -0.001029 0.000000
0.004303 345.777802 311.111115 -0.000142 -0.001029 0.000000
0.011940 345.777802 308.444489 -0.000142 -0.094139 0.000000
0.065400 347.555511 285.333313 0.061838 -0.807997 0.000000
0.050126 351.111115 254.222198 0.123824 -1.087330 0.000000
0.009394 352.888885 233.777802 0.061840 -0.714882 1.000000
0.014486 354.666687 209.777802 0.061841 -0.839032 1.000000
0.006849 356.444489 184.000000 0.061841 -0.901108 2.000000
0.019577 357.333313 158.222198 0.030847 -0.901108 2.000000
0.045035 353.777802 99.555557 -0.124105 -2.049481 2.000000
0.022123 349.333313 85.333344 -0.155099 -0.497623 2.000000
0.047580 336.888885 62.222221 -0.434017 -0.807996 2.000000
0.004303 330.666687 53.333328 -0.217079 -0.311400 2.000000
0.034852 320.888885 39.111111 -0.341045 -0.497623 2.000000
0.039943 317.333313 32.888889 -0.124107 -0.218289 2.000000
0.037397 316.444489 31.111111 -0.031131 -0.063103 2.000000
0.001757 316.444489 30.222219 -0.000142 -0.032066 0.000000
0.039943 313.777802 31.111111 -0.093116 0.030009 0.000000
0.042489 304.000000 37.333328 -0.341045 0.216232 0.000000
0.039943 290.666687 47.111111 -0.465008 0.340381 0.000000
0.004303 281.777802 53.333328 -0.310053 0.216232 0.000000
0.022123 273.777802 60.444439 -0.279062 0.247269 0.000000
0.004303 263.111115 68.444443 -0.372036 0.278306 0.000000
0.027215 239.111099 86.222221 -0.836903 0.619715 0.000000
0.009394 239.111099 86.222221 -0.000142 -0.001029 0.000000
0.027215 209.777802 103.111099 -1.022848 0.588677 0.000000
0.022123 177.777802 117.333298 -1.115822 0.495565 0.000000
0.009394 177.777802 117.333298 -0.000142 -0.001029 0.000000
0.022123 147.555603 128.000000 -1.053839 0.371419 0.000000
0.014486 136.000000 131.555603 -0.403028 0.123122 1.000000
0.027215 120.888901 135.111099 -0.526991 0.123118 1.000000
0.022123 117.333298 136.000000 -0.124108 0.030009 2.000000
0.011940 115.555603 136.000000 -0.062121 -0.001029 2.000000
0.019577 115.555603 136.000000 -0.000142 -0.001029 2.000000
0.045035 124.444397 133.333298 0.309766 -0.094141 2.000000
0.057763 141.333298 126.222198 0.588689 -0.249326 2.000000
0.039943 176.000000 107.555603 1.208512 -0.652807 2.000000
0.039943 190.222198 101.333298 0.495715 -0.218292 2.000000
0.039943 222.222198 90.666656 1.115538 -0.373474 2.000000
0.024669 253.333298 88.888893 1.084546 -0.063102 3.000000
0.017032 266.666687 92.444443 0.464726 0.123120 3.000000
0.001757 279.111115 98.666656 0.433733 0.216231 0.000000
0.017032 288.000000 104.888901 0.309769 0.216232 0.000000
0.037397 303.111115 121.777802 0.526707 0.588678 0.000000
0.004303 308.444489 130.666702 0.185806 0.309344 0.000000
0.004303 312.000000 139.555603 0.123821 0.309344 0.000000
0.017032 314.666687 148.444397 0.092832 0.309340 0.000000
0.042489 316.444489 162.666702 0.061841 0.495569 0.000000
0.032306 312.888885 174.222198 -0.124108 0.402453 0.000000
0.055218 295.111115 184.888901 -0.619964 0.371419 0.000000
0.037397 287.111115 185.777802 -0.279062 0.030009 0.000000
0.001757 276.444489 186.666702 -0.372034 0.030009 1.000000
0.017032 264.000000 186.666702 -0.434019 -0.001029 1.000000
0.004303 250.666702 184.000000 -0.465008 -0.094141 2.000000
0.001757 234.666702 181.333298 -0.557982 -0.094141 2.000000
0.011940 218.666702 178.666702 -0.557982 -0.094138 2.000000
-0.000788 202.666702 176.888901 -0.557982 -0.063104 2.000000
0.001757 202.666702 176.888901 -0.000142 -0.001029 2.000000
0.011940 187.555603 176.888901 -0.526991 -0.001029 2.000000
-0.000788 172.444397 177.777802 -0.526994 0.030009 2.000000
0.017032 158.222198 182.222198 -0.495999 0.154156 2.000000
-0.000788 144.000000 187.555603 -0.495999 0.185197 2.000000
0.001757 131.555603 194.666702 -0.434016 0.247268 2.000000
0.017032 120.000000 202.666702 -0.403028 0.278306 2.000000
0.001757 120.000000 202.666702 -0.000142 -0.001029 2.000000
0.014486 103.111099 223.111099 -0.588974 0.712825 2.000000
-0.000788 103.111099 223.111099 -0.000142 -0.001029 2.000000
0.004303 98.666656 234.666702 -0.155098 0.402456 2.000000
0.011940 96.000000 247.111099 -0.093115 0.433490 2.000000
-0.000788 95.111107 258.666687 -0.031133 0.402456 3.000000
0.014486 95.111107 268.444489 -0.000142 0.340381 3.000000
0.006849 97.777779 277.333313 0.092831 0.309341 0.000000
0.004303 101.333298 285.333313 0.123821 0.278306 0.000000
0.011940 106.666702 290.666687 0.185807 0.185196 0.000000
0.004303 106.666702 290.666687 -0.000142 -0.001029 0.000000
0.014486 120.888901 296.000000 0.495715 0.185194 0.000000
0.004303 120.888901 296.000000 -0.000142 -0.001029 0.000000
0.019577 136.888901 295.111115 0.557698 -0.032066 0.000000
0.004303 144.888901 290.666687 0.278778 -0.156214 0.000000
0.014486 151.111099 286.222198 0.216795 -0.156216 0.000000
0.009394 156.444397 280.000000 0.185803 -0.218288 0.000000
0.022123 160.000000 272.000000 0.123824 -0.280363 0.000000
0.006849 162.666702 262.222198 0.092832 -0.342438 0.000000
0.022123 163.555603 236.444397 0.030849 -0.901108 0.000000
0.055218 160.888901 204.444397 -0.093117 -1.118367 0.000000
0.047580 150.222198 175.111099 -0.372037 -1.025254 1.000000
0.042489 117.333298 150.222198 -1.146814 -0.870070 2.000000
0.037397 103.111099 146.666702 -0.495999 -0.125175 2.000000
0.042489 60.444439 145.777802 -1.487715 -0.032066 2.000000
0.042489 36.444439 152.000000 -0.836902 0.216231 2.000000
0.004303 36.444439 152.000000 -0.000142 -0.001029 2.000000
0.022123 16.000000 161.777802 -0.712938 0.340381 2.000000
0.057763 -5.333333 182.222198 -0.743929 0.712825 2.000000
0.042489 -10.666670 197.333298 -0.186089 0.526603 3.000000
0.039943 -7.111111 208.888901 0.123822 0.402456 3.000000
0.006849 -0.888889 213.333298 0.216796 0.154156 0.000000
0.014486 7.111111 215.111099 0.278778 0.061047 0.000000
0.057763 45.333328 212.444397 1.332475 -0.094141 0.000000
0.034852 62.222221 209.777802 0.588689 -0.094138 0.000000
0.057763 114.666702 206.222198 1.828335 -0.125179 0.000000
0.039943 148.444397 209.777802 1.177517 0.123122 0.000000
0.034852 180.444397 218.666702 1.115538 0.309344 0.000000
0.001757 195.555603 224.000000 0.526710 0.185193 0.000000
0.004303 195.555603 224.000000 -0.000142 -0.001029 0.000000
0.011940 209.777802 229.333298 0.495715 0.185193 0.000000
0.001757 223.111099 233.777802 0.464723 0.154159 1.000000
0.011940 235.555603 238.222198 0.433735 0.154156 1.000000
0.001757 246.222198 242.666702 0.371749 0.154159 2.000000
0.034852 264.888885 248.888901 0.650672 0.216231 2.000000
0.037397 280.000000 253.333298 0.526707 0.154156 2.000000
0.001757 280.000000 253.333298 -0.000142 -0.001029 2.000000
0.004303 287.111115 254.222198 0.247787 0.030009 2.000000
0.014486 294.222198 255.111099 0.247786 0.030009 2.000000
0.001757 302.222198 255.111099 0.278778 -0.001029 2.000000
0.017032 310.222198 253.333298 0.278778 -0.063104 2.000000
0.001757 318.222198 250.666702 0.278778 -0.094138 2.000000
0.014486 325.333313 246.222198 0.247787 -0.156217 2.000000
0.001757 332.444489 241.777802 0.247789 -0.156213 2.000000
0.006849 338.666687 235.555603 0.216795 -0.218288 2.000000
0.014486 344.000000 229.333298 0.185804 -0.218292 3.000000
0.006849 348.444489 223.111099 0.154815 -0.218288 0.000000
0.017032 352.000000 216.888901 0.123821 -0.218288 0.000000
0.004303 355.555511 210.666702 0.123821 -0.218288 0.000000
0.022123 360.000000 205.333298 0.154815 -0.187254 0.000000
0.006849 364.444489 200.000000 0.154815 -0.187250 0.000000
0.022123 375.111115 192.000000 0.371750 -0.280363 0.000000
0.042489 387.555511 187.555603 0.433732 -0.156213 0.000000
0.042489 400.888885 183.111099 0.464726 -0.156217 0.000000
0.042489 413.333313 177.777802 0.433733 -0.187250 0.000000
0.045035 428.444489 168.888901 0.526709 -0.311401 0.000000
0.055218 456.888885 148.444397 0.991572 -0.714886 0.000000
0.042489 472.888885 141.333298 0.557698 -0.249326 1.000000
0.039943 483.555511 139.555603 0.371750 -0.063100 2.000000
0.055218 489.777802 141.333298 0.216798 0.061043 2.000000
0.039943 488.000000 154.666702 -0.062125 0.464532 2.000000
0.037397 480.888885 170.666702 -0.248071 0.557641 2.000000
0.004303 477.333313 179.555603 -0.124107 0.309344 2.000000
0.014486 474.666687 190.222198 -0.093114 0.371415 2.000000
0.060309 468.444489 215.111099 -0.217079 0.868013 2.000000
0.006849 465.777802 229.333298 -0.093116 0.495565 3.000000
0.017032 462.222198 244.444397 -0.124108 0.526603 3.000000
0.004303 456.000000 275.555511 -0.217079 1.085273 0.000000
0.014486 453.333313 290.666687 -0.093116 0.526606 0.000000
0.055218 448.888885 312.888885 -0.155097 0.774900 0.000000
0.004303 448.000000 320.888885 -0.031133 0.278306 0.000000
0.014486 448.000000 325.333313 -0.000142 0.154157 0.000000
0.037397 448.000000 329.777802 -0.000142 0.154159 0.000000
0.055218 448.000000 330.666687 -0.000142 0.030009 0.000000
0.060309 444.444489 327.111115 -0.124105 -0.125178 0.000000
0.022123 434.666687 314.666687 -0.341045 -0.435548 0.000000
0.037397 418.666687 292.444489 -0.557982 -0.776957 0.000000
0.009394 410.666687 278.222198 -0.279062 -0.497626 2.000000
0.022123 402.666687 261.333313 -0.279062 -0.590735 2.000000
0.004303 394.666687 243.555603 -0.279062 -0.621770 2.000000
0.006849 387.555511 224.888901 -0.248073 -0.652811 2.000000
0.019577 379.555511 208.000000 -0.279062 -0.590735 2.000000
0.006849 369.777802 192.888901 -0.341042 -0.528660 2.000000
0.017032 360.000000 180.444397 -0.341045 -0.435551 2.000000
0.004303 348.444489 171.555603 -0.403025 -0.311397 2.000000
0.019577 336.000000 165.333298 -0.434019 -0.218292 2.000000
0.009394 324.444489 161.777802 -0.403025 -0.125175 2.000000
0.022123 304.888885 158.222198 -0.681948 -0.125179 2.000000
0.024669 298.666687 158.222198 -0.217079 -0.001029 2.000000
0.017032 294.222198 158.222198 -0.155099 -0.001029 2.000000
0.027215 290.666687 158.222198 -0.124105 -0.001029 2.000000
0.029760 291.555511 155.555603 0.030847 -0.094138 0.000000
0.045035 298.666687 147.555603 0.247789 -0.280363 0.000000
0.050126 309.333313 133.333298 0.371750 -0.497626 0.000000
0.004303 316.444489 123.555603 0.247789 -0.342435 0.000000
0.024669 333.333313 101.333298 0.588687 -0.776961 0.000000
0.047580 352.000000 77.333344 0.650672 -0.839031 0.000000
0.045035 365.333313 62.222221 0.464724 -0.528661 0.000000
0.006849 369.777802 57.777779 0.154815 -0.156214 0.000000
0.022123 375.111115 53.333328 0.185804 -0.156215 0.000000
0.045035 377.777802 50.666672 0.092832 -0.094140 0.000000
0.042489 378.666687 49.777779 0.030849 -0.032066 0.000000
0.006849 378.666687 49.777779 -0.000142 -0.001029 1.000000
0.017032 377.777802 49.777779 -0.031133 -0.001029 1.000000
0.037397 371.555511 50.666672 -0.217082 0.030009 2.000000
0.042489 362.666687 54.222221 -0.310051 0.123120 2.000000
0.065400 343.111115 63.111111 -0.681947 0.309343 2.000000
0.006849 335.111115 66.666656 -0.279062 0.123120 2.000000
0.019577 326.222198 71.111107 -0.310054 0.154158 2.000000
0.006849 315.555511 76.444443 -0.372036 0.185195 2.000000
0.017032 304.888885 81.777779 -0.372034 0.185195 2.000000
0.004303 292.444489 88.888893 -0.434016 0.247269 2.000000
0.014486 263.111115 104.000000 -1.022850 0.526603 2.000000
0.004303 263.111115 104.000000 -0.000142 -0.001029 2.000000
0.017032 230.222198 121.777802 -1.146814 0.619716 3.000000
0.039943 215.111099 130.666702 -0.526991 0.309344 3.000000
0.006849 189.333298 151.111099 -0.898885 0.712825 0.000000
0.037397 179.555603 160.888901 -0.341041 0.340381 0.000000
0.034852 162.666702 181.333298 -0.588974 0.712825 0.000000
0.001757 154.666702 191.111099 -0.279062 0.340381 0.000000
0.017032 146.666702 200.000000 -0.279062 0.309344 0.000000
0.004303 138.666702 208.888901 -0.279062 0.309344 0.000000
0.017032 130.666702 217.777802 -0.279062 0.309344 0.000000
0.001757 123.555603 225.777802 -0.248071 0.278306 0.000000
0.009394 117.333298 233.777802 -0.217083 0.278306 0.000000
0.014486 112.000000 241.777802 -0.186088 0.278306 0.000000
0.006849 109.333298 248.888901 -0.093117 0.247268 0.000000
0.017032 107.555603 256.000000 -0.062121 0.247268 0.000000
0.037397 107.555603 267.555511 -0.000142 0.402453 0.000000
0.039943 111.111099 276.444489 0.123820 0.309346 1.000000
0.004303 112.888901 279.111115 0.061841 0.092082 1.000000
0.022123 115.555603 282.666687 0.092832 0.123121 2.000000
0.004303 115.555603 282.666687 -0.000142 -0.001029 2.000000
0.039943 115.555603 283.555511 -0.000142 0.030006 2.000000
0.037397 115.555603 282.666687 -0.000142 -0.032063 2.000000
0.037397 112.000000 275.555511 -0.124108 -0.249328 2.000000
0.057763 102.222198 251.555603 -0.341045 -0.839029 2.000000
0.037397 90.666656 228.444397 -0.403026 -0.807998 2.000000
0.042489 75.555557 207.111099 -0.526991 -0.745920 3.000000
0.027215 67.555557 199.111099 -0.279062 -0.280363 0.000000
0.014486 57.777779 188.444397 -0.341044 -0.373476 0.000000
0.032306 56.888889 182.222198 -0.031133 -0.218288 0.000000
0.052672 69.333344 177.777802 0.433734 -0.156213 0.000000
0.037397 94.222221 176.000000 0.867609 -0.063104 0.000000
0.057763 129.777802 178.666702 1.239503 0.092084 0.000000
0.032306 169.777802 188.444397 1.394458 0.340378 0.000000
0.055218 224.888901 207.111099 1.921306 0.650753 0.000000
0.034852 249.777802 215.111099 0.867609 0.278306 0.000000
0.037397 260.444489 217.777802 0.371752 0.092084 1.000000
0.001757 260.444489 217.777802 -0.000142 -0.001029 1.000000
0.034852 260.444489 216.000000 -0.000142 -0.063104 2.000000
0.057763 244.444397 192.888901 -0.557985 -0.807995 2.000000
0.027215 231.111099 166.222198 -0.465008 -0.932145 2.000000
0.052672 217.777802 128.888901 -0.465008 -1.304589 2.000000
0.032306 201.777802 92.444443 -0.557982 -1.273553 2.000000
-0.000788 201.777802 92.444443 -0.000142 -0.001029 2.000000
0.001757 193.777802 78.222221 -0.279062 -0.497623 2.000000
0.017032 185.777802 68.444443 -0.279062 -0.342438 3.000000
0.047580 167.111099 56.000000 -0.650957 -0.435549 3.000000
0.001757 163.555603 56.000000 -0.124105 -0.001029 0.000000
0.027215 160.888901 56.888889 -0.093117 0.030009 0.000000
0.029760 156.444397 67.555557 -0.155100 0.371418 0.000000
0.052672 154.666702 86.222221 -0.062121 0.650752 0.000000
0.057763 152.000000 114.666702 -0.093117 0.992162 0.000000
0.032306 150.222198 132.444397 -0.062125 0.619712 0.000000
0.039943 150.222198 149.333298 -0.000142 0.588678 0.000000
0.039943 152.000000 169.777802 0.061841 0.712829 1.000000
0.001757 152.000000 169.777802 -0.000142 -0.001029 1.000000
0.009394 154.666702 192.888901 0.092832 0.805938 2.000000
0.014486 154.666702 192.888901 -0.000142 -0.001029 2.000000
0.039943 155.555603 224.888901 0.030849 1.116310 2.000000
0.032306 153.777802 235.555603 -0.062125 0.371419 2.000000
-0.000788 152.000000 245.333298 -0.062125 0.340378 2.000000
0.037397 148.444397 264.888885 -0.124108 0.681790 2.000000
0.055218 145.777802 283.555511 -0.093113 0.650751 2.000000
0.006849 144.888901 298.666687 -0.031134 0.526606 2.000000
0.011940 144.888901 298.666687 -0.000142 -0.001029 2.000000
0.052672 144.888901 311.111115 -0.000142 0.433491 2.000000
0.032306 144.888901 312.888885 -0.000142 0.061046 0.000000
