0.004303 53.333328 221.333298 -0.124107 0.030009 0.000000
0.017032 48.888889 223.111099 -0.155098 0.061047 0.000000
0.004303 44.444439 224.000000 -0.155098 0.030009 0.000000
0.017032 40.888889 224.000000 -0.124106 -0.001029 0.000000
0.004303 39.111111 224.888901 -0.062124 0.030009 2.000000
0.017032 37.333328 224.888901 -0.062125 -0.001029 2.000000
0.001757 37.333328 224.888901 -0.000142 -0.001029 2.000000
0.004303 37.333328 224.888901 -0.000142 -0.001029 2.000000
0.011940 40.888889 221.333298 0.123822 -0.125179 2.000000
-0.000788 40.888889 221.333298 -0.000142 -0.001029 2.000000
0.014486 55.111111 209.777802 0.495716 -0.404510 2.000000
-0.000788 55.111111 209.777802 -0.000142 -0.001029 2.000000
0.004303 65.777779 202.666702 0.371751 -0.249326 2.000000
0.017032 77.333344 194.666702 0.402743 -0.280363 2.000000
0.001757 89.777779 187.555603 0.433733 -0.249326 2.000000
0.017032 104.000000 180.444397 0.495716 -0.249329 2.000000
0.027215 134.222198 168.888901 1.053555 -0.404510 2.000000
0.042489 164.444397 158.222198 1.053555 -0.373476 2.000000
0.034852 189.333298 147.555603 0.867609 -0.373472 1.000000
0.037397 207.111099 136.888901 0.619681 -0.373476 0.000000
0.001757 214.222198 131.555603 0.247786 -0.187250 0.000000
0.037397 218.666702 127.111099 0.154815 -0.156217 0.000000
0.037397 222.222198 117.333298 0.123820 -0.342438 0.000000
0.060309 217.777802 106.666702 -0.155096 -0.373472 0.000000
0.034852 207.111099 104.888901 -0.372037 -0.063104 0.000000
0.017032 198.222198 107.555603 -0.310054 0.092084 0.000000
0.001757 187.555603 113.777802 -0.372033 0.216231 0.000000
0.060309 156.444397 150.222198 -1.084834 1.271494 0.000000
0.017032 149.333298 168.000000 -0.248071 0.619716 1.000000
0.006849 144.000000 187.555603 -0.186088 0.681791 2.000000
0.032306 137.777802 232.888901 -0.217079 1.581866 2.000000
0.052672 137.777802 276.444489 -0.000142 1.519794 2.000000
0.037397 138.666702 312.888885 0.030849 1.271494 2.000000
0.075583 141.333298 353.777802 0.092829 1.426683 2.000000
0.029760 142.222198 367.111115 0.030849 0.464528 2.000000
0.037397 145.777802 369.777802 0.123824 0.092084 2.000000
0.039943 152.888901 360.000000 0.247786 -0.342438 3.000000
0.017032 164.444397 330.666687 0.402740 -1.025255 0.000000
0.006849 164.444397 330.666687 -0.000142 -0.001029 0.000000
0.057763 188.444397 254.222198 0.836618 -2.670227 0.000000
0.037397 210.666702 198.222198 0.774638 -1.956371 0.000000
0.047580 237.333298 154.666702 0.929589 -1.521848 0.000000
0.045035 266.666687 126.222198 1.022566 -0.994220 0.000000
0.014486 293.333313 110.222198 0.929590 -0.559698 0.000000
0.001757 293.333313 110.222198 -0.000142 -0.001029 0.000000
0.047580 316.444489 104.000000 0.805629 -0.218288 0.000000
0.052672 333.333313 113.777802 0.588687 0.340381 0.000000
0.014486 333.333313 125.333298 -0.000142 0.402453 1.000000
0.019577 319.111115 159.111099 -0.495999 1.178385 1.000000
0.011940 307.555511 177.777802 -0.403028 0.650753 2.000000
-0.000788 307.555511 177.777802 -0.000142 -0.001029 2.000000
0.050126 264.888885 230.222198 -1.487714 1.830163 2.000000
0.052672 239.111099 262.222198 -0.898885 1.116310 2.000000
0.029760 222.222198 284.444489 -0.588974 0.774903 2.000000
0.001757 222.222198 284.444489 -0.000142 -0.001029 2.000000
0.032306 216.000000 296.888885 -0.217079 0.433490 2.000000
0.073038 227.555603 302.222198 0.402744 0.185194 2.000000
0.006849 227.555603 302.222198 -0.000142 -0.001029 3.000000
0.004303 235.555603 300.444489 0.278778 -0.063101 3.000000
0.019577 256.888885 291.555511 0.743643 -0.311403 0.000000
0.006849 256.888885 291.555511 -0.000142 -0.001029 0.000000
0.017032 284.444489 278.222198 0.960584 -0.466585 0.000000
0.009394 299.555511 269.333313 0.526704 -0.311400 0.000000
0.009394 317.333313 258.666687 0.619681 -0.373473 0.000000
0.006849 317.333313 258.666687 -0.000142 -0.001029 0.000000
0.017032 350.222198 233.777802 1.146529 -0.870069 0.000000
0.006849 365.333313 220.444397 0.526707 -0.466589 0.000000
0.017032 378.666687 209.777802 0.464726 -0.373472 0.000000
0.009394 390.222198 200.000000 0.402741 -0.342438 0.000000
0.017032 399.111115 192.888901 0.309770 -0.249326 0.000000
0.009394 407.111115 186.666702 0.278778 -0.218288 0.000000
0.017032 413.333313 181.333298 0.216795 -0.187254 0.000000
0.004303 420.444489 176.888901 0.247789 -0.156213 0.000000
0.017032 433.777802 168.000000 0.464724 -0.311401 0.000000
0.006849 433.777802 168.000000 -0.000142 -0.001029 1.000000
0.039943 446.222198 158.222198 0.433732 -0.342438 2.000000
0.006849 451.555511 153.777802 0.185804 -0.156213 2.000000
0.045035 457.777802 148.444397 0.216798 -0.187254 2.000000
0.042489 450.666687 146.666702 -0.248071 -0.063100 2.000000
0.032306 442.666687 146.666702 -0.279062 -0.001029 2.000000
0.067946 404.444489 146.666702 -1.332759 -0.001029 2.000000
0.027215 372.444489 148.444397 -1.115822 0.061043 2.000000
0.039943 334.222198 148.444397 -1.332762 -0.001029 2.000000
0.017032 312.888885 147.555603 -0.743928 -0.032062 0.000000
0.037397 268.444489 143.111099 -1.549696 -0.156217 0.000000
0.024669 226.666702 138.666702 -1.456725 -0.156213 0.000000
0.037397 192.888901 136.888901 -1.177805 -0.063104 0.000000
0.073038 160.000000 134.222198 -1.146814 -0.094141 0.000000
0.024669 144.000000 134.222198 -0.557982 -0.001029 0.000000
0.039943 136.000000 136.000000 -0.279062 0.061047 0.000000
0.014486 128.888901 139.555603 -0.248071 0.123122 0.000000
0.001757 120.888901 144.888901 -0.279062 0.185193 0.000000
0.017032 105.777802 160.888901 -0.526991 0.557641 0.000000
0.004303 105.777802 160.888901 -0.000142 -0.001029 0.000000
0.022123 93.333344 180.444397 -0.434018 0.681787 1.000000
0.006849 88.000000 190.222198 -0.186089 0.340381 1.000000
0.006849 88.000000 190.222198 -0.000142 -0.001029 1.000000
0.017032 76.444443 210.666702 -0.403027 0.712829 2.000000
0.004303 76.444443 210.666702 -0.000142 -0.001029 2.000000
0.017032 63.111111 227.555603 -0.465009 0.588678 2.000000
0.004303 55.111111 234.666702 -0.279062 0.247268 2.000000
0.011940 48.888889 240.888901 -0.217080 0.216231 2.000000
0.004303 48.888889 240.888901 -0.000142 -0.001029 2.000000
0.017032 37.333328 248.000000 -0.403027 0.247268 2.000000
0.004303 33.777779 249.777802 -0.124106 0.061047 2.000000
0.017032 32.888889 249.777802 -0.031133 -0.001029 2.000000
0.029760 36.444439 244.444397 0.123822 -0.187254 2.000000
0.039943 42.666672 236.444397 0.216796 -0.280363 2.000000
0.037397 65.777779 212.444397 0.805627 -0.839032 2.000000
0.014486 103.111099 184.000000 1.301484 -0.994217 0.000000
0.024669 125.333298 170.666702 0.774635 -0.466585 0.000000
0.034852 176.000000 152.000000 1.766352 -0.652811 0.000000
0.075583 246.222198 146.666702 2.448155 -0.187250 0.000000
0.024669 276.444489 160.000000 1.053558 0.464528 0.000000
0.034852 288.888885 181.333298 0.433732 0.743862 0.000000
0.014486 289.777802 192.888901 0.030850 0.402456 0.000000
0.039943 284.444489 219.555603 -0.186088 0.930088 0.000000
0.039943 275.555511 245.333298 -0.310056 0.899047 0.000000
0.006849 272.000000 256.888885 -0.124105 0.402456 0.000000
0.004303 270.222198 267.555511 -0.062125 0.371416 0.000000
0.039943 270.222198 285.333313 -0.000142 0.619716 2.000000
0.052672 273.777802 299.555511 0.123824 0.495565 2.000000
0.029760 280.000000 312.000000 0.216795 0.433493 2.000000
0.019577 283.555511 318.222198 0.123821 0.216231 2.000000
0.022123 286.222198 322.666687 0.092832 0.154159 2.000000
0.037397 290.666687 329.777802 0.154815 0.247269 2.000000
0.067946 293.333313 338.666687 0.092830 0.309343 2.000000
0.001757 293.333313 338.666687 -0.000142 -0.001029 2.000000
0.004303 292.444489 342.222198 -0.031131 0.123119 2.000000
0.034852 287.111115 350.222198 -0.186090 0.278306 2.000000
0.039943 279.111115 359.111115 -0.279062 0.309344 0.000000
0.017032 275.555511 362.666687 -0.124108 0.123121 0.000000
0.001757 271.111115 365.333313 -0.155096 0.092082 0.000000
0.004303 268.444489 368.000000 -0.093114 0.092084 0.000000
0.039943 261.333313 371.555511 -0.248073 0.123119 0.000000
0.055218 251.555603 372.444489 -0.341042 0.030012 0.000000
0.060309 224.888901 364.444489 -0.929877 -0.280363 0.000000
0.024669 201.777802 351.111115 -0.805911 -0.466588 0.000000
0.067946 166.222198 320.888885 -1.239788 -1.056293 0.000000
0.022123 152.000000 309.333313 -0.495999 -0.404512 0.000000
0.065400 103.111099 280.000000 -1.704654 -1.025255 0.000000
0.001757 85.333344 272.888885 -0.619964 -0.249326 1.000000
0.009394 68.444443 267.555511 -0.588974 -0.187253 1.000000
0.009394 51.555561 263.111115 -0.588973 -0.156213 2.000000
0.022123 37.333328 259.555511 -0.496000 -0.125179 2.000000
0.039943 14.222220 256.000000 -0.805911 -0.125176 2.000000
0.011940 6.222222 255.111099 -0.279062 -0.032066 2.000000
0.006849 0.888889 254.222198 -0.186089 -0.032066 2.000000
0.039943 -6.222222 252.444397 -0.248071 -0.063104 2.000000
0.055218 -8.000000 247.111099 -0.062124 -0.187250 2.000000
0.034852 -8.000000 242.666702 -0.000142 -0.156213 2.000000
0.057763 2.666667 219.555603 0.371751 -0.807995 0.000000
0.011940 7.111111 210.666702 0.154813 -0.311401 0.000000
0.001757 12.444440 201.777802 0.185804 -0.311401 0.000000
0.052672 21.333330 186.666702 0.309769 -0.528660 0.000000
0.047580 27.555559 169.777802 0.216796 -0.590735 0.000000
0.017032 28.444441 165.333298 0.030849 -0.156217 0.000000
0.001757 29.333330 161.777802 0.030849 -0.125175 0.000000
0.055218 31.111111 152.888901 0.061840 -0.311401 0.000000
0.032306 35.555561 142.222198 0.154814 -0.373476 0.000000
0.017032 41.777779 128.888901 0.216795 -0.466585 0.000000
0.001757 41.777779 128.888901 -0.000142 -0.001029 0.000000
-0.003334 44.444439 122.666702 0.092831 -0.218288 0.000000
0.014486 48.000000 116.444397 0.123822 -0.218292 1.000000
0.009394 50.666672 112.000000 0.092831 -0.156213 1.000000
0.045035 54.222221 105.777802 0.123822 -0.218288 1.000000
0.011940 55.111111 104.888901 0.030849 -0.032066 2.000000
0.019577 55.111111 104.888901 -0.000142 -0.001029 2.000000
0.060309 57.777779 104.000000 0.092831 -0.032066 2.000000
0.024669 68.444443 104.000000 0.371751 -0.001029 2.000000
0.055218 85.333344 106.666702 0.588689 0.092084 2.000000
0.029760 104.000000 116.444397 0.650671 0.340378 2.000000
0.050126 122.666702 127.111099 0.650672 0.371419 2.000000
0.032306 140.444397 138.666702 0.619677 0.402456 0.000000
0.006849 150.222198 144.000000 0.340761 0.185193 0.000000
0.052672 184.000000 159.111099 1.177521 0.526603 0.000000
-0.000788 184.000000 159.111099 -0.000142 -0.001029 0.000000
0.032306 210.666702 166.222198 0.929592 0.247268 0.000000
0.019577 224.888901 168.000000 0.495715 0.061047 0.000000
0.047580 252.444397 168.888901 0.960580 0.030009 0.000000
0.011940 279.111115 165.333298 0.929593 -0.125179 0.000000
-0.000788 279.111115 165.333298 -0.000142 -0.001029 0.000000
-0.003334 291.555511 160.888901 0.433732 -0.156213 0.000000
0.060309 321.777802 138.666702 1.053558 -0.776957 0.000000
0.050126 326.222198 115.555603 0.154812 -0.807995 0.000000
0.019577 322.666687 101.333298 -0.124105 -0.497626 0.000000
0.050126 288.000000 63.111111 -1.208796 -1.335626 2.000000
0.047580 249.777802 50.666672 -1.332759 -0.435549 2.000000
0.062855 171.555603 56.000000 -2.727359 0.185194 2.000000
0.019577 143.111099 64.000000 -0.991860 0.278306 2.000000
0.055218 92.444443 86.222221 -1.766635 0.774901 2.000000
0.042489 50.666672 129.777802 -1.456724 1.519794 2.000000
0.014486 46.222221 146.666702 -0.155098 0.588678 3.000000
0.004303 46.222221 163.555603 -0.000142 0.588678 3.000000
0.006849 52.444439 179.555603 0.216795 0.557641 3.000000
0.001757 64.000000 192.888901 0.402742 0.464528 0.000000
0.006849 64.000000 192.888901 -0.000142 -0.001029 0.000000
0.047580 98.666656 209.777802 1.208511 0.588678 0.000000
0.062855 169.777802 216.000000 2.479148 0.216231 0.000000
-0.003334 193.777802 216.000000 0.836618 -0.001029 0.000000
-0.000788 193.777802 216.000000 -0.000142 -0.001029 0.000000
0.047580 252.444397 216.888901 2.045269 0.030009 0.000000
0.047580 269.333313 225.777802 0.588690 0.309344 0.000000
0.052672 264.888885 243.555603 -0.155097 0.619716 0.000000
0.032306 249.777802 250.666702 -0.526990 0.247268 2.000000
0.050126 240.000000 245.333298 -0.341045 -0.187254 2.000000
0.047580 243.555603 220.444397 0.123824 -0.870070 2.000000
0.067946 273.777802 156.444397 1.053555 -2.235705 2.000000
0.019577 288.000000 130.666702 0.495715 -0.901104 2.000000
0.050126 330.666687 60.444439 1.487432 -2.452967 2.000000
0.011940 339.555511 46.222221 0.309767 -0.497623 3.000000
0.001757 343.111115 38.222221 0.123824 -0.280363 3.000000
0.014486 342.222198 33.777779 -0.031134 -0.156214 3.000000
0.001757 334.222198 33.777779 -0.279062 -0.001029 0.000000
0.001757 334.222198 33.777779 -0.000142 -0.001029 0.000000
0.065400 272.000000 60.444439 -2.169519 0.930087 0.000000
0.019577 201.777802 107.555603 -2.448439 1.643944 0.000000
0.045035 125.333298 170.666702 -2.665380 2.202611 0.000000
0.014486 93.333344 202.666702 -1.115821 1.116310 0.000000
0.034852 56.000000 254.222198 -1.301769 1.799126 0.000000
0.022123 50.666672 272.000000 -0.186089 0.619716 0.000000
0.067946 74.666656 290.666687 0.836617 0.650753 0.000000
0.022123 125.333298 272.000000 1.766350 -0.652810 2.000000
0.052672 194.666702 239.111099 2.417167 -1.149405 2.000000
0.034852 269.333313 211.555603 2.603109 -0.963179 2.000000
0.070492 368.000000 190.222198 3.439872 -0.745923 2.000000
0.027215 414.222198 180.444397 1.611395 -0.342438 2.000000
0.067946 452.444489 169.777802 1.332478 -0.373472 2.000000
0.022123 456.888885 168.000000 0.154812 -0.063104 2.000000
0.014486 456.888885 168.000000 -0.000142 -0.001029 0.000000
0.004303 453.333313 168.000000 -0.124107 -0.001029 0.000000
0.057763 410.666687 178.666702 -1.487714 0.371419 0.000000
0.037397 363.555511 201.777802 -1.642673 0.805938 0.000000
0.065400 310.222198 247.111099 -1.859608 1.581866 0.000000
0.022123 302.222198 261.333313 -0.279062 0.495566 0.000000
0.070492 299.555511 294.222198 -0.093116 1.147347 0.000000
0.024669 309.333313 311.111115 0.340761 0.588679 0.000000
0.039943 324.444489 325.333313 0.526709 0.495565 2.000000
0.070492 353.777802 337.777802 1.022564 0.433493 2.000000
0.019577 363.555511 338.666687 0.340758 0.030009 2.000000
0.022123 384.000000 338.666687 0.712655 -0.001029 2.000000
0.004303 384.000000 338.666687 -0.000142 -0.001029 2.000000
0.022123 400.888885 335.111115 0.588689 -0.125178 2.000000
0.006849 408.000000 333.333313 0.247787 -0.063104 2.000000
0.045035 420.444489 328.000000 0.433735 -0.187251 2.000000
0.039943 431.111115 321.777802 0.371750 -0.218288 2.000000
0.022123 442.666687 312.000000 0.402743 -0.342438 3.000000
0.014486 442.666687 312.000000 -0.000142 -0.001029 3.000000
0.014486 453.333313 300.444489 0.371750 -0.404510 0.000000
0.009394 458.666687 293.333313 0.185806 -0.249328 0.000000
0.042489 465.777802 279.111115 0.247787 -0.497623 0.000000
0.019577 468.444489 272.000000 0.092832 -0.249326 0.000000
0.006849 469.333313 265.777802 0.030847 -0.218288 0.000000
0.039943 470.222198 253.333298 0.030849 -0.435551 0.000000
0.019577 470.222198 241.777802 -0.000142 -0.404510 0.000000
0.014486 470.222198 236.444397 -0.000142 -0.187254 0.000000
0.062855 470.222198 219.555603 -0.000142 -0.590732 1.000000
0.032306 470.222198 216.000000 -0.000142 -0.125179 2.000000
0.014486 471.111115 212.444397 0.030850 -0.125179 2.000000
0.001757 471.111115 208.888901 -0.000142 -0.125175 2.000000
0.065400 472.000000 200.000000 0.030849 -0.311401 2.000000
0.024669 469.333313 192.888901 -0.093116 -0.249326 2.000000
0.070492 468.444489 178.666702 -0.031131 -0.497623 2.000000
0.024669 468.444489 172.444397 -0.000142 -0.218292 2.000000
0.017032 468.444489 167.111099 -0.000142 -0.187250 3.000000
0.001757 469.333313 160.888901 0.030847 -0.218288 3.000000
0.014486 469.333313 150.222198 -0.000142 -0.373476 0.000000
0.032306 467.555511 144.888901 -0.062125 -0.187250 0.000000
0.001757 464.000000 139.555603 -0.124105 -0.187250 0.000000
0.032306 453.333313 128.888901 -0.372036 -0.373476 0.000000
0.001757 453.333313 128.888901 -0.000142 -0.001029 0.000000
0.001757 446.222198 123.555603 -0.248071 -0.187250 0.000000
0.067946 429.333313 111.111099 -0.588973 -0.435551 0.000000
0.019577 426.666687 108.444397 -0.093114 -0.094141 0.000000
0.062855 424.888885 106.666702 -0.062125 -0.063100 0.000000
0.027215 425.777802 106.666702 0.030850 -0.001029 0.000000
0.017032 429.333313 106.666702 0.123821 -0.001029 1.000000
0.009394 433.777802 109.333298 0.154815 0.092080 1.000000
0.014486 438.222198 113.777802 0.154812 0.154159 2.000000
0.039943 440.000000 133.333298 0.061841 0.681787 2.000000
0.037397 427.555511 168.000000 -0.434019 1.209423 2.000000
0.039943 402.666687 207.111099 -0.867891 1.364607 2.000000
0.001757 387.555511 223.111099 -0.526993 0.557641 2.000000
0.009394 372.444489 237.333298 -0.526988 0.495565 2.000000
0.042489 341.333313 258.666687 -1.084833 0.743866 2.000000
0.042489 317.333313 268.444489 -0.836902 0.340381 3.000000
0.014486 309.333313 269.333313 -0.279062 0.030006 3.000000
0.037397 297.777802 260.444489 -0.403025 -0.311398 0.000000
0.027215 297.777802 252.444397 -0.000142 -0.280366 0.000000
0.062855 310.222198 210.666702 0.433732 -1.459773 0.000000
-0.000788 310.222198 210.666702 -0.000142 -0.001029 0.000000
0.034852 328.888885 167.111099 0.650672 -1.521852 0.000000
0.019577 337.777802 143.111099 0.309770 -0.839032 0.000000
0.057763 346.666687 92.444443 0.309769 -1.770147 0.000000
0.024669 339.555511 76.444443 -0.248073 -0.559698 0.000000
0.055218 320.000000 72.888893 -0.681945 -0.125177 0.000000
0.017032 297.777802 77.333344 -0.774919 0.154158 2.000000
0.009394 297.777802 77.333344 -0.000142 -0.001029 2.000000
0.057763 275.555511 96.000000 -0.774922 0.650752 2.000000
0.022123 272.888885 114.666702 -0.093114 0.650753 2.000000
0.052672 286.222198 133.333298 0.464724 0.650750 2.000000
0.067946 339.555511 152.000000 1.859324 0.650753 2.000000
0.039943 389.333313 156.444397 1.735361 0.154156 2.000000
0.006849 414.222198 158.222198 0.867609 0.061047 3.000000
0.022123 455.111115 160.888901 1.425450 0.092084 3.000000
0.001757 455.111115 160.888901 -0.000142 -0.001029 0.000000
0.009394 469.333313 163.555603 0.495715 0.092084 0.000000
0.014486 476.444489 165.333298 0.247789 0.061043 0.000000
0.006849 480.000000 167.111099 0.123821 0.061047 0.000000
0.014486 479.111115 169.777802 -0.031133 0.092084 0.000000
0.009394 471.111115 174.222198 -0.279062 0.154156 0.000000
0.014486 456.888885 179.555603 -0.496000 0.185197 0.000000
0.006849 409.777802 194.666702 -1.642670 0.526603 0.000000
0.014486 379.555511 203.555603 -1.053842 0.309344 0.000000
0.004303 379.555511 203.555603 -0.000142 -0.001029 0.000000
0.014486 310.222198 225.777802 -2.417448 0.774900 0.000000
-0.000788 310.222198 225.777802 -0.000142 -0.001029 0.000000
0.019577 240.888901 251.555603 -2.417448 0.899050 0.000000
0.001757 240.888901 251.555603 -0.000142 -0.001029 0.000000
0.004303 210.666702 264.000000 -1.053839 0.433490 0.000000
0.017032 163.555603 284.444489 -1.642671 0.712828 2.000000
0.037397 145.777802 291.555511 -0.619965 0.247266 2.000000
0.022123 131.555603 296.000000 -0.495999 0.154159 2.000000
0.062855 114.666702 296.888885 -0.588974 0.030009 2.000000
0.052672 119.111099 284.444489 0.154812 -0.435547 2.000000
0.022123 123.555603 275.555511 0.154815 -0.311403 2.000000
0.070492 133.333298 248.888901 0.340757 -0.932142 2.000000
0.027215 132.444397 231.111099 -0.031134 -0.621773 0.000000
0.062855 118.222198 200.888901 -0.495999 -1.056292 0.000000
0.034852 104.000000 181.333298 -0.495999 -0.683848 0.000000
0.057763 88.000000 167.111099 -0.557982 -0.497623 0.000000
0.001757 77.333344 165.333298 -0.372035 -0.063104 0.000000
0.001757 66.666656 165.333298 -0.372036 -0.001029 0.000000
0.060309 30.222219 182.222198 -1.270777 0.588678 0.000000
0.047580 11.555560 200.000000 -0.650955 0.619716 0.000000
0.022123 6.222222 210.666702 -0.186089 0.371419 0.000000
0.011940 4.444445 222.222198 -0.062124 0.402453 0.000000
0.004303 7.111111 251.555603 0.092831 1.023201 1.000000
0.017032 7.111111 251.555603 -0.000142 -0.001029 2.000000
0.001757 12.444440 265.777802 0.185804 0.495565 2.000000
0.004303 19.555559 280.000000 0.247787 0.495565 2.000000
0.009394 27.555559 293.333313 0.278778 0.464528 2.000000
0.004303 35.555561 305.777802 0.278778 0.433493 2.000000
0.017032 44.444439 317.333313 0.309769 0.402453 2.000000
0.006849 53.333328 328.888885 0.309769 0.402455 2.000000
0.019577 62.222221 338.666687 0.309769 0.340381 2.000000
0.006849 71.111107 347.555511 0.309769 0.309341 2.000000
0.024669 90.666656 356.444489 0.681662 0.309346 2.000000
0.006849 90.666656 356.444489 -0.000142 -0.001029 2.000000
0.029760 109.333298 356.444489 0.650670 -0.001029 2.000000
0.009394 117.333298 352.888885 0.278778 -0.125179 2.000000
0.024669 128.888901 344.000000 0.402744 -0.311400 0.000000
0.019577 133.333298 337.777802 0.154812 -0.218288 0.000000
0.057763 144.888901 304.888885 0.402744 -1.149405 0.000000
0.009394 148.444397 288.888885 0.123820 -0.559698 0.000000
0.070492 162.666702 231.111099 0.495719 -2.018445 0.000000
0.055218 167.111099 202.666702 0.154812 -0.994217 0.000000
0.006849 167.111099 192.888901 -0.000142 -0.342438 0.000000
0.050126 151.111099 173.333298 -0.557982 -0.683848 0.000000
0.045035 129.777802 169.777802 -0.743928 -0.125175 0.000000
0.039943 107.555603 174.222198 -0.774919 0.154156 0.000000
0.019577 96.000000 181.333298 -0.403028 0.247268 1.000000
0.006849 84.444443 190.222198 -0.403027 0.309344 1.000000
0.017032 64.000000 216.000000 -0.712938 0.899050 2.000000
0.006849 64.000000 216.000000 -0.000142 -0.001029 2.000000
0.070492 47.111111 267.555511 -0.588973 1.799126 2.000000
0.027215 50.666672 296.888885 0.123822 1.023200 2.000000
0.042489 67.555557 316.444489 0.588689 0.681791 2.000000
0.042489 90.666656 327.111115 0.805626 0.371416 2.000000
0.052672 135.111099 332.444489 1.549413 0.185196 2.000000
0.022123 150.222198 332.444489 0.526706 -0.001029 3.000000
0.024669 177.777802 331.555511 0.960584 -0.032069 0.000000
0.014486 189.333298 328.888885 0.402740 -0.094139 0.000000
0.085766 233.777802 310.222198 1.549415 -0.652810 0.000000
0.009394 233.777802 310.222198 -0.000142 -0.001029 0.000000
0.019577 249.777802 292.444489 0.557698 -0.621770 0.000000
0.006849 254.222198 280.000000 0.154812 -0.435551 0.000000
0.027215 257.777802 265.777802 0.123824 -0.497623 0.000000
0.027215 258.666687 231.111099 0.030849 -1.211480 0.000000
0.009394 256.888885 212.444397 -0.062125 -0.652811 0.000000
0.014486 255.111099 194.666702 -0.062125 -0.621769 0.000000
0.019577 252.444397 178.666702 -0.093117 -0.559698 0.000000
0.006849 251.555603 165.333298 -0.031130 -0.466589 0.000000
0.009394 251.555603 142.222198 -0.000142 -0.807995 1.000000
0.027215 251.555603 132.444397 -0.000142 -0.342438 1.000000
0.029760 255.111099 117.333298 0.123820 -0.528660 2.000000
0.006849 255.111099 117.333298 -0.000142 -0.001029 2.000000
0.022123 258.666687 110.222198 0.123823 -0.249326 2.000000
0.047580 260.444489 108.444397 0.061841 -0.063104 2.000000
0.045035 262.222198 112.000000 0.061838 0.123122 2.000000
0.042489 264.888885 144.888901 0.092832 1.147347 2.000000
0.039943 265.777802 161.777802 0.030850 0.588678 2.000000
0.029760 266.666687 198.222198 0.030849 1.271494 2.000000
0.019577 271.111115 233.777802 0.154813 1.240460 0.000000
0.027215 273.777802 252.444397 0.092832 0.650750 0.000000
0.047580 280.888885 286.222198 0.247786 1.178385 0.000000
0.047580 293.333313 323.555511 0.433733 1.302532 0.000000
0.050126 301.333313 340.444489 0.278778 0.588681 0.000000
0.009394 304.000000 347.555511 0.092832 0.247266 0.000000
0.032306 306.666687 360.888885 0.092832 0.464531 0.000000
0.019577 306.666687 365.333313 -0.000142 0.154157 0.000000
0.050126 306.666687 371.555511 -0.000142 0.216231 0.000000
0.042489 309.333313 368.888885 0.092830 -0.094139 0.000000
0.004303 313.777802 363.555511 0.154815 -0.187253 1.000000
0.022123 318.222198 355.555511 0.154812 -0.280363 2.000000
0.006849 323.555511 344.000000 0.185804 -0.404510 2.000000
0.017032 328.888885 329.777802 0.185806 -0.497623 2.000000
0.006849 334.222198 312.000000 0.185804 -0.621773 2.000000
0.017032 339.555511 291.555511 0.185804 -0.714885 2.000000
0.004303 344.000000 270.222198 0.154815 -0.745920 2.000000
0.017032 349.333313 248.000000 0.185804 -0.776957 2.000000
0.004303 353.777802 228.444397 0.154815 -0.683848 2.000000
0.006849 357.333313 210.666702 0.123821 -0.621769 2.000000
0.017032 361.777802 196.444397 0.154815 -0.497626 2.000000
0.006849 364.444489 184.000000 0.092832 -0.435547 2.000000
0.019577 370.666687 164.444397 0.216795 -0.683848 2.000000
0.006849 370.666687 164.444397 -0.000142 -0.001029 2.000000
0.019577 374.222198 152.888901 0.123821 -0.404510 2.000000
0.004303 374.222198 152.888901 -0.000142 -0.001029 2.000000
0.014486 376.000000 151.111099 0.061841 -0.063104 2.000000
0.034852 376.888885 163.555603 0.030849 0.433494 0.000000
0.039943 376.888885 195.555603 -0.000142 1.116310 0.000000
0.024669 375.111115 214.222198 -0.062124 0.650750 0.000000
0.075583 368.888885 263.111115 -0.217080 1.706017 0.000000
0.037397 365.333313 281.777802 -0.124107 0.650753 0.000000
0.024669 364.444489 288.888885 -0.031131 0.247268 0.000000
0.039943 364.444489 288.000000 -0.000142 -0.032066 0.000000
0.019577 364.444489 283.555511 -0.000142 -0.156216 0.000000
0.004303 363.555511 276.444489 -0.031136 -0.249323 0.000000
0.014486 360.888885 264.888885 -0.093114 -0.404514 0.000000
0.006849 357.333313 251.555603 -0.124107 -0.466584 1.000000
0.022123 352.000000 234.666702 -0.186088 -0.590735 1.000000
0.004303 345.777802 216.000000 -0.217079 -0.652811 1.000000
0.019577 331.555511 177.777802 -0.496002 -1.335626 2.000000
0.006849 324.444489 161.777802 -0.248068 -0.559698 2.000000
0.024669 318.222198 150.222198 -0.217082 -0.404514 2.000000
0.004303 313.777802 142.222198 -0.155096 -0.280363 2.000000
0.019577 310.222198 137.777802 -0.124108 -0.156213 2.000000
0.004303 308.444489 135.111099 -0.062122 -0.094141 2.000000
0.022123 307.555511 134.222198 -0.031136 -0.032066 2.000000
0.011940 307.555511 133.333298 -0.000142 -0.032066 2.000000
0.024669 309.333313 132.444397 0.061841 -0.032066 2.000000
0.006849 315.555511 132.444397 0.216795 -0.001029 2.000000
0.024669 325.333313 131.555603 0.340761 -0.032062 2.000000
0.022123 352.888885 130.666702 0.960583 -0.032066 0.000000
0.014486 368.888885 128.888901 0.557698 -0.063104 0.000000
0.022123 383.111115 128.000000 0.495716 -0.032066 0.000000
0.006849 397.333313 127.111099 0.495715 -0.032066 0.000000
0.027215 418.666687 125.333298 0.743646 -0.063104 0.000000
0.009394 424.888885 124.444397 0.216795 -0.032066 0.000000
0.022123 428.444489 123.555603 0.123824 -0.032062 0.000000
0.024669 430.222198 123.555603 0.061838 -0.001029 0.000000
0.006849 430.222198 123.555603 -0.000142 -0.001029 0.000000
0.014486 430.222198 123.555603 -0.000142 -0.001029 0.000000
0.052672 430.222198 122.666702 -0.000142 -0.032066 0.000000
0.050126 423.111115 119.111099 -0.248070 -0.125179 0.000000
0.052672 416.000000 114.666702 -0.248071 -0.156213 0.000000
0.006849 409.777802 112.000000 -0.217079 -0.094141 1.000000
0.050126 393.777802 104.888901 -0.557982 -0.249326 1.000000
0.034852 354.666687 100.444397 -1.363751 -0.156217 2.000000
0.034852 338.666687 100.444397 -0.557982 -0.001029 2.000000
0.029760 309.333313 105.777802 -1.022850 0.185197 2.000000
0.029760 283.555511 116.444397 -0.898885 0.371415 2.000000
0.062855 248.000000 140.444397 -1.239785 0.836975 2.000000
0.029760 235.555603 149.333298 -0.434016 0.309344 2.000000
0.014486 223.111099 160.000000 -0.434020 0.371419 2.000000
0.024669 200.888901 183.111099 -0.774919 0.805938 2.000000
0.014486 192.888901 194.666702 -0.279062 0.402456 2.000000
0.032306 184.000000 215.111099 -0.310054 0.712825 0.000000
0.019577 182.222198 223.111099 -0.062125 0.278306 0.000000
0.039943 181.333298 232.888901 -0.031134 0.340381 0.000000
0.050126 181.333298 235.555603 -0.000142 0.092084 0.000000
0.042489 181.333298 230.222198 -0.000142 -0.187254 0.000000
0.045035 186.666702 214.222198 0.185807 -0.559698 0.000000
0.006849 191.111099 203.555603 0.154812 -0.373472 0.000000
0.024669 196.444397 190.222198 0.185803 -0.466589 0.000000
0.062855 217.777802 143.111099 0.743647 -1.645999 0.000000
0.029760 232.000000 112.888901 0.495715 -1.056292 1.000000
0.017032 238.222198 100.444397 0.216795 -0.435551 2.000000
0.085766 257.777802 63.111111 0.681664 -1.304588 2.000000
0.029760 263.111115 56.888889 0.185804 -0.218289 2.000000
0.017032 273.777802 48.000000 0.371752 -0.311400 2.000000
0.080675 284.444489 43.555561 0.371752 -0.156214 2.000000
0.024669 285.333313 42.666672 0.030847 -0.032066 2.000000
0.057763 283.555511 43.555561 -0.062125 0.030009 2.000000
0.034852 275.555511 47.111111 -0.279062 0.123120 0.000000
0.011940 269.333313 50.666672 -0.217079 0.123120 0.000000
0.027215 258.666687 57.777779 -0.372034 0.247269 0.000000
0.009394 252.444397 62.222221 -0.217082 0.154157 0.000000
0.024669 245.333298 67.555557 -0.248071 0.185195 0.000000
0.024669 227.555603 78.222221 -0.619962 0.371417 0.000000
0.009394 216.888901 82.666656 -0.372037 0.154157 0.000000
0.024669 207.111099 86.222221 -0.341045 0.123120 0.000000
0.009394 198.222198 88.888893 -0.310054 0.092083 0.000000
0.027215 184.000000 92.444443 -0.495999 0.123120 0.000000
0.024669 179.555603 93.333344 -0.155096 0.030009 0.000000
0.052672 169.777802 96.888893 -0.341045 0.123120 0.000000
0.050126 166.222198 104.888901 -0.124108 0.278306 1.000000
0.050126 161.777802 131.555603 -0.155096 0.930088 2.000000
0.050126 161.777802 153.777802 -0.000142 0.774900 2.000000
0.006849 164.444397 166.222198 0.092829 0.433490 2.000000
0.042489 172.444397 191.111099 0.278778 0.868013 2.000000
0.047580 183.111099 217.777802 0.371752 0.930088 2.000000
0.017032 187.555603 230.222198 0.154815 0.433490 2.000000
0.004303 191.111099 242.666702 0.123820 0.433494 2.000000
0.014486 192.888901 262.222198 0.061841 0.681787 2.000000
0.001757 192.888901 262.222198 -0.000142 -0.001029 2.000000
0.017032 192.888901 268.444489 -0.000142 0.216234 2.000000
0.006849 192.888901 278.222198 -0.000142 0.340378 0.000000
0.022123 192.888901 282.666687 -0.000142 0.154159 0.000000
0.006849 192.888901 287.111115 -0.000142 0.154157 0.000000
0.017032 192.888901 292.444489 -0.000142 0.185196 0.000000
0.006849 192.888901 297.777802 -0.000142 0.185194 0.000000
0.001757 192.888901 297.777802 -0.000142 -0.001029 0.000000
0.017032 192.888901 309.333313 -0.000142 0.402453 0.000000
0.001757 192.888901 309.333313 -0.000142 -0.001029 0.000000
0.019577 192.000000 320.000000 -0.031134 0.371418 0.000000
0.004303 191.111099 324.444489 -0.031134 0.154159 0.000000
0.014486 190.222198 328.000000 -0.031134 0.123119 0.000000
0.004303 190.222198 328.000000 -0.000142 -0.001029 0.000000
0.017032 186.666702 332.444489 -0.124105 0.154159 0.000000
0.004303 184.000000 334.222198 -0.093117 0.061043 0.000000
0.017032 182.222198 335.111115 -0.062125 0.030010 0.000000
0.006849 179.555603 336.000000 -0.093113 0.030009 1.000000
0.004303 178.666702 336.888885 -0.031134 0.030009 1.000000
0.014486 177.777802 336.888885 -0.031134 -0.001029 1.000000
0.001757 177.777802 336.888885 -0.000142 -0.001029 1.000000
0.017032 176.888901 336.000000 -0.031134 -0.032066 2.000000
0.006849 176.888901 332.444489 -0.000142 -0.125176 2.000000
0.014486 176.000000 327.111115 -0.031134 -0.187253 2.000000
0.011940 175.111099 319.111115 -0.031134 -0.280363 2.000000
0.032306 168.888901 297.777802 -0.217079 -0.745920 2.000000
0.027215 164.444397 285.333313 -0.155100 -0.435551 2.000000
0.047580 144.888901 237.333298 -0.681944 -1.677037 2.000000
0.060309 128.000000 207.111099 -0.588974 -1.056292 2.000000
0.027215 109.333298 184.000000 -0.650957 -0.807995 2.000000
0.067946 80.000000 163.555603 -1.022848 -0.714882 0.000000
0.034852 63.111111 157.333298 -0.588973 -0.218292 0.000000
0.011940 58.666672 155.555603 -0.155098 -0.063100 0.000000
0.022123 56.000000 154.666702 -0.093116 -0.032066 0.000000
0.024669 54.222221 153.777802 -0.062124 -0.032066 0.000000
0.050126 54.222221 160.000000 -0.000142 0.216231 0.000000
0.042489 54.222221 178.666702 -0.000142 0.650753 0.000000
0.037397 54.222221 197.333298 -0.000142 0.650750 0.000000
0.037397 54.222221 214.222198 -0.000142 0.588678 0.000000
0.060309 53.333328 240.000000 -0.031133 0.899050 1.000000
0.004303 53.333328 251.555603 -0.000142 0.402456 2.000000
0.017032 55.111111 264.000000 0.061840 0.433490 2.000000
0.004303 57.777779 276.444489 0.092831 0.433493 2.000000
0.019577 60.444439 288.000000 0.092831 0.402453 2.000000
0.027215 64.888893 309.333313 0.154814 0.743863 2.000000
0.073038 70.222221 328.888885 0.185804 0.681790 2.000000
0.039943 74.666656 330.666687 0.154813 0.061047 2.000000
0.042489 83.555557 325.333313 0.309769 -0.187253 2.000000
0.042489 97.777779 310.222198 0.495716 -0.528661 3.000000
0.045035 132.444397 277.333313 1.208510 -1.149404 0.000000
0.006849 132.444397 277.333313 -0.000142 -0.001029 0.000000
0.001757 146.666702 264.888885 0.495719 -0.435548 0.000000
0.017032 161.777802 253.333298 0.526706 -0.404513 0.000000
0.001757 176.888901 242.666702 0.526706 -0.373472 0.000000
0.019577 192.888901 233.777802 0.557698 -0.311401 0.000000
0.009394 209.777802 225.777802 0.588689 -0.280363 0.000000
0.017032 242.666702 210.666702 1.146529 -0.528660 0.000000
0.006849 242.666702 210.666702 -0.000142 -0.001029 0.000000
0.019577 272.000000 199.111099 1.022563 -0.404514 0.000000
0.006849 285.333313 194.666702 0.464724 -0.156213 0.000000
0.017032 297.777802 190.222198 0.433735 -0.156217 0.000000
0.006849 310.222198 188.444397 0.433732 -0.063104 0.000000
0.019577 320.888885 186.666702 0.371752 -0.063100 0.000000
0.009394 331.555511 186.666702 0.371750 -0.001029 0.000000
0.024669 351.111115 189.333298 0.681664 0.092080 2.000000
0.017032 360.000000 192.000000 0.309769 0.092084 2.000000
0.062855 385.777802 198.222198 0.898601 0.216231 2.000000
0.042489 400.888885 199.111099 0.526706 0.030009 2.000000
0.037397 414.222198 198.222198 0.464724 -0.032066 2.000000
0.032306 424.888885 192.000000 0.371752 -0.218288 2.000000
0.070492 440.888885 168.888901 0.557698 -0.807995 2.000000
0.052672 452.444489 147.555603 0.402744 -0.745920 2.000000
0.009394 458.666687 137.777802 0.216795 -0.342438 2.000000
0.027215 469.333313 122.666702 0.371750 -0.528660 2.000000
0.024669 476.444489 112.000000 0.247789 -0.373476 0.000000
0.052672 479.111115 104.888901 0.092830 -0.249326 0.000000
0.052672 477.333313 99.555557 -0.062125 -0.187252 0.000000
0.009394 473.777802 96.888893 -0.124105 -0.094140 0.000000
0.055218 457.777802 91.555557 -0.557982 -0.187252 0.000000
0.062855 434.666687 88.888893 -0.805911 -0.094140 0.000000
0.037397 414.222198 86.222221 -0.712939 -0.094140 0.000000
0.011940 402.666687 84.444443 -0.403025 -0.063103 0.000000
0.014486 389.333313 82.666656 -0.465010 -0.063103 0.000000
0.042489 365.333313 76.444443 -0.836902 -0.218288 2.000000
0.037397 346.666687 71.111107 -0.650954 -0.187252 2.000000
0.029760 339.555511 68.444443 -0.248073 -0.094140 2.000000
0.011940 332.444489 64.888893 -0.248068 -0.125177 2.000000
0.042489 329.777802 64.000000 -0.093116 -0.032066 2.000000
0.050126 329.777802 63.111111 -0.000142 -0.032066 2.000000
0.047580 329.777802 63.111111 -0.000142 -0.001029 2.000000
0.019577 328.888885 62.222221 -0.031134 -0.032066 2.000000
0.047580 328.888885 59.555561 -0.000142 -0.094140 2.000000
0.014486 328.888885 54.222221 -0.000142 -0.187252 0.000000
0.024669 330.666687 50.666672 0.061841 -0.125177 0.000000
0.047580 337.777802 43.555561 0.247787 -0.249326 0.000000
0.045035 347.555511 38.222221 0.340758 -0.187252 0.000000
0.045035 362.666687 34.666672 0.526709 -0.125177 0.000000
0.042489 376.000000 35.555561 0.464724 0.030009 0.000000
0.039943 393.777802 43.555561 0.619681 0.278306 0.000000
0.032306 412.444489 56.000000 0.650672 0.433492 0.000000
0.050126 425.777802 70.222221 0.464724 0.495566 0.000000
0.057763 430.222198 96.000000 0.154812 0.899050 1.000000
0.039943 419.555511 117.333298 -0.372036 0.743862 2.000000
0.032306 410.666687 129.777802 -0.310051 0.433494 2.000000
0.057763 379.555511 168.000000 -1.084833 1.333569 2.000000
0.050126 331.555511 194.666702 -1.673662 0.930088 2.000000
-0.000788 331.555511 194.666702 -0.000142 -0.001029 2.000000
0.011940 312.000000 202.666702 -0.681945 0.278306 2.000000
0.055218 256.888885 221.333298 -1.921591 0.650750 2.000000
0.032306 235.555603 224.888901 -0.743927 0.123122 2.000000
0.024669 229.333298 224.000000 -0.217083 -0.032066 3.000000
0.014486 226.666702 217.777802 -0.093113 -0.218288 3.000000
0.001757 226.666702 209.777802 -0.000142 -0.280363 0.000000
0.014486 228.444397 197.333298 0.061837 -0.435551 0.000000
0.004303 232.888901 183.111099 0.154815 -0.497623 0.000000
0.004303 238.222198 166.222198 0.185803 -0.590735 0.000000
0.011940 244.444397 147.555603 0.216795 -0.652807 0.000000
0.006849 249.777802 129.777802 0.185807 -0.621773 0.000000
0.011940 253.333298 114.666702 0.123820 -0.528660 0.000000
0.006849 256.000000 101.333298 0.092832 -0.466589 0.000000
0.014486 256.000000 90.666656 -0.000142 -0.373474 0.000000
0.004303 256.000000 90.666656 -0.000142 -0.001029 0.000000
0.006849 254.222198 82.666656 -0.062125 -0.280363 0.000000
0.017032 245.333298 70.222221 -0.310054 -0.435549 0.000000
0.001757 245.333298 70.222221 -0.000142 -0.001029 0.000000
0.017032 230.222198 64.000000 -0.526991 -0.218289 0.000000
0.004303 230.222198 64.000000 -0.000142 -0.001029 0.000000
0.014486 210.666702 64.888893 -0.681944 0.030009 0.000000
0.006849 210.666702 64.888893 -0.000142 -0.001029 0.000000
0.017032 189.333298 75.555557 -0.743931 0.371417 1.000000
0.029760 168.888901 98.666656 -0.712936 0.805938 2.000000
0.014486 168.888901 98.666656 -0.000142 -0.001029 2.000000
0.037397 154.666702 130.666702 -0.495999 1.116311 2.000000
0.034852 149.333298 180.444397 -0.186091 1.737050 2.000000
0.034852 149.333298 196.444397 -0.000142 0.557641 2.000000
0.062855 153.777802 248.000000 0.154815 1.799129 2.000000
0.055218 152.000000 295.111115 -0.062125 1.643942 2.000000
0.045035 148.444397 314.666687 -0.124108 0.681790 2.000000
0.017032 147.555603 320.000000 -0.031130 0.185194 2.000000
0.001757 145.777802 322.666687 -0.062125 0.092084 0.000000
0.037397 144.000000 324.444489 -0.062125 0.061047 0.000000
0.057763 137.777802 309.333313 -0.217079 -0.528663 0.000000
0.032306 136.000000 298.666687 -0.062125 -0.373473 0.000000
-0.000788 133.333298 285.333313 -0.093117 -0.466588 0.000000
0.037397 130.666702 252.444397 -0.093113 -1.149405 0.000000
0.037397 130.666702 215.111099 -0.000142 -1.304589 0.000000
0.001757 131.555603 198.222198 0.030849 -0.590735 0.000000
0.022123 133.333298 183.111099 0.061837 -0.528660 0.000000
0.037397 136.000000 158.222198 0.092832 -0.870070 0.000000
0.060309 132.444397 132.444397 -0.124108 -0.901108 1.000000
0.050126 120.000000 121.777802 -0.434016 -0.373472 2.000000
0.009394 112.000000 118.222198 -0.279062 -0.125179 2.000000
0.014486 104.000000 115.555603 -0.279062 -0.094138 2.000000
0.039943 88.888893 114.666702 -0.526991 -0.032066 2.000000
0.042489 74.666656 119.111099 -0.496000 0.154156 2.000000
0.001757 69.333344 123.555603 -0.186088 0.154159 2.000000
0.017032 64.000000 127.111099 -0.186089 0.123118 2.000000
0.052672 52.444439 141.333298 -0.403027 0.495565 2.000000
0.032306 48.888889 146.666702 -0.124106 0.185197 2.000000
0.055218 48.000000 146.666702 -0.031133 -0.001029 0.000000
0.057763 50.666672 150.222198 0.092831 0.123118 0.000000
0.037397 57.777779 157.333298 0.247787 0.247268 0.000000
0.039943 67.555557 164.444397 0.340760 0.247268 0.000000
0.037397 80.000000 171.555603 0.433733 0.247272 0.000000
0.060309 90.666656 181.333298 0.371751 0.340378 0.000000
0.042489 99.555557 200.000000 0.309769 0.650753 0.000000
0.039943 103.111099 216.888901 0.123822 0.588678 0.000000
0.052672 107.555603 238.222198 0.154815 0.743862 1.000000
0.039943 112.888901 264.000000 0.185803 0.899050 1.000000
0.034852 114.666702 292.444489 0.061841 0.992163 2.000000
0.001757 113.777802 306.666687 -0.031134 0.495565 2.000000
0.001757 113.777802 306.666687 -0.000142 -0.001029 2.000000
0.011940 104.000000 334.222198 -0.341045 0.961122 2.000000
-0.000788 104.000000 334.222198 -0.000142 -0.001029 2.000000
0.001757 98.666656 346.666687 -0.186089 0.433493 2.000000
0.011940 92.444443 357.333313 -0.217080 0.371416 2.000000
0.004303 86.222221 365.333313 -0.217080 0.278306 2.000000
0.014486 80.000000 371.555511 -0.217080 0.216231 2.000000
0.001757 73.777779 375.111115 -0.217080 0.123122 2.000000
0.001757 73.777779 375.111115 -0.000142 -0.001029 2.000000
0.014486 63.111111 377.777802 -0.372036 0.092084 2.000000
0.004303 63.111111 377.777802 -0.000142 -0.001029 2.000000
0.014486 56.000000 373.333313 -0.248071 -0.156216 2.000000
0.001757 56.000000 373.333313 -0.000142 -0.001029 2.000000
-0.000788 54.222221 367.111115 -0.062124 -0.218288 2.000000
0.014486 54.222221 357.333313 -0.000142 -0.342438 2.000000
0.001757 54.222221 344.888885 -0.000142 -0.435548 2.000000
0.014486 56.000000 330.666687 0.061840 -0.497623 2.000000
0.004303 60.444439 314.666687 0.154813 -0.559698 0.000000
0.017032 65.777779 297.777802 0.185805 -0.590735 0.000000
0.057763 88.000000 249.777802 0.774636 -1.677036 0.000000
0.037397 104.888901 226.666702 0.588689 -0.807995 0.000000
0.055218 121.777802 213.333298 0.588689 -0.466589 0.000000
0.037397 138.666702 206.222198 0.588689 -0.249326 0.000000
0.037397 154.666702 205.333298 0.557698 -0.032066 0.000000
0.060309 178.666702 218.666702 0.836618 0.464532 0.000000
0.004303 186.666702 225.777802 0.278778 0.247268 0.000000
0.017032 194.666702 232.888901 0.278778 0.247268 1.000000
0.001757 202.666702 240.000000 0.278778 0.247268 1.000000
0.014486 211.555603 247.111099 0.309769 0.247268 1.000000
-0.000788 211.555603 247.111099 -0.000142 -0.001029 1.000000
0.004303 219.555603 254.222198 0.278778 0.247268 2.000000
0.014486 237.333298 267.555511 0.619677 0.464528 2.000000
0.004303 237.333298 267.555511 -0.000142 -0.001029 2.000000
0.014486 245.333298 273.777802 0.278778 0.216234 2.000000
-0.000788 253.333298 278.222198 0.278778 0.154156 2.000000
0.001757 253.333298 278.222198 -0.000142 -0.001029 2.000000
0.019577 268.444489 283.555511 0.526709 0.185194 2.000000
0.006849 275.555511 284.444489 0.247784 0.030012 2.000000
0.011940 281.777802 285.333313 0.216798 0.030006 2.000000
0.001757 281.777802 285.333313 -0.000142 -0.001029 2.000000
0.017032 293.333313 286.222198 0.402741 0.030009 2.000000
0.039943 304.000000 288.000000 0.371752 0.061047 2.000000
0.065400 321.777802 291.555511 0.619681 0.123119 0.000000
0.039943 335.111115 293.333313 0.464724 0.061047 0.000000
0.004303 341.333313 294.222198 0.216795 0.030009 0.000000
0.019577 347.555511 295.111115 0.216795 0.030010 0.000000
0.037397 358.222198 296.000000 0.371752 0.030009 0.000000
0.057763 372.444489 295.111115 0.495718 -0.032066 0.000000
0.006849 372.444489 295.111115 -0.000142 -0.001029 0.000000
0.014486 381.333313 291.555511 0.309767 -0.125179 0.000000
0.034852 390.222198 287.111115 0.309769 -0.156213 0.000000
0.052672 399.111115 279.111115 0.309770 -0.280363 0.000000
0.055218 411.555511 264.888885 0.433732 -0.497624 0.000000
0.037397 413.333313 254.222198 0.061841 -0.373475 1.000000
0.024669 412.444489 248.888901 -0.031131 -0.187250 2.000000
0.019577 408.000000 243.555603 -0.155099 -0.187250 2.000000
0.017032 392.888885 232.000000 -0.526991 -0.404514 2.000000
0.055218 371.555511 221.333298 -0.743930 -0.373476 2.000000
0.037397 346.666687 209.777802 -0.867891 -0.404510 2.000000
0.039943 320.000000 197.333298 -0.929876 -0.435551 2.000000
-0.000788 307.555511 191.111099 -0.434019 -0.218288 2.000000
0.009394 294.222198 185.777802 -0.465008 -0.187250 2.000000
0.011940 282.666687 180.444397 -0.403025 -0.187254 2.000000
0.042489 261.333313 174.222198 -0.743930 -0.218288 3.000000
0.039943 248.888901 172.444397 -0.434017 -0.063104 0.000000
0.057763 247.111099 174.222198 -0.062125 0.061047 0.000000
0.004303 247.111099 174.222198 -0.000142 -0.001029 0.000000
0.014486 259.555511 184.000000 0.433732 0.340381 0.000000
-0.000788 259.555511 184.000000 -0.000142 -0.001029 0.000000
0.017032 281.777802 198.222198 0.774638 0.495565 0.000000
-0.000788 281.777802 198.222198 -0.000142 -0.001029 0.000000
0.001757 295.111115 206.222198 0.464724 0.278306 0.000000
0.017032 309.333313 215.111099 0.495715 0.309344 0.000000
0.001757 323.555511 224.888901 0.495715 0.340381 0.000000
0.011940 337.777802 236.444397 0.495718 0.402453 0.000000
0.001757 351.111115 248.000000 0.464724 0.402456 0.000000
-0.000788 351.111115 248.000000 -0.000142 -0.001029 0.000000
0.014486 374.222198 272.888885 0.805626 0.868012 0.000000
0.001757 374.222198 272.888885 -0.000142 -0.001029 0.000000
0.022123 393.777802 292.444489 0.681664 0.681791 0.000000
0.004303 393.777802 292.444489 -0.000142 -0.001029 0.000000
0.022123 406.222198 305.777802 0.433732 0.464528 0.000000
0.004303 410.666687 309.333313 0.154815 0.123119 1.000000
0.017032 413.333313 312.000000 0.092830 0.092084 1.000000
0.001757 415.111115 313.777802 0.061841 0.061047 2.000000
0.039943 414.222198 314.666687 -0.031134 0.030009 2.000000
0.042489 401.777802 311.111115 -0.434016 -0.125178 2.000000
0.042489 379.555511 302.222198 -0.774922 -0.311401 2.000000
0.045035 353.777802 286.222198 -0.898882 -0.559698 2.000000
0.042489 329.777802 264.888885 -0.836902 -0.745920 2.000000
0.055218 304.888885 227.555603 -0.867894 -1.304588 2.000000
0.006849 298.666687 215.111099 -0.217079 -0.435551 2.000000
0.014486 293.333313 202.666702 -0.186090 -0.435547 0.000000
0.004303 293.333313 202.666702 -0.000142 -0.001029 0.000000
0.011940 284.444489 182.222198 -0.310051 -0.714886 0.000000
0.001757 284.444489 182.222198 -0.000142 -0.001029 0.000000
0.001757 279.111115 172.444397 -0.186090 -0.342438 0.000000
0.017032 275.555511 164.444397 -0.124108 -0.280363 0.000000
-0.000788 271.111115 156.444397 -0.155096 -0.280363 0.000000
0.017032 268.444489 149.333298 -0.093114 -0.249326 0.000000
0.001757 265.777802 143.111099 -0.093116 -0.218288 0.000000
0.001757 264.000000 137.777802 -0.062125 -0.187250 0.000000
0.014486 262.222198 133.333298 -0.062125 -0.156217 0.000000
0.009394 262.222198 130.666702 -0.000142 -0.094138 0.000000
0.017032 261.333313 129.777802 -0.031133 -0.032066 0.000000
0.006849 261.333313 128.888901 -0.000142 -0.032066 0.000000
0.022123 261.333313 128.000000 -0.000142 -0.032066 0.000000
0.006849 261.333313 128.000000 -0.000142 -0.001029 0.000000
0.022123 263.111115 126.222198 0.061841 -0.063104 0.000000
0.006849 263.111115 126.222198 -0.000142 -0.001029 0.000000
0.022123 272.888885 121.777802 0.340760 -0.156213 1.000000
0.006849 280.000000 119.111099 0.247787 -0.094141 1.000000
0.022123 287.111115 117.333298 0.247787 -0.063104 2.000000
0.017032 299.555511 112.000000 0.433732 -0.187250 2.000000
0.045035 306.666687 109.333298 0.247789 -0.094141 2.000000
0.050126 308.444489 108.444397 0.061841 -0.032066 2.000000
0.045035 308.444489 107.555603 -0.000142 -0.032062 2.000000
0.001757 307.555511 107.555603 -0.031136 -0.001029 2.000000
0.019577 304.888885 107.555603 -0.093114 -0.001029 2.000000
0.004303 302.222198 107.555603 -0.093116 -0.001029 2.000000
0.004303 299.555511 107.555603 -0.093116 -0.001029 2.000000
0.019577 297.777802 109.333298 -0.062122 0.061043 2.000000
0.004303 296.000000 112.000000 -0.062125 0.092084 2.000000
0.019577 294.222198 117.333298 -0.062125 0.185193 0.000000
0.011940 294.222198 117.333298 -0.000142 -0.001029 0.000000
0.009394 295.111115 123.555603 0.030850 0.216235 0.000000
0.001757 295.111115 123.555603 -0.000142 -0.001029 0.000000
0.014486 299.555511 126.222198 0.154812 0.092080 0.000000
0.004303 307.555511 128.000000 0.278778 0.061047 0.000000
0.006849 319.111115 128.888901 0.402744 0.030009 0.000000
0.017032 332.444489 128.888901 0.464726 -0.001029 0.000000
0.006849 346.666687 128.000000 0.495715 -0.032066 0.000000
0.017032 360.888885 127.111099 0.495715 -0.032066 0.000000
0.042489 392.000000 125.333298 1.084547 -0.063104 0.000000
0.037397 397.333313 126.222198 0.185804 0.030009 0.000000
0.052672 404.444489 132.444397 0.247789 0.216231 0.000000
0.037397 400.000000 140.444397 -0.155099 0.278306 0.000000
0.001757 392.888885 144.888901 -0.248071 0.154159 1.000000
0.037397 369.777802 153.777802 -0.805910 0.309344 2.000000
0.045035 335.111115 160.888901 -1.208796 0.247268 2.000000
0.034852 290.666687 165.333298 -1.549697 0.154156 2.000000
0.001757 290.666687 165.333298 -0.000142 -0.001029 2.000000
0.014486 248.000000 168.000000 -1.487716 0.092084 2.000000
0.001757 248.000000 168.000000 -0.000142 -0.001029 2.000000
0.004303 229.333298 168.000000 -0.650957 -0.001029 2.000000
0.014486 213.333298 168.000000 -0.557982 -0.001029 2.000000
0.001757 200.888901 168.000000 -0.434016 -0.001029 2.000000
0.017032 189.333298 168.000000 -0.403028 -0.001029 2.000000
0.004303 179.555603 168.000000 -0.341041 -0.001029 2.000000
0.014486 170.666702 168.000000 -0.310054 -0.001029 2.000000
0.004303 162.666702 169.777802 -0.279062 0.061047 2.000000
-0.000788 153.777802 172.444397 -0.310054 0.092080 2.000000
0.011940 145.777802 176.000000 -0.279062 0.123122 3.000000
0.001757 145.777802 176.000000 -0.000142 -0.001029 3.000000
0.001757 136.000000 179.555603 -0.341045 0.123122 3.000000
0.014486 117.333298 186.666702 -0.650957 0.247268 0.000000
0.009394 117.333298 186.666702 -0.000142 -0.001029 0.000000
0.006849 108.444397 188.444397 -0.310054 0.061043 0.000000
0.057763 92.444443 191.111099 -0.557981 0.092084 0.000000
0.034852 88.000000 187.555603 -0.155098 -0.125175 0.000000
0.050126 87.111107 177.777802 -0.031133 -0.342438 0.000000
0.032306 85.333344 165.333298 -0.062124 -0.435551 0.000000
0.057763 77.333344 146.666702 -0.279062 -0.652807 0.000000
0.034852 73.777779 141.333298 -0.124107 -0.187254 0.000000
0.062855 64.888893 125.333298 -0.310053 -0.559698 1.000000
0.001757 62.222221 120.888901 -0.093116 -0.156213 1.000000
0.011940 59.555561 118.222198 -0.093115 -0.094141 2.000000
0.057763 43.555561 118.222198 -0.557982 -0.001029 2.000000
0.032306 28.444441 133.333298 -0.526991 0.526603 2.000000
0.060309 16.888889 157.333298 -0.403026 0.836975 2.000000
0.029760 14.222220 184.000000 -0.093116 0.930088 2.000000
0.050126 24.888889 211.555603 0.371751 0.961126 2.000000
0.034852 46.222221 239.111099 0.743644 0.961122 2.000000
0.055218 85.333344 272.888885 1.363467 1.178384 2.000000
0.004303 101.333298 280.888885 0.557696 0.278306 0.000000
0.017032 117.333298 286.222198 0.557698 0.185194 0.000000
-0.000788 117.333298 286.222198 -0.000142 -0.001029 0.000000
0.029760 149.333298 290.666687 1.115538 0.154159 0.000000
0.052672 177.777802 289.777802 0.991575 -0.032066 0.000000
0.039943 181.333298 284.444489 0.123820 -0.187251 0.000000
0.032306 180.444397 279.111115 -0.031134 -0.187253 0.000000
0.060309 164.444397 248.888901 -0.557982 -1.056292 0.000000
0.032306 154.666702 216.000000 -0.341041 -1.149405 0.000000
0.050126 149.333298 154.666702 -0.186091 -2.142592 1.000000
0.034852 148.444397 136.000000 -0.031134 -0.652811 2.000000
0.001757 148.444397 121.777802 -0.000142 -0.497623 2.000000
0.042489 143.111099 104.888901 -0.186088 -0.590735 2.000000
0.057763 125.333298 98.666656 -0.619965 -0.218290 2.000000
0.039943 105.777802 111.111099 -0.681944 0.433492 2.000000
0.045035 83.555557 143.111099 -0.774921 1.116310 2.000000
0.039943 62.222221 192.888901 -0.743929 1.737054 2.000000
0.042489 40.000000 255.111099 -0.774920 2.171573 2.000000
0.004303 30.222219 285.333313 -0.341044 1.054235 2.000000
0.017032 20.444441 312.888885 -0.341044 0.961125 3.000000
0.039943 7.111111 358.222198 -0.465009 1.581867 0.000000
0.039943 3.555556 390.222198 -0.124107 1.116310 0.000000
0.057763 11.555560 412.444489 0.278778 0.774903 0.000000
0.039943 23.111111 414.222198 0.402742 0.061043 0.000000
0.034852 35.555561 408.000000 0.433734 -0.218288 0.000000
0.050126 45.333328 394.666687 0.340760 -0.466585 0.000000
0.055218 48.888889 363.555511 0.123822 -1.087332 0.000000
0.001757 48.888889 363.555511 -0.000142 -0.001029 0.000000
0.017032 44.444439 336.888885 -0.155098 -0.932142 1.000000
0.057763 39.111111 305.777802 -0.186089 -1.087329 2.000000
0.032306 38.222221 271.111115 -0.031133 -1.211479 2.000000
0.050126 43.555561 220.444397 0.185805 -1.770149 2.000000
0.032306 48.888889 194.666702 0.185804 -0.901104 2.000000
0.052672 49.777779 175.111099 0.030849 -0.683848 2.000000
0.001757 48.888889 167.111099 -0.031133 -0.280363 2.000000
-0.000788 48.888889 167.111099 -0.000142 -0.001029 2.000000
0.014486 47.111111 160.000000 -0.062124 -0.249326 2.000000
0.029760 42.666672 151.111099 -0.155098 -0.311401 2.000000
0.052672 40.888889 147.555603 -0.062125 -0.125175 3.000000
0.034852 44.444439 152.000000 0.123822 0.154156 0.000000
0.004303 44.444439 152.000000 -0.000142 -0.001029 0.000000
-0.000788 49.777779 159.111099 0.185805 0.247268 0.000000
0.014486 58.666672 169.777802 0.309769 0.371419 0.000000
-0.003334 58.666672 169.777802 -0.000142 -0.001029 0.000000
0.004303 69.333344 183.111099 0.371751 0.464528 0.000000
0.011940 80.888893 199.111099 0.402742 0.557641 0.000000
-0.000788 94.222221 216.000000 0.464724 0.588678 0.000000
0.017032 108.444397 232.888901 0.495714 0.588678 0.000000
-0.000788 122.666702 250.666702 0.495719 0.619716 0.000000
0.001757 137.777802 266.666687 0.526706 0.557640 0.000000
0.014486 152.000000 282.666687 0.495715 0.557641 0.000000
-0.000788 152.000000 282.666687 -0.000142 -0.001029 0.000000
0.014486 177.777802 307.555511 0.898601 0.868010 0.000000
0.001757 177.777802 307.555511 -0.000142 -0.001029 0.000000
0.004303 189.333298 317.333313 0.402740 0.340381 0.000000
0.014486 200.888901 325.333313 0.402744 0.278306 0.000000
0.001757 213.333298 331.555511 0.433732 0.216231 0.000000
0.014486 225.777802 334.222198 0.433735 0.092084 0.000000
0.001757 238.222198 336.000000 0.433732 0.061047 1.000000
0.037397 260.444489 335.111115 0.774638 -0.032066 2.000000
0.034852 278.222198 329.777802 0.619678 -0.187251 2.000000
0.055218 292.444489 324.444489 0.495718 -0.187251 2.000000
0.039943 305.777802 317.333313 0.464724 -0.249328 2.000000
0.037397 319.111115 307.555511 0.464724 -0.342438 2.000000
0.055218 344.888885 281.777802 0.898600 -0.901104 2.000000
0.037397 366.222198 258.666687 0.743644 -0.807995 2.000000
0.039943 384.888885 240.888901 0.650672 -0.621772 0.000000
0.001757 384.888885 240.888901 -0.000142 -0.001029 0.000000
0.039943 404.444489 229.333298 0.681664 -0.404514 0.000000
0.034852 410.666687 227.555603 0.216795 -0.063100 0.000000
0.052672 430.222198 224.888901 0.681661 -0.094141 0.000000
0.032306 441.777802 224.000000 0.402744 -0.032066 0.000000
0.001757 441.777802 224.000000 -0.000142 -0.001029 0.000000
0.037397 448.888885 224.000000 0.247786 -0.001029 0.000000
0.037397 449.777802 224.000000 0.030850 -0.001029 0.000000
0.055218 436.444489 216.888901 -0.465008 -0.249326 0.000000
0.032306 418.666687 204.444397 -0.619965 -0.435551 1.000000
0.055218 402.666687 184.000000 -0.557982 -0.714882 1.000000
0.001757 396.444489 171.555603 -0.217079 -0.435547 2.000000
0.004303 396.444489 171.555603 -0.000142 -0.001029 2.000000
0.011940 388.444489 144.000000 -0.279062 -0.963183 2.000000
0.034852 380.444489 123.555603 -0.279062 -0.714882 2.000000
0.037397 366.222198 113.777802 -0.496002 -0.342438 2.000000
0.042489 344.888885 114.666702 -0.743928 0.030009 2.000000
0.057763 319.111115 133.333298 -0.898884 0.650750 2.000000
0.045035 291.555511 188.444397 -0.960868 1.923276 2.000000
0.045035 281.777802 229.333298 -0.341042 1.426682 3.000000
0.039943 276.444489 266.666687 -0.186088 1.302535 0.000000
0.039943 271.111115 299.555511 -0.186090 1.147345 0.000000
0.006849 267.555511 312.888885 -0.124108 0.464531 0.000000
0.019577 264.000000 324.444489 -0.124105 0.402456 0.000000
0.042489 258.666687 337.777802 -0.186088 0.464528 0.000000
0.055218 256.000000 341.333313 -0.093116 0.123119 0.000000
0.034852 260.444489 330.666687 0.154815 -0.373473 0.000000
0.055218 269.333313 314.666687 0.309767 -0.559698 0.000000
0.001757 275.555511 306.666687 0.216795 -0.280363 0.000000
0.019577 281.777802 299.555511 0.216798 -0.249328 0.000000
0.006849 296.000000 288.000000 0.495715 -0.404510 2.000000
0.017032 296.000000 288.000000 -0.000142 -0.001029 2.000000
0.055218 320.888885 272.888885 0.867609 -0.528661 2.000000
0.037397 336.888885 264.000000 0.557698 -0.311400 2.000000
0.001757 343.111115 258.666687 0.216796 -0.187251 2.000000
0.039943 354.666687 248.888901 0.402743 -0.342438 2.000000
0.039943 361.777802 237.333298 0.247787 -0.404514 2.000000
0.037397 365.333313 226.666702 0.123821 -0.373472 2.000000
0.057763 365.333313 214.222198 -0.000142 -0.435551 2.000000
0.006849 358.222198 201.777802 -0.248071 -0.435547 0.000000
0.022123 352.000000 194.666702 -0.217079 -0.249326 0.000000
0.047580 333.333313 177.777802 -0.650956 -0.590735 0.000000
0.017032 320.888885 168.888901 -0.434017 -0.311401 0.000000
0.009394 308.444489 160.000000 -0.434016 -0.311401 0.000000
0.017032 294.222198 152.000000 -0.496002 -0.280363 0.000000
0.011940 264.888885 136.000000 -1.022848 -0.559698 0.000000
0.022123 248.000000 130.666702 -0.588973 -0.187250 0.000000
0.011940 231.111099 126.222198 -0.588974 -0.156217 0.000000
0.022123 195.555603 124.444397 -1.239784 -0.063104 0.000000
0.014486 179.555603 124.444397 -0.557982 -0.001029 0.000000
0.027215 165.333298 127.111099 -0.496003 0.092084 0.000000
0.024669 144.888901 133.333298 -0.712936 0.216231 0.000000
0.017032 137.777802 136.000000 -0.248071 0.092084 0.000000
0.022123 127.111099 145.777802 -0.372037 0.340381 2.000000
0.027215 122.666702 152.888901 -0.155096 0.247268 2.000000
0.047580 117.333298 172.444397 -0.186091 0.681787 2.000000
0.045035 118.222198 204.444397 0.030849 1.116310 2.000000
0.047580 124.444397 223.111099 0.216795 0.650753 2.000000
0.042489 131.555603 239.111099 0.247790 0.557641 2.000000
0.042489 138.666702 256.888885 0.247786 0.619715 2.000000
0.050126 144.888901 288.888885 0.216795 1.116310 0.000000
0.047580 144.888901 312.000000 -0.000142 0.805938 0.000000
0.009394 143.111099 324.444489 -0.062125 0.433493 0.000000
0.027215 141.333298 336.000000 -0.062125 0.402453 0.000000
0.052672 133.333298 363.555511 -0.279062 0.961122 0.000000
0.022123 131.555603 368.000000 -0.062121 0.154159 0.000000
0.045035 130.666702 371.555511 -0.031134 0.123119 0.000000
0.047580 131.555603 366.222198 0.030849 -0.187251 0.000000
0.047580 136.000000 348.444489 0.154812 -0.621770 0.000000
0.006849 136.888901 335.111115 0.030849 -0.466588 0.000000
0.019577 136.000000 299.555511 -0.031134 -1.242517 1.000000
0.017032 132.444397 278.222198 -0.124108 -0.745920 1.000000
0.014486 127.111099 256.888885 -0.186088 -0.745920 2.000000
0.006849 127.111099 256.888885 -0.000142 -0.001029 2.000000
0.017032 112.000000 220.444397 -0.526991 -1.273554 2.000000
0.009394 103.111099 206.222198 -0.310054 -0.497623 2.000000
0.022123 95.111107 194.666702 -0.279062 -0.404510 2.000000
0.009394 86.222221 185.777802 -0.310053 -0.311401 2.000000
0.024669 68.444443 173.333298 -0.619964 -0.435551 2.000000
0.019577 59.555561 168.888901 -0.310053 -0.156213 2.000000
0.014486 50.666672 167.111099 -0.310053 -0.063104 2.000000
0.022123 34.666672 168.888901 -0.557982 0.061047 2.000000
