-0.000788 363.555511 142.222198 0.154812 -0.032066 0.000000
-0.000788 368.000000 141.333298 0.154815 -0.032066 0.000000
0.011940 373.333313 140.444397 0.185804 -0.032066 0.000000
-0.003334 373.333313 140.444397 -0.000142 -0.001029 0.000000
0.009394 377.777802 140.444397 0.154815 -0.001029 0.000000
-0.000788 381.333313 140.444397 0.123821 -0.001029 0.000000
0.001757 385.777802 140.444397 0.154815 -0.001029 0.000000
0.011940 388.444489 140.444397 0.092832 -0.001029 0.000000
-0.000788 388.444489 140.444397 -0.000142 -0.001029 0.000000
-0.000788 391.111115 140.444397 0.092830 -0.001029 0.000000
0.011940 393.777802 140.444397 0.092832 -0.001029 0.000000
-0.000788 395.555511 141.333298 0.061838 0.030009 0.000000
-0.000788 395.555511 141.333298 -0.000142 -0.001029 0.000000
0.009394 396.444489 141.333298 0.030852 -0.001029 0.000000
-0.003334 398.222198 141.333298 0.061838 -0.001029 0.000000
-0.003334 398.222198 141.333298 -0.000142 -0.001029 0.000000
0.011940 400.000000 142.222198 0.061841 0.030009 0.000000
-0.003334 400.000000 142.222198 -0.000142 -0.001029 0.000000
-0.003334 400.000000 142.222198 -0.000142 -0.001029 0.000000
-0.000788 401.777802 142.222198 0.061841 -0.001029 0.000000
0.009394 403.555511 143.111099 0.061838 0.030009 0.000000
-0.000788 404.444489 144.000000 0.030852 0.030009 0.000000
-0.000788 404.444489 144.000000 -0.000142 -0.001029 0.000000
0.011940 406.222198 144.888901 0.061838 0.030009 0.000000
0.004303 407.111115 145.777802 0.030850 0.030009 0.000000
-0.003334 407.111115 145.777802 -0.000142 -0.001029 0.000000
0.006849 407.111115 145.777802 -0.000142 -0.001029 0.000000
-0.003334 408.000000 146.666702 0.030849 0.030009 0.000000
0.011940 408.000000 146.666702 -0.000142 -0.001029 0.000000
-0.003334 408.000000 146.666702 -0.000142 -0.001029 0.000000
-0.003334 408.000000 146.666702 -0.000142 -0.001029 0.000000
-0.000788 408.000000 147.555603 -0.000142 0.030009 0.000000
0.009394 408.000000 148.444397 -0.000142 0.030005 0.000000
-0.000788 407.111115 149.333298 -0.031133 0.030009 0.000000
0.001757 407.111115 149.333298 -0.000142 -0.001029 0.000000
0.011940 406.222198 150.222198 -0.031134 0.030009 0.000000
-0.000788 404.444489 151.111099 -0.062122 0.030009 0.000000
0.014486 402.666687 152.000000 -0.062125 0.030009 0.000000
0.001757 400.000000 152.000000 -0.093116 -0.001029 0.000000
0.001757 400.000000 152.000000 -0.000142 -0.001029 0.000000
0.011940 396.444489 152.888901 -0.124105 0.030009 0.000000
-0.005880 392.888885 153.777802 -0.124108 0.030009 0.000000
-0.000788 392.888885 153.777802 -0.000142 -0.001029 0.000000
0.011940 384.000000 154.666702 -0.310053 0.030009 0.000000
-0.005880 384.000000 154.666702 -0.000142 -0.001029 0.000000
0.001757 378.666687 155.555603 -0.186088 0.030009 0.000000
0.009394 374.222198 156.444397 -0.155099 0.030005 0.000000
-0.003334 374.222198 156.444397 -0.000142 -0.001029 0.000000
0.001757 369.777802 156.444397 -0.155096 -0.001029 0.000000
0.011940 366.222198 157.333298 -0.124108 0.030009 0.000000
-0.003334 361.777802 158.222198 -0.155096 0.030009 0.000000
0.001757 361.777802 158.222198 -0.000142 -0.001029 0.000000
0.011940 358.222198 159.111099 -0.124108 0.030009 0.000000
-0.000788 354.666687 160.000000 -0.124105 0.030009 0.000000
-0.000788 351.111115 160.888901 -0.124107 0.030009 0.000000
0.009394 347.555511 161.777802 -0.124108 0.030009 0.000000
-0.003334 347.555511 161.777802 -0.000142 -0.001029 0.000000
-0.000788 344.888885 162.666702 -0.093114 0.030009 0.000000
0.009394 341.333313 164.444397 -0.124107 0.061043 0.000000
-0.000788 341.333313 164.444397 -0.000142 -0.001029 0.000000
-0.000788 338.666687 165.333298 -0.093114 0.030009 0.000000
0.011940 335.111115 166.222198 -0.124107 0.030009 0.000000
-0.000788 331.555511 168.000000 -0.124108 0.061047 0.000000
-0.000788 331.555511 168.000000 -0.000142 -0.001029 0.000000
0.011940 324.444489 169.777802 -0.248068 0.061047 0.000000
-0.000788 324.444489 169.777802 -0.000142 -0.001029 0.000000
-0.000788 320.888885 170.666702 -0.124108 0.030009 0.000000
0.014486 318.222198 171.555603 -0.093116 0.030009 0.000000
-0.000788 318.222198 171.555603 -0.000142 -0.001029 0.000000
-0.003334 314.666687 172.444397 -0.124105 0.030005 0.000000
0.009394 312.000000 173.333298 -0.093116 0.030009 0.000000
-0.003334 309.333313 174.222198 -0.093116 0.030009 0.000000
-0.000788 309.333313 174.222198 -0.000142 -0.001029 0.000000
0.009394 306.666687 174.222198 -0.093114 -0.001029 0.000000
0.001757 303.111115 175.111099 -0.124107 0.030009 0.000000
-0.000788 303.111115 175.111099 -0.000142 -0.001029 0.000000
0.011940 295.111115 176.888901 -0.279062 0.061047 0.000000
-0.000788 295.111115 176.888901 -0.000142 -0.001029 0.000000
0.011940 289.777802 178.666702 -0.186088 0.061047 0.000000
-0.000788 284.444489 180.444397 -0.186088 0.061043 0.000000
-0.000788 284.444489 180.444397 -0.000142 -0.001029 0.000000
0.011940 278.222198 181.333298 -0.217082 0.030009 0.000000
-0.003334 272.888885 183.111099 -0.186088 0.061047 0.000000
-0.000788 266.666687 184.000000 -0.217079 0.030009 0.000000
0.014486 261.333313 184.888901 -0.186090 0.030009 0.000000
-0.000788 261.333313 184.888901 -0.000142 -0.001029 0.000000
-0.000788 256.000000 184.888901 -0.186088 -0.001029 0.000000
0.011940 251.555603 184.888901 -0.155096 -0.001029 0.000000
-0.000788 247.111099 184.888901 -0.155100 -0.001029 0.000000
0.001757 247.111099 184.888901 -0.000142 -0.001029 0.000000
0.011940 238.222198 184.888901 -0.310054 -0.001029 0.000000
0.006849 233.777802 184.888901 -0.155096 -0.001029 0.000000
0.011940 233.777802 184.888901 -0.000142 -0.001029 0.000000
0.001757 228.444397 185.777802 -0.186091 0.030009 0.000000
-0.000788 224.000000 187.555603 -0.155096 0.061047 0.000000
0.009394 218.666702 189.333298 -0.186088 0.061043 0.000000
0.004303 213.333298 190.222198 -0.186091 0.030009 0.000000
-0.000788 213.333298 190.222198 -0.000142 -0.001029 0.000000
0.006849 208.888901 192.000000 -0.155096 0.061047 0.000000
-0.000788 204.444397 192.888901 -0.155100 0.030009 0.000000
0.011940 201.777802 193.777802 -0.093113 0.030009 0.000000
-0.000788 201.777802 193.777802 -0.000142 -0.001029 0.000000
0.001757 200.000000 194.666702 -0.062125 0.030009 0.000000
0.011940 199.111099 194.666702 -0.031134 -0.001029 0.000000
-0.000788 199.111099 194.666702 -0.000142 -0.001029 0.000000
0.001757 198.222198 194.666702 -0.031134 -0.001029 0.000000
0.011940 198.222198 194.666702 -0.000142 -0.001029 0.000000
-0.000788 198.222198 194.666702 -0.000142 -0.001029 0.000000
0.047580 198.222198 194.666702 -0.000142 -0.001029 3.000000
0.024669 198.222198 194.666702 -0.000142 -0.001029 3.000000
0.045035 192.000000 194.666702 -0.217079 -0.001029 3.000000
0.050126 187.555603 195.555603 -0.155096 0.030009 3.000000
0.052672 184.000000 195.555603 -0.124108 -0.001029 3.000000
0.039943 180.444397 193.777802 -0.124108 -0.063104 3.000000
0.042489 177.777802 187.555603 -0.093113 -0.218288 3.000000
0.039943 175.111099 176.888901 -0.093117 -0.373476 3.000000
0.065400 170.666702 156.444397 -0.155096 -0.714886 3.000000
0.037397 167.111099 144.888901 -0.124108 -0.404510 3.000000
0.037397 160.888901 135.111099 -0.217079 -0.342438 3.000000
0.055218 146.666702 123.555603 -0.495999 -0.404510 3.000000
0.034852 136.000000 118.222198 -0.372037 -0.187254 0.000000
0.001757 136.000000 118.222198 -0.000142 -0.001029 0.000000
0.014486 128.000000 114.666702 -0.279062 -0.125175 0.000000
-0.000788 128.000000 114.666702 -0.000142 -0.001029 0.000000
0.050126 123.555603 112.888901 -0.155096 -0.063104 0.000000
0.029760 122.666702 112.000000 -0.031134 -0.032066 0.000000
0.050126 122.666702 112.000000 -0.000142 -0.001029 0.000000
0.032306 124.444397 112.000000 0.061837 -0.001029 3.000000
0.001757 124.444397 112.000000 -0.000142 -0.001029 3.000000
0.034852 128.888901 112.000000 0.154815 -0.001029 3.000000
0.047580 137.777802 112.888901 0.309769 0.030009 3.000000
0.047580 153.777802 109.333298 0.557698 -0.125179 3.000000
0.050126 164.444397 103.111099 0.371749 -0.218288 3.000000
0.034852 174.222198 96.000000 0.340761 -0.249326 3.000000
0.050126 184.000000 88.000000 0.340761 -0.280363 3.000000
0.034852 193.777802 80.888893 0.340761 -0.249326 0.000000
0.001757 198.222198 77.333344 0.154812 -0.125177 0.000000
0.027215 202.666702 73.777779 0.154815 -0.125178 0.000000
0.050126 213.333298 65.777779 0.371749 -0.280363 0.000000
-0.000788 213.333298 65.777779 -0.000142 -0.001029 0.000000
0.014486 217.777802 61.333328 0.154815 -0.156215 0.000000
-0.000788 217.777802 61.333328 -0.000142 -0.001029 0.000000
0.001757 218.666702 59.555561 0.030849 -0.063103 0.000000
0.014486 218.666702 56.888889 -0.000142 -0.094140 0.000000
0.001757 218.666702 55.111111 -0.000142 -0.063103 0.000000
0.011940 218.666702 52.444439 -0.000142 -0.094140 0.000000
0.001757 218.666702 50.666672 -0.000142 -0.063103 3.000000
-0.000788 218.666702 50.666672 -0.000142 -0.001029 3.000000
0.011940 218.666702 49.777779 -0.000142 -0.032066 3.000000
0.001757 219.555603 48.888889 0.030849 -0.032066 3.000000
0.001757 219.555603 48.000000 -0.000142 -0.032066 2.000000
0.014486 221.333298 47.111111 0.061837 -0.032066 2.000000
0.004303 222.222198 46.222221 0.030849 -0.032066 2.000000
0.017032 224.888901 45.333328 0.092832 -0.032066 2.000000
0.004303 226.666702 44.444439 0.061841 -0.032066 2.000000
0.019577 229.333298 44.444439 0.092829 -0.001029 2.000000
0.001757 231.111099 43.555561 0.061841 -0.032065 2.000000
0.017032 233.777802 43.555561 0.092832 -0.001029 2.000000
0.006849 237.333298 43.555561 0.123820 -0.001029 2.000000
0.017032 240.000000 43.555561 0.092832 -0.001029 2.000000
0.006849 243.555603 43.555561 0.123824 -0.001029 1.000000
0.004303 247.111099 43.555561 0.123820 -0.001029 1.000000
0.019577 251.555603 43.555561 0.154815 -0.001029 1.000000
0.004303 256.888885 43.555561 0.185803 -0.001029 1.000000
0.019577 261.333313 43.555561 0.154813 -0.001029 0.000000
0.006849 266.666687 43.555561 0.185806 -0.001029 0.000000
0.019577 277.333313 45.333328 0.371750 0.061045 0.000000
0.001757 277.333313 45.333328 -0.000142 -0.001029 0.000000
0.017032 289.777802 48.000000 0.433735 0.092083 0.000000
0.004303 289.777802 48.000000 -0.000142 -0.001029 0.000000
0.019577 300.444489 54.222221 0.371752 0.216232 0.000000
0.001757 300.444489 54.222221 -0.000142 -0.001029 0.000000
0.022123 309.333313 61.333328 0.309767 0.247269 0.000000
0.004303 309.333313 61.333328 -0.000142 -0.001029 0.000000
0.037397 315.555511 68.444443 0.216795 0.247269 0.000000
0.052672 320.888885 77.333344 0.185806 0.309344 0.000000
0.034852 321.777802 82.666656 0.030850 0.185194 0.000000
0.057763 321.777802 95.111107 -0.000142 0.433492 0.000000
0.014486 321.777802 99.555557 -0.000142 0.154158 3.000000
0.001757 321.777802 99.555557 -0.000142 -0.001029 3.000000
0.037397 321.777802 109.333298 -0.000142 0.340379 3.000000
0.001757 321.777802 112.888901 -0.000142 0.123122 3.000000
0.032306 322.666687 120.000000 0.030849 0.247268 3.000000
0.034852 323.555511 123.555603 0.030847 0.123122 3.000000
0.052672 324.444489 123.555603 0.030852 -0.001029 3.000000
0.039943 324.444489 124.444397 -0.000142 0.030005 3.000000
0.034852 324.444489 124.444397 -0.000142 -0.001029 0.000000
-0.003334 324.444489 124.444397 -0.000142 -0.001029 0.000000
0.042489 324.444489 124.444397 -0.000142 -0.001029 0.000000
0.027215 324.444489 124.444397 -0.000142 -0.001029 0.000000
-0.000788 324.444489 124.444397 -0.000142 -0.001029 0.000000
-0.000788 324.444489 124.444397 -0.000142 -0.001029 0.000000
0.011940 324.444489 124.444397 -0.000142 -0.001029 0.000000
-0.003334 324.444489 124.444397 -0.000142 -0.001029 0.000000
0.001757 324.444489 124.444397 -0.000142 -0.001029 0.000000
0.009394 324.444489 124.444397 -0.000142 -0.001029 0.000000
-0.000788 325.333313 125.333298 0.030847 0.030009 0.000000
0.001757 325.333313 125.333298 -0.000142 -0.001029 0.000000
0.014486 326.222198 126.222198 0.030849 0.030009 0.000000
-0.000788 328.000000 128.000000 0.061841 0.061047 0.000000
-0.000788 330.666687 129.777802 0.092832 0.061047 0.000000
0.011940 332.444489 132.444397 0.061841 0.092080 0.000000
-0.003334 332.444489 132.444397 -0.000142 -0.001029 0.000000
0.011940 336.000000 135.111099 0.123821 0.092084 0.000000
-0.000788 339.555511 138.666702 0.123821 0.123122 0.000000
-0.000788 339.555511 138.666702 -0.000142 -0.001029 0.000000
0.011940 348.444489 145.777802 0.309772 0.247268 0.000000
-0.003334 348.444489 145.777802 -0.000142 -0.001029 0.000000
0.001757 353.777802 149.333298 0.185804 0.123118 0.000000
0.011940 359.111115 153.777802 0.185804 0.154159 0.000000
-0.000788 359.111115 153.777802 -0.000142 -0.001029 0.000000
-0.000788 364.444489 157.333298 0.185806 0.123118 1.000000
0.014486 369.777802 160.888901 0.185804 0.123122 1.000000
-0.003334 374.222198 164.444397 0.154812 0.123118 1.000000
-0.003334 374.222198 164.444397 -0.000142 -0.001029 1.000000
0.011940 384.000000 172.444397 0.340761 0.278306 2.000000
-0.000788 384.000000 172.444397 -0.000142 -0.001029 2.000000
-0.003334 388.444489 175.111099 0.154815 0.092084 2.000000
0.011940 392.000000 177.777802 0.123821 0.092084 2.000000
-0.005880 392.000000 177.777802 -0.000142 -0.001029 2.000000
0.001757 395.555511 180.444397 0.123821 0.092080 2.000000
0.011940 398.222198 183.111099 0.092832 0.092084 2.000000
-0.003334 400.888885 185.777802 0.092832 0.092084 2.000000
0.001757 400.888885 185.777802 -0.000142 -0.001029 2.000000
0.011940 403.555511 188.444397 0.092830 0.092080 2.000000
-0.003334 406.222198 190.222198 0.092832 0.061047 2.000000
0.001757 406.222198 190.222198 -0.000142 -0.001029 2.000000
0.009394 412.444489 194.666702 0.216798 0.154159 2.000000
-0.005880 412.444489 194.666702 -0.000142 -0.001029 2.000000
-0.000788 415.111115 197.333298 0.092830 0.092080 2.000000
0.011940 418.666687 199.111099 0.123823 0.061047 2.000000
-0.003334 418.666687 199.111099 -0.000142 -0.001029 2.000000
-0.000788 422.222198 200.888901 0.123821 0.061047 2.000000
0.011940 426.666687 201.777802 0.154815 0.030009 1.000000
0.004303 430.222198 202.666702 0.123821 0.030009 1.000000
-0.003334 430.222198 202.666702 -0.000142 -0.001029 1.000000
0.009394 433.777802 203.555603 0.123824 0.030009 1.000000
-0.003334 437.333313 203.555603 0.123821 -0.001029 1.000000
-0.000788 437.333313 203.555603 -0.000142 -0.001029 1.000000
0.011940 440.888885 203.555603 0.123823 -0.001029 1.000000
-0.003334 444.444489 203.555603 0.123824 -0.001029 1.000000
-0.000788 444.444489 203.555603 -0.000142 -0.001029 0.000000
0.011940 448.000000 203.555603 0.123821 -0.001029 0.000000
-0.003334 452.444489 203.555603 0.154815 -0.001029 0.000000
-0.000788 456.000000 203.555603 0.123821 -0.001029 0.000000
0.009394 459.555511 202.666702 0.123821 -0.032066 0.000000
-0.003334 459.555511 202.666702 -0.000142 -0.001029 0.000000
-0.000788 463.111115 201.777802 0.123824 -0.032066 0.000000
0.011940 466.666687 200.888901 0.123823 -0.032066 0.000000
-0.003334 466.666687 200.888901 -0.000142 -0.001029 0.000000
-0.000788 469.333313 200.000000 0.092830 -0.032066 0.000000
0.014486 471.111115 199.111099 0.061841 -0.032066 0.000000
-0.003334 473.777802 198.222198 0.092832 -0.032066 0.000000
-0.000788 473.777802 198.222198 -0.000142 -0.001029 0.000000
0.011940 475.555511 197.333298 0.061838 -0.032066 0.000000
-0.003334 476.444489 197.333298 0.030852 -0.001029 0.000000
-0.000788 476.444489 197.333298 -0.000142 -0.001029 0.000000
0.009394 478.222198 196.444397 0.061838 -0.032066 0.000000
-0.005880 478.222198 196.444397 -0.000142 -0.001029 0.000000
-0.000788 478.222198 196.444397 -0.000142 -0.001029 0.000000
0.011940 480.000000 196.444397 0.061841 -0.001029 0.000000
-0.005880 480.000000 196.444397 -0.000142 -0.001029 0.000000
-0.000788 480.888885 196.444397 0.030849 -0.001029 0.000000
0.011940 480.888885 196.444397 -0.000142 -0.001029 0.000000
-0.003334 480.888885 196.444397 -0.000142 -0.001029 0.000000
-0.000788 480.888885 196.444397 -0.000142 -0.001029 0.000000
0.009394 480.888885 196.444397 -0.000142 -0.001029 0.000000
-0.003334 480.888885 196.444397 -0.000142 -0.001029 0.000000
-0.000788 480.888885 196.444397 -0.000142 -0.001029 0.000000
-0.000788 480.888885 196.444397 -0.000142 -0.001029 0.000000
0.009394 480.888885 196.444397 -0.000142 -0.001029 0.000000
-0.003334 480.888885 196.444397 -0.000142 -0.001029 0.000000
-0.000788 480.000000 196.444397 -0.031133 -0.001029 0.000000
0.009394 478.222198 195.555603 -0.062125 -0.032062 0.000000
-0.003334 478.222198 195.555603 -0.000142 -0.001029 0.000000
-0.000788 475.555511 195.555603 -0.093116 -0.001029 0.000000
0.011940 473.777802 195.555603 -0.062122 -0.001029 0.000000
-0.003334 471.111115 194.666702 -0.093116 -0.032066 0.000000
-0.000788 471.111115 194.666702 -0.000142 -0.001029 0.000000
0.011940 469.333313 194.666702 -0.062125 -0.001029 0.000000
0.001757 467.555511 194.666702 -0.062125 -0.001029 0.000000
0.001757 464.888885 194.666702 -0.093114 -0.001029 0.000000
0.011940 463.111115 194.666702 -0.062124 -0.001029 0.000000
-0.003334 463.111115 194.666702 -0.000142 -0.001029 0.000000
0.001757 460.444489 194.666702 -0.093114 -0.001029 0.000000
0.006849 457.777802 194.666702 -0.093116 -0.001029 0.000000
-0.000788 457.777802 194.666702 -0.000142 -0.001029 0.000000
0.009394 451.555511 194.666702 -0.217082 -0.001029 0.000000
-0.003334 451.555511 194.666702 -0.000142 -0.001029 0.000000
-0.003334 447.111115 194.666702 -0.155096 -0.001029 0.000000
-0.000788 447.111115 194.666702 -0.000142 -0.001029 0.000000
0.009394 441.777802 194.666702 -0.186088 -0.001029 0.000000
-0.000788 435.555511 194.666702 -0.217082 -0.001029 0.000000
-0.000788 429.333313 192.888901 -0.217079 -0.063104 0.000000
0.011940 423.111115 192.000000 -0.217079 -0.032066 0.000000
-0.000788 423.111115 192.000000 -0.000142 -0.001029 0.000000
0.011940 418.666687 190.222198 -0.155097 -0.063104 0.000000
-0.000788 415.111115 189.333298 -0.124107 -0.032066 0.000000
-0.000788 415.111115 189.333298 -0.000142 -0.001029 0.000000
0.001757 411.555511 187.555603 -0.124108 -0.063100 0.000000
0.009394 409.777802 185.777802 -0.062122 -0.063104 0.000000
-0.003334 408.000000 184.000000 -0.062125 -0.063104 0.000000
0.009394 406.222198 183.111099 -0.062125 -0.032066 0.000000
-0.003334 406.222198 183.111099 -0.000142 -0.001029 0.000000
-0.000788 405.333313 181.333298 -0.031133 -0.063104 0.000000
-0.003334 405.333313 181.333298 -0.000142 -0.001029 0.000000
0.011940 404.444489 179.555603 -0.031131 -0.063100 0.000000
-0.003334 402.666687 176.888901 -0.062125 -0.094141 0.000000
-0.000788 402.666687 176.888901 -0.000142 -0.001029 0.000000
0.011940 400.000000 172.444397 -0.093116 -0.156217 0.000000
-0.000788 400.000000 172.444397 -0.000142 -0.001029 0.000000
-0.000788 398.222198 169.777802 -0.062125 -0.094138 0.000000
0.011940 394.666687 168.000000 -0.124105 -0.063104 0.000000
-0.000788 394.666687 168.000000 -0.000142 -0.001029 0.000000
0.001757 392.000000 165.333298 -0.093116 -0.094141 0.000000
0.006849 389.333313 163.555603 -0.093116 -0.063100 0.000000
-0.003334 385.777802 161.777802 -0.124105 -0.063104 0.000000
-0.000788 385.777802 161.777802 -0.000142 -0.001029 0.000000
0.011940 384.000000 160.000000 -0.062125 -0.063104 0.000000
-0.003334 381.333313 158.222198 -0.093116 -0.063104 0.000000
0.001757 379.555511 156.444397 -0.062125 -0.063104 0.000000
0.009394 378.666687 153.777802 -0.031131 -0.094138 0.000000
-0.003334 378.666687 153.777802 -0.000142 -0.001029 0.000000
0.011940 376.888885 152.000000 -0.062125 -0.063104 0.000000
-0.003334 376.000000 150.222198 -0.031133 -0.063104 0.000000
-0.000788 376.000000 150.222198 -0.000142 -0.001029 0.000000
0.001757 375.111115 148.444397 -0.031133 -0.063104 0.000000
0.011940 373.333313 145.777802 -0.062125 -0.094138 0.000000
-0.000788 371.555511 144.000000 -0.062125 -0.063104 0.000000
0.009394 368.000000 141.333298 -0.124105 -0.094141 0.000000
-0.000788 368.000000 141.333298 -0.000142 -0.001029 0.000000
-0.003334 364.444489 138.666702 -0.124105 -0.094138 0.000000
0.011940 360.888885 136.888901 -0.124108 -0.063104 0.000000
0.001757 356.444489 134.222198 -0.155096 -0.094141 0.000000
-0.000788 356.444489 134.222198 -0.000142 -0.001029 0.000000
0.014486 349.333313 129.777802 -0.248073 -0.156213 0.000000
-0.000788 349.333313 129.777802 -0.000142 -0.001029 0.000000
-0.000788 346.666687 127.111099 -0.093114 -0.094141 0.000000
0.011940 344.000000 125.333298 -0.093116 -0.063104 0.000000
-0.000788 344.000000 125.333298 -0.000142 -0.001029 0.000000
0.004303 341.333313 122.666702 -0.093116 -0.094138 0.000000
0.011940 339.555511 120.888901 -0.062125 -0.063104 0.000000
-0.003334 337.777802 118.222198 -0.062122 -0.094141 0.000000
-0.000788 337.777802 118.222198 -0.000142 -0.001029 0.000000
0.011940 333.333313 113.777802 -0.155099 -0.156213 0.000000
0.001757 333.333313 113.777802 -0.000142 -0.001029 0.000000
0.009394 329.777802 111.111099 -0.124105 -0.094141 0.000000
-0.000788 326.222198 108.444397 -0.124108 -0.094141 0.000000
-0.000788 326.222198 108.444397 -0.000142 -0.001029 0.000000
0.017032 318.222198 103.111099 -0.279062 -0.187250 3.000000
0.004303 318.222198 103.111099 -0.000142 -0.001029 3.000000
-0.003334 313.777802 101.333298 -0.155096 -0.063104 3.000000
0.009394 310.222198 98.666656 -0.124108 -0.094139 3.000000
-0.000788 310.222198 98.666656 -0.000142 -0.001029 3.000000
0.001757 307.555511 96.888893 -0.093116 -0.063102 3.000000
0.024669 304.888885 94.222221 -0.093114 -0.094140 3.000000
0.045035 303.111115 91.555557 -0.062124 -0.094140 3.000000
0.045035 302.222198 89.777779 -0.031134 -0.063103 3.000000
0.045035 299.555511 88.000000 -0.093116 -0.063103 3.000000
0.057763 289.777802 85.333344 -0.341042 -0.094140 3.000000
0.037397 280.000000 83.555557 -0.341045 -0.063103 3.000000
0.037397 271.111115 80.888893 -0.310053 -0.094140 3.000000
0.039943 264.000000 78.222221 -0.248071 -0.094140 3.000000
0.039943 257.777802 74.666656 -0.217079 -0.125178 3.000000
0.062855 248.000000 72.000000 -0.341045 -0.094140 3.000000
0.037397 241.777802 71.111107 -0.217079 -0.032066 3.000000
0.047580 236.444397 71.111107 -0.186091 -0.001029 3.000000
0.032306 233.777802 71.111107 -0.093113 -0.001029 3.000000
0.037397 232.000000 71.111107 -0.062125 -0.001029 3.000000
0.001757 232.000000 71.111107 -0.000142 -0.001029 0.000000
0.047580 232.000000 71.111107 -0.000142 -0.001029 0.000000
0.042489 232.000000 71.111107 -0.000142 -0.001029 0.000000
0.047580 232.000000 77.333344 -0.000142 0.216232 0.000000
0.029760 232.000000 80.000000 -0.000142 0.092083 3.000000
0.050126 228.444397 88.000000 -0.124108 0.278306 3.000000
0.055218 224.000000 93.333344 -0.155096 0.185195 3.000000
0.029760 218.666702 99.555557 -0.186088 0.216231 3.000000
0.047580 213.333298 106.666702 -0.186091 0.247270 3.000000
0.050126 208.888901 114.666702 -0.155096 0.278306 3.000000
0.047580 205.333298 119.111099 -0.124108 0.154156 3.000000
0.050126 200.000000 124.444397 -0.186088 0.185193 3.000000
0.039943 194.666702 129.777802 -0.186088 0.185197 3.000000
0.045035 190.222198 132.444397 -0.155100 0.092080 3.000000
0.011940 187.555603 135.111099 -0.093113 0.092084 0.000000
-0.000788 187.555603 135.111099 -0.000142 -0.001029 0.000000
-0.000788 186.666702 136.000000 -0.031134 0.030009 0.000000
0.011940 185.777802 137.777802 -0.031134 0.061047 0.000000
-0.003334 185.777802 137.777802 -0.000142 -0.001029 0.000000
0.001757 184.888901 140.444397 -0.031134 0.092080 0.000000
0.011940 184.000000 143.111099 -0.031134 0.092084 0.000000
-0.003334 183.111099 146.666702 -0.031134 0.123122 0.000000
-0.000788 183.111099 146.666702 -0.000142 -0.001029 0.000000
0.009394 182.222198 150.222198 -0.031134 0.123118 0.000000
-0.000788 181.333298 155.555603 -0.031134 0.185197 0.000000
-0.000788 181.333298 155.555603 -0.000142 -0.001029 0.000000
0.011940 179.555603 164.444397 -0.062121 0.309340 0.000000
-0.000788 179.555603 164.444397 -0.000142 -0.001029 0.000000
-0.000788 179.555603 168.888901 -0.000142 0.154159 0.000000
0.014486 178.666702 173.333298 -0.031134 0.154156 0.000000
0.004303 178.666702 177.777802 -0.000142 0.154159 0.000000
0.022123 178.666702 182.222198 -0.000142 0.154156 1.000000
0.004303 178.666702 185.777802 -0.000142 0.123122 1.000000
0.014486 177.777802 190.222198 -0.031134 0.154156 1.000000
0.006849 177.777802 194.666702 -0.000142 0.154159 1.000000
0.001757 176.888901 199.111099 -0.031134 0.154156 1.000000
0.022123 175.111099 204.444397 -0.062125 0.185193 1.000000
0.004303 174.222198 208.888901 -0.031134 0.154159 1.000000
0.022123 171.555603 216.888901 -0.093113 0.278306 1.000000
0.004303 171.555603 216.888901 -0.000142 -0.001029 1.000000
0.022123 169.777802 224.000000 -0.062125 0.247268 1.000000
0.004303 169.777802 224.000000 -0.000142 -0.001029 1.000000
0.019577 168.000000 231.111099 -0.062125 0.247268 1.000000
0.004303 168.000000 234.666702 -0.000142 0.123122 1.000000
0.017032 168.000000 237.333298 -0.000142 0.092080 1.000000
0.004303 168.000000 240.888901 -0.000142 0.123122 1.000000
0.017032 168.000000 243.555603 -0.000142 0.092084 1.000000
0.009394 168.000000 246.222198 -0.000142 0.092080 1.000000
0.014486 168.000000 248.888901 -0.000142 0.092084 0.000000
0.009394 168.888901 251.555603 0.030849 0.092084 0.000000
0.037397 169.777802 256.000000 0.030849 0.154156 0.000000
0.057763 171.555603 263.111115 0.061841 0.247269 0.000000
0.029760 171.555603 265.777802 -0.000142 0.092084 0.000000
0.055218 174.222198 271.111115 0.092829 0.185194 0.000000
0.034852 176.000000 272.888885 0.061841 0.061046 0.000000
0.037397 176.888901 273.777802 0.030849 0.030010 3.000000
0.004303 176.888901 273.777802 -0.000142 -0.001029 3.000000
0.032306 176.888901 273.777802 -0.000142 -0.001029 3.000000
0.052672 176.888901 269.333313 -0.000142 -0.156216 3.000000
0.032306 176.888901 263.111115 -0.000142 -0.218288 3.000000
0.055218 173.333298 237.333298 -0.124108 -0.901108 3.000000
0.032306 168.000000 213.333298 -0.186088 -0.839032 3.000000
0.047580 156.444397 184.000000 -0.403028 -1.025254 3.000000
0.047580 128.000000 144.000000 -0.991856 -1.397702 3.000000
0.032306 107.555603 126.222198 -0.712936 -0.621773 0.000000
0.006849 107.555603 126.222198 -0.000142 -0.001029 0.000000
0.004303 97.777779 118.222198 -0.341046 -0.280363 0.000000
0.001757 88.888893 112.000000 -0.310053 -0.218288 0.000000
-0.000788 88.888893 112.000000 -0.000142 -0.001029 0.000000
0.011940 81.777779 106.666702 -0.248071 -0.187250 0.000000
-0.000788 74.666656 102.222198 -0.248071 -0.156217 0.000000
0.001757 69.333344 98.666656 -0.186088 -0.125177 0.000000
0.011940 64.888893 96.888893 -0.155098 -0.063102 0.000000
-0.003334 64.888893 96.888893 -0.000142 -0.001029 0.000000
0.001757 62.222221 96.000000 -0.093116 -0.032066 0.000000
0.014486 60.444439 96.000000 -0.062125 -0.001029 0.000000
0.001757 58.666672 96.000000 -0.062124 -0.001029 0.000000
0.011940 58.666672 96.888893 -0.000142 0.030009 0.000000
-0.000788 58.666672 99.555557 -0.000142 0.092083 0.000000
0.001757 58.666672 99.555557 -0.000142 -0.001029 0.000000
0.011940 58.666672 103.111099 -0.000142 0.123120 0.000000
0.001757 58.666672 108.444397 -0.000142 0.185193 0.000000
0.001757 58.666672 114.666702 -0.000142 0.216235 0.000000
0.014486 58.666672 122.666702 -0.000142 0.278306 0.000000
-0.000788 58.666672 122.666702 -0.000142 -0.001029 0.000000
0.011940 58.666672 138.666702 -0.000142 0.557641 0.000000
-0.003334 58.666672 138.666702 -0.000142 -0.001029 0.000000
-0.000788 57.777779 147.555603 -0.031133 0.309344 0.000000
0.014486 57.777779 155.555603 -0.000142 0.278306 0.000000
0.001757 57.777779 163.555603 -0.000142 0.278306 0.000000
-0.000788 57.777779 163.555603 -0.000142 -0.001029 0.000000
0.011940 57.777779 176.888901 -0.000142 0.464528 0.000000
0.001757 57.777779 176.888901 -0.000142 -0.001029 0.000000
0.014486 58.666672 183.111099 0.030849 0.216231 0.000000
-0.000788 59.555561 188.444397 0.030849 0.185193 0.000000
-0.000788 59.555561 188.444397 -0.000142 -0.001029 0.000000
0.014486 59.555561 199.111099 -0.000142 0.371419 0.000000
-0.003334 59.555561 199.111099 -0.000142 -0.001029 0.000000
-0.000788 59.555561 203.555603 -0.000142 0.154159 0.000000
0.009394 59.555561 208.000000 -0.000142 0.154156 0.000000
-0.000788 59.555561 208.000000 -0.000142 -0.001029 0.000000
-0.000788 59.555561 212.444397 -0.000142 0.154156 0.000000
0.011940 59.555561 216.000000 -0.000142 0.123122 0.000000
-0.000788 58.666672 220.444397 -0.031133 0.154156 0.000000
-0.000788 58.666672 220.444397 -0.000142 -0.001029 0.000000
0.014486 58.666672 224.000000 -0.000142 0.123122 0.000000
-0.000788 58.666672 228.444397 -0.000142 0.154156 0.000000
0.001757 58.666672 232.000000 -0.000142 0.123122 0.000000
0.011940 58.666672 235.555603 -0.000142 0.123122 0.000000
-0.000788 58.666672 235.555603 -0.000142 -0.001029 0.000000
0.014486 59.555561 242.666702 0.030849 0.247268 0.000000
-0.000788 59.555561 242.666702 -0.000142 -0.001029 0.000000
-0.000788 60.444439 246.222198 0.030849 0.123118 0.000000
0.011940 61.333328 249.777802 0.030849 0.123122 0.000000
-0.003334 61.333328 249.777802 -0.000142 -0.001029 0.000000
0.006849 62.222221 253.333298 0.030849 0.123118 0.000000
0.019577 63.111111 260.444489 0.030849 0.247272 0.000000
0.001757 63.111111 260.444489 -0.000142 -0.001029 0.000000
0.017032 64.000000 267.555511 0.030849 0.247266 0.000000
0.004303 64.000000 267.555511 -0.000142 -0.001029 0.000000
0.019577 65.777779 273.777802 0.061840 0.216234 0.000000
0.001757 65.777779 273.777802 -0.000142 -0.001029 0.000000
0.014486 66.666656 279.111115 0.030849 0.185194 0.000000
0.004303 66.666656 279.111115 -0.000142 -0.001029 0.000000
0.001757 66.666656 280.888885 -0.000142 0.061046 0.000000
0.017032 67.555557 283.555511 0.030849 0.092082 0.000000
0.001757 67.555557 283.555511 -0.000142 -0.001029 0.000000
0.017032 67.555557 285.333313 -0.000142 0.061047 0.000000
0.001757 68.444443 286.222198 0.030849 0.030009 0.000000
0.014486 68.444443 288.000000 -0.000142 0.061047 0.000000
0.006849 68.444443 289.777802 -0.000142 0.061047 0.000000
0.004303 68.444443 291.555511 -0.000142 0.061043 0.000000
0.017032 69.333344 292.444489 0.030849 0.030012 0.000000
0.001757 69.333344 294.222198 -0.000142 0.061043 0.000000
0.017032 70.222221 296.000000 0.030849 0.061047 0.000000
0.001757 71.111107 296.888885 0.030849 0.030009 0.000000
0.055218 72.888893 299.555511 0.061840 0.092082 0.000000
0.032306 74.666656 301.333313 0.061840 0.061047 0.000000
0.055218 79.111107 303.111115 0.154814 0.061047 0.000000
0.032306 80.888893 304.000000 0.061840 0.030009 0.000000
0.052672 89.777779 307.555511 0.309769 0.123119 0.000000
0.037397 97.777779 312.000000 0.278778 0.154159 0.000000
0.052672 105.777802 314.666687 0.278779 0.092084 0.000000
0.034852 113.777802 315.555511 0.278778 0.030006 0.000000
0.034852 120.888901 315.555511 0.247786 -0.001029 3.000000
0.004303 124.444397 315.555511 0.123820 -0.001029 3.000000
0.045035 129.777802 315.555511 0.185807 -0.001029 3.000000
0.042489 136.000000 315.555511 0.216795 -0.001029 3.000000
0.042489 146.666702 316.444489 0.371752 0.030012 3.000000
0.042489 152.888901 319.111115 0.216795 0.092082 3.000000
0.006849 152.888901 319.111115 -0.000142 -0.001029 3.000000
0.009394 154.666702 320.000000 0.061841 0.030009 3.000000
-0.003334 156.444397 320.888885 0.061837 0.030009 3.000000
0.009394 157.333298 321.777802 0.030849 0.030010 3.000000
-0.003334 157.333298 321.777802 -0.000142 -0.001029 3.000000
-0.003334 157.333298 321.777802 -0.000142 -0.001029 3.000000
-0.000788 158.222198 321.777802 0.030849 -0.001029 3.000000
0.009394 158.222198 321.777802 -0.000142 -0.001029 3.000000
0.001757 158.222198 322.666687 -0.000142 0.030009 0.000000
0.001757 158.222198 322.666687 -0.000142 -0.001029 0.000000
0.004303 159.111099 322.666687 0.030849 -0.001029 0.000000
-0.000788 160.888901 323.555511 0.061841 0.030006 0.000000
-0.000788 160.888901 323.555511 -0.000142 -0.001029 0.000000
0.011940 162.666702 325.333313 0.061841 0.061047 0.000000
-0.000788 165.333298 326.222198 0.092829 0.030009 0.000000
-0.000788 165.333298 326.222198 -0.000142 -0.001029 0.000000
0.011940 173.333298 328.888885 0.278778 0.092084 0.000000
0.001757 173.333298 328.888885 -0.000142 -0.001029 0.000000
0.014486 177.777802 329.777802 0.154815 0.030010 0.000000
-0.000788 182.222198 330.666687 0.154812 0.030009 0.000000
0.001757 187.555603 331.555511 0.185807 0.030006 0.000000
0.017032 192.888901 331.555511 0.185803 -0.001029 0.000000
0.001757 198.222198 331.555511 0.185803 -0.001029 0.000000
0.017032 204.444397 331.555511 0.216795 -0.001029 0.000000
0.001757 204.444397 331.555511 -0.000142 -0.001029 0.000000
0.001757 208.888901 330.666687 0.154815 -0.032063 0.000000
0.017032 219.555603 328.000000 0.371752 -0.094141 0.000000
0.001757 219.555603 328.000000 -0.000142 -0.001029 0.000000
0.017032 224.888901 327.111115 0.185803 -0.032066 0.000000
-0.000788 230.222198 326.222198 0.185803 -0.032067 0.000000
-0.000788 234.666702 325.333313 0.154815 -0.032066 0.000000
0.014486 240.000000 324.444489 0.185803 -0.032063 0.000000
0.001757 245.333298 323.555511 0.185803 -0.032069 0.000000
0.017032 249.777802 322.666687 0.154815 -0.032063 0.000000
-0.000788 254.222198 321.777802 0.154812 -0.032066 0.000000
-0.000788 254.222198 321.777802 -0.000142 -0.001029 0.000000
0.017032 257.777802 320.888885 0.123824 -0.032067 0.000000
0.001757 260.444489 320.888885 0.092832 -0.001029 0.000000
0.017032 264.000000 320.000000 0.123821 -0.032066 0.000000
0.001757 264.000000 320.000000 -0.000142 -0.001029 0.000000
0.042489 265.777802 318.222198 0.061841 -0.063104 0.000000
0.042489 266.666687 317.333313 0.030849 -0.032066 0.000000
0.047580 271.111115 314.666687 0.154813 -0.094139 0.000000
0.047580 277.333313 313.777802 0.216795 -0.032066 0.000000
0.050126 285.333313 312.888885 0.278778 -0.032067 0.000000
0.039943 294.222198 312.888885 0.309769 -0.001029 0.000000
0.011940 302.222198 312.888885 0.278778 -0.001029 3.000000
0.014486 306.666687 312.888885 0.154815 -0.001029 3.000000
0.047580 318.222198 313.777802 0.402741 0.030010 3.000000
0.045035 333.333313 317.333313 0.526707 0.123119 3.000000
0.039943 347.555511 321.777802 0.495715 0.154159 3.000000
0.042489 358.222198 326.222198 0.371752 0.154156 3.000000
0.057763 367.111115 330.666687 0.309770 0.154159 3.000000
0.042489 368.888885 331.555511 0.061840 0.030006 3.000000
0.009394 368.888885 331.555511 -0.000142 -0.001029 3.000000
-0.003334 368.888885 331.555511 -0.000142 -0.001029 3.000000
-0.003334 368.888885 331.555511 -0.000142 -0.001029 3.000000
-0.000788 368.888885 331.555511 -0.000142 -0.001029 3.000000
0.006849 368.888885 331.555511 -0.000142 -0.001029 0.000000
-0.003334 368.888885 331.555511 -0.000142 -0.001029 0.000000
-0.003334 368.888885 331.555511 -0.000142 -0.001029 0.000000
0.009394 368.888885 331.555511 -0.000142 -0.001029 0.000000
-0.005880 368.888885 331.555511 -0.000142 -0.001029 0.000000
-0.000788 369.777802 331.555511 0.030850 -0.001029 0.000000
0.014486 370.666687 331.555511 0.030849 -0.001029 0.000000
-0.000788 372.444489 331.555511 0.061841 -0.001029 0.000000
0.001757 372.444489 331.555511 -0.000142 -0.001029 0.000000
0.017032 375.111115 331.555511 0.092830 -0.001029 0.000000
-0.000788 375.111115 331.555511 -0.000142 -0.001029 0.000000
0.009394 375.111115 331.555511 -0.000142 -0.001029 0.000000
-0.003334 375.111115 331.555511 -0.000142 -0.001029 0.000000
-0.000788 375.111115 331.555511 -0.000142 -0.001029 0.000000
0.009394 376.000000 331.555511 0.030849 -0.001029 0.000000
-0.003334 376.888885 331.555511 0.030849 -0.001029 0.000000
-0.005880 376.888885 331.555511 -0.000142 -0.001029 0.000000
0.001757 377.777802 331.555511 0.030850 -0.001029 0.000000
0.006849 379.555511 330.666687 0.061838 -0.032063 0.000000
-0.003334 379.555511 330.666687 -0.000142 -0.001029 0.000000
-0.000788 383.111115 329.777802 0.123824 -0.032066 0.000000
0.011940 386.666687 328.888885 0.123823 -0.032067 0.000000
-0.003334 391.111115 327.111115 0.154813 -0.063103 0.000000
-0.000788 391.111115 327.111115 -0.000142 -0.001029 0.000000
0.014486 395.555511 326.222198 0.154812 -0.032067 0.000000
-0.003334 400.000000 326.222198 0.154815 -0.001029 0.000000
-0.000788 405.333313 325.333313 0.185804 -0.032066 0.000000
0.011940 409.777802 325.333313 0.154815 -0.001029 0.000000
-0.003334 409.777802 325.333313 -0.000142 -0.001029 0.000000
-0.000788 414.222198 325.333313 0.154812 -0.001029 0.000000
0.009394 418.666687 325.333313 0.154815 -0.001029 0.000000
-0.005880 418.666687 325.333313 -0.000142 -0.001029 0.000000
-0.000788 423.111115 325.333313 0.154813 -0.001029 0.000000
0.009394 427.555511 325.333313 0.154812 -0.001029 0.000000
-0.005880 427.555511 325.333313 -0.000142 -0.001029 0.000000
-0.000788 432.000000 325.333313 0.154815 -0.001029 0.000000
0.006849 436.444489 326.222198 0.154815 0.030009 0.000000
-0.003334 436.444489 326.222198 -0.000142 -0.001029 0.000000
-0.000788 440.888885 326.222198 0.154812 -0.001029 0.000000
-0.000788 446.222198 327.111115 0.185804 0.030010 0.000000
0.009394 446.222198 327.111115 -0.000142 -0.001029 0.000000
-0.003334 450.666687 328.888885 0.154815 0.061046 0.000000
-0.000788 450.666687 328.888885 -0.000142 -0.001029 0.000000
0.011940 459.555511 330.666687 0.309767 0.061047 0.000000
-0.003334 459.555511 330.666687 -0.000142 -0.001029 0.000000
-0.003334 463.111115 332.444489 0.123824 0.061047 0.000000
0.009394 465.777802 333.333313 0.092832 0.030006 0.000000
-0.005880 465.777802 333.333313 -0.000142 -0.001029 0.000000
-0.003334 468.444489 334.222198 0.092832 0.030009 0.000000
0.011940 469.333313 335.111115 0.030847 0.030010 0.000000
-0.005880 469.333313 335.111115 -0.000142 -0.001029 0.000000
-0.003334 471.111115 336.000000 0.061841 0.030009 0.000000
-0.000788 471.111115 336.000000 -0.000142 -0.001029 0.000000
0.009394 472.000000 336.000000 0.030849 -0.001029 0.000000
-0.000788 472.888885 336.000000 0.030849 -0.001029 0.000000
0.019577 473.777802 336.000000 0.030850 -0.001029 0.000000
-0.000788 473.777802 336.000000 -0.000142 -0.001029 0.000000
0.001757 473.777802 336.000000 -0.000142 -0.001029 0.000000
0.017032 473.777802 336.888885 -0.000142 0.030009 0.000000
-0.003334 473.777802 336.888885 -0.000142 -0.001029 0.000000
0.001757 473.777802 336.888885 -0.000142 -0.001029 0.000000
0.011940 473.777802 336.888885 -0.000142 -0.001029 0.000000
-0.000788 473.777802 336.888885 -0.000142 -0.001029 0.000000
0.014486 473.777802 336.888885 -0.000142 -0.001029 0.000000
-0.000788 473.777802 336.888885 -0.000142 -0.001029 0.000000
-0.000788 473.777802 336.888885 -0.000142 -0.001029 0.000000
0.014486 473.777802 336.888885 -0.000142 -0.001029 0.000000
-0.000788 473.777802 336.888885 -0.000142 -0.001029 0.000000
0.019577 473.777802 336.888885 -0.000142 -0.001029 0.000000
-0.003334 473.777802 336.888885 -0.000142 -0.001029 0.000000
0.001757 473.777802 336.888885 -0.000142 -0.001029 0.000000
0.017032 472.888885 336.888885 -0.031134 -0.001029 0.000000
-0.003334 472.888885 336.888885 -0.000142 -0.001029 0.000000
0.001757 471.111115 336.888885 -0.062124 -0.001029 0.000000
0.014486 468.444489 336.888885 -0.093114 -0.001029 0.000000
0.001757 464.000000 336.000000 -0.155099 -0.032066 0.000000
0.017032 459.555511 334.222198 -0.155099 -0.063104 0.000000
-0.000788 453.333313 333.333313 -0.217079 -0.032066 0.000000
0.001757 446.222198 331.555511 -0.248071 -0.063104 0.000000
0.045035 434.666687 328.888885 -0.403025 -0.094139 0.000000
0.047580 427.555511 328.000000 -0.248073 -0.032066 0.000000
0.029760 424.888885 328.000000 -0.093114 -0.001029 0.000000
0.045035 424.000000 328.000000 -0.031133 -0.001029 0.000000
0.047580 424.000000 328.000000 -0.000142 -0.001029 0.000000
0.052672 419.555511 328.000000 -0.155099 -0.001029 0.000000
0.047580 412.444489 328.000000 -0.248068 -0.001029 0.000000
0.029760 402.666687 324.444489 -0.341045 -0.125176 3.000000
0.045035 392.000000 320.000000 -0.372036 -0.156216 3.000000
0.045035 381.333313 314.666687 -0.372036 -0.187251 3.000000
0.047580 365.333313 304.000000 -0.557982 -0.373475 3.000000
0.047580 351.111115 295.111115 -0.495999 -0.311400 3.000000
0.039943 336.000000 288.000000 -0.526991 -0.249326 3.000000
0.024669 328.888885 285.333313 -0.248071 -0.094141 3.000000
-0.000788 324.444489 283.555511 -0.155096 -0.063104 3.000000
-0.000788 324.444489 283.555511 -0.000142 -0.001029 3.000000
0.011940 320.000000 280.888885 -0.155099 -0.094139 3.000000
-0.003334 320.000000 280.888885 -0.000142 -0.001029 3.000000
0.001757 319.111115 280.888885 -0.031133 -0.001029 3.000000
0.011940 319.111115 280.888885 -0.000142 -0.001029 3.000000
-0.000788 319.111115 280.888885 -0.000142 -0.001029 3.000000
0.001757 319.111115 280.888885 -0.000142 -0.001029 0.000000
0.009394 319.111115 280.888885 -0.000142 -0.001029 0.000000
-0.003334 319.111115 280.888885 -0.000142 -0.001029 0.000000
-0.000788 319.111115 280.888885 -0.000142 -0.001029 0.000000
0.009394 319.111115 280.888885 -0.000142 -0.001029 0.000000
-0.003334 318.222198 280.888885 -0.031134 -0.001029 0.000000
0.011940 315.555511 282.666687 -0.093116 0.061047 0.000000
-0.000788 312.888885 284.444489 -0.093114 0.061047 0.000000
-0.000788 312.888885 284.444489 -0.000142 -0.001029 0.000000
0.011940 310.222198 287.111115 -0.093116 0.092082 0.000000
-0.000788 306.666687 288.888885 -0.124105 0.061046 0.000000
0.001757 304.000000 289.777802 -0.093116 0.030010 0.000000
0.011940 300.444489 291.555511 -0.124105 0.061043 0.000000
-0.000788 300.444489 291.555511 -0.000142 -0.001029 0.000000
-0.000788 296.000000 292.444489 -0.155099 0.030012 0.000000
0.011940 292.444489 293.333313 -0.124105 0.030006 0.000000
-0.003334 288.000000 293.333313 -0.155099 -0.001029 0.000000
-0.003334 288.000000 293.333313 -0.000142 -0.001029 0.000000
0.011940 283.555511 293.333313 -0.155099 -0.001029 0.000000
-0.005880 279.111115 293.333313 -0.155096 -0.001029 0.000000
0.001757 279.111115 293.333313 -0.000142 -0.001029 0.000000
0.011940 269.333313 294.222198 -0.341045 0.030009 0.000000
-0.003334 269.333313 294.222198 -0.000142 -0.001029 0.000000
-0.000788 263.111115 295.111115 -0.217079 0.030010 0.000000
0.011940 256.888885 295.111115 -0.217080 -0.001029 0.000000
-0.003334 256.888885 295.111115 -0.000142 -0.001029 0.000000
0.001757 249.777802 296.000000 -0.248070 0.030009 0.000000
0.011940 241.777802 296.000000 -0.279062 -0.001029 0.000000
-0.000788 234.666702 296.888885 -0.248071 0.030009 0.000000
-0.000788 234.666702 296.888885 -0.000142 -0.001029 0.000000
0.009394 229.333298 296.888885 -0.186091 -0.001029 0.000000
-0.003334 224.000000 297.777802 -0.186088 0.030010 0.000000
-0.000788 224.000000 297.777802 -0.000142 -0.001029 0.000000
0.011940 217.777802 297.777802 -0.217079 -0.001029 0.000000
-0.003334 217.777802 297.777802 -0.000142 -0.001029 0.000000
0.001757 216.000000 297.777802 -0.062125 -0.001029 0.000000
0.022123 214.222198 297.777802 -0.062125 -0.001029 0.000000
-0.000788 213.333298 297.777802 -0.031134 -0.001029 0.000000
0.011940 212.444397 297.777802 -0.031134 -0.001029 0.000000
-0.003334 212.444397 297.777802 -0.000142 -0.001029 0.000000
0.001757 211.555603 297.777802 -0.031130 -0.001029 0.000000
0.011940 210.666702 297.777802 -0.031134 -0.001029 0.000000
-0.003334 209.777802 297.777802 -0.031134 -0.001029 0.000000
-0.000788 209.777802 297.777802 -0.000142 -0.001029 0.000000
0.011940 208.000000 297.777802 -0.062125 -0.001029 0.000000
-0.005880 205.333298 297.777802 -0.093117 -0.001029 0.000000
-0.000788 205.333298 297.777802 -0.000142 -0.001029 0.000000
0.009394 200.000000 297.777802 -0.186088 -0.001029 0.000000
-0.003334 200.000000 297.777802 -0.000142 -0.001029 0.000000
-0.000788 198.222198 297.777802 -0.062125 -0.001029 0.000000
0.011940 196.444397 296.888885 -0.062125 -0.032067 0.000000
-0.005880 196.444397 296.888885 -0.000142 -0.001029 0.000000
0.001757 194.666702 296.888885 -0.062121 -0.001029 0.000000
0.011940 192.888901 296.888885 -0.062125 -0.001029 0.000000
-0.003334 192.888901 296.888885 -0.000142 -0.001029 0.000000
0.001757 192.000000 296.000000 -0.031134 -0.032066 0.000000
0.014486 190.222198 296.000000 -0.062125 -0.001029 0.000000
-0.003334 190.222198 296.000000 -0.000142 -0.001029 0.000000
-0.003334 189.333298 296.000000 -0.031134 -0.001029 0.000000
0.014486 185.777802 295.111115 -0.124105 -0.032066 0.000000
-0.000788 185.777802 295.111115 -0.000142 -0.001029 0.000000
-0.000788 184.000000 295.111115 -0.062125 -0.001029 0.000000
0.009394 182.222198 295.111115 -0.062125 -0.001029 0.000000
0.004303 181.333298 295.111115 -0.031134 -0.001029 0.000000
-0.005880 181.333298 295.111115 -0.000142 -0.001029 0.000000
0.011940 180.444397 295.111115 -0.031134 -0.001029 0.000000
-0.003334 180.444397 295.111115 -0.000142 -0.001029 0.000000
-0.000788 180.444397 295.111115 -0.000142 -0.001029 0.000000
0.009394 180.444397 295.111115 -0.000142 -0.001029 0.000000
-0.000788 180.444397 295.111115 -0.000142 -0.001029 0.000000
-0.000788 180.444397 295.111115 -0.000142 -0.001029 0.000000
0.011940 180.444397 295.111115 -0.000142 -0.001029 0.000000
-0.003334 180.444397 294.222198 -0.000142 -0.032067 0.000000
-0.000788 180.444397 294.222198 -0.000142 -0.001029 0.000000
0.009394 184.888901 293.333313 0.154815 -0.032066 0.000000
-0.003334 184.888901 293.333313 -0.000142 -0.001029 0.000000
-0.000788 189.333298 291.555511 0.154812 -0.063104 0.000000
0.011940 193.777802 289.777802 0.154815 -0.063101 0.000000
-0.000788 193.777802 289.777802 -0.000142 -0.001029 0.000000
-0.000788 199.111099 288.888885 0.185803 -0.032067 0.000000
0.011940 204.444397 287.111115 0.185803 -0.063103 0.000000
-0.000788 209.777802 286.222198 0.185807 -0.032067 0.000000
0.001757 209.777802 286.222198 -0.000142 -0.001029 0.000000
0.011940 215.111099 284.444489 0.185803 -0.063101 0.000000
-0.000788 219.555603 282.666687 0.154815 -0.063104 0.000000
0.011940 224.888901 280.888885 0.185803 -0.063104 0.000000
-0.003334 228.444397 280.000000 0.123820 -0.032066 0.000000
-0.003334 228.444397 280.000000 -0.000142 -0.001029 0.000000
0.011940 232.888901 278.222198 0.154815 -0.063104 0.000000
-0.003334 235.555603 276.444489 0.092832 -0.063101 0.000000
0.001757 239.111099 274.666687 0.123820 -0.063104 0.000000
0.011940 242.666702 272.888885 0.123824 -0.063104 0.000000
-0.000788 242.666702 272.888885 -0.000142 -0.001029 0.000000
-0.000788 246.222198 271.111115 0.123820 -0.063103 0.000000
0.011940 250.666702 269.333313 0.154815 -0.063104 0.000000
0.001757 255.111099 267.555511 0.154812 -0.063104 0.000000
-0.000788 255.111099 267.555511 -0.000142 -0.001029 0.000000
0.014486 259.555511 264.888885 0.154812 -0.094139 0.000000
-0.000788 264.000000 263.111115 0.154815 -0.063103 0.000000
-0.000788 264.000000 263.111115 -0.000142 -0.001029 0.000000
0.014486 270.222198 259.555511 0.216795 -0.125179 0.000000
-0.000788 270.222198 259.555511 -0.000142 -0.001029 0.000000
-0.005880 272.888885 257.777802 0.092832 -0.063101 0.000000
0.011940 274.666687 256.888885 0.061841 -0.032067 0.000000
-0.003334 274.666687 256.888885 -0.000142 -0.001029 0.000000
0.014486 276.444489 255.111099 0.061841 -0.063103 0.000000
-0.000788 276.444489 255.111099 -0.000142 -0.001029 0.000000
-0.000788 277.333313 255.111099 0.030847 -0.001029 0.000000
0.011940 278.222198 254.222198 0.030849 -0.032066 0.000000
-0.003334 278.222198 254.222198 -0.000142 -0.001029 0.000000
0.001757 279.111115 254.222198 0.030850 -0.001029 3.000000
0.014486 280.888885 254.222198 0.061840 -0.001029 3.000000
-0.003334 282.666687 253.333298 0.061841 -0.032066 3.000000
0.001757 282.666687 253.333298 -0.000142 -0.001029 3.000000
0.042489 287.111115 251.555603 0.154813 -0.063100 3.000000
0.042489 287.111115 251.555603 -0.000142 -0.001029 3.000000
0.047580 282.666687 251.555603 -0.155097 -0.001029 3.000000
0.045035 273.777802 252.444397 -0.310053 0.030005 3.000000
0.047580 259.555511 252.444397 -0.496002 -0.001029 3.000000
0.045035 248.888901 249.777802 -0.372034 -0.094138 3.000000
0.045035 240.888901 243.555603 -0.279062 -0.218288 3.000000
0.047580 231.111099 228.444397 -0.341045 -0.528664 3.000000
0.032306 228.444397 223.111099 -0.093117 -0.187250 3.000000
0.050126 221.333298 202.666702 -0.248071 -0.714882 3.000000
0.039943 214.222198 189.333298 -0.248071 -0.466589 3.000000
0.039943 207.111099 176.888901 -0.248071 -0.435547 3.000000
0.057763 200.000000 167.111099 -0.248071 -0.342438 3.000000
0.011940 194.666702 161.777802 -0.186088 -0.187250 3.000000
-0.003334 194.666702 161.777802 -0.000142 -0.001029 3.000000
-0.000788 193.777802 160.888901 -0.031134 -0.032066 3.000000
0.014486 192.888901 160.888901 -0.031134 -0.001029 0.000000
0.009394 192.888901 160.888901 -0.000142 -0.001029 0.000000
0.039943 192.888901 160.888901 -0.000142 -0.001029 0.000000
0.050126 192.888901 160.888901 -0.000142 -0.001029 0.000000
0.050126 193.777802 164.444397 0.030849 0.123118 0.000000
0.045035 197.333298 170.666702 0.123820 0.216235 0.000000
0.050126 200.000000 174.222198 0.092832 0.123118 3.000000
0.024669 203.555603 176.888901 0.123824 0.092084 3.000000
0.050126 208.000000 178.666702 0.154812 0.061047 3.000000
0.042489 213.333298 180.444397 0.185803 0.061043 3.000000
0.060309 225.777802 185.777802 0.433735 0.185197 3.000000
0.037397 236.444397 192.888901 0.371749 0.247268 3.000000
0.039943 248.888901 202.666702 0.433735 0.340381 3.000000
0.039943 263.111115 214.222198 0.495715 0.402453 3.000000
0.060309 288.888885 234.666702 0.898600 0.712829 3.000000
0.039943 306.666687 251.555603 0.619681 0.588678 3.000000
0.034852 324.444489 269.333313 0.619681 0.619713 3.000000
0.057763 342.222198 286.222198 0.619678 0.588678 3.000000
0.039943 357.333313 299.555511 0.526707 0.464528 3.000000
0.039943 368.000000 311.111115 0.371752 0.402456 3.000000
0.060309 377.777802 323.555511 0.340761 0.433490 3.000000
0.009394 379.555511 327.111115 0.061838 0.123122 3.000000
0.011940 381.333313 328.888885 0.061841 0.061046 3.000000
0.045035 385.777802 335.111115 0.154815 0.216232 0.000000
0.045035 389.333313 339.555511 0.123821 0.154156 0.000000
0.045035 393.777802 342.222198 0.154815 0.092084 0.000000
0.042489 395.555511 344.000000 0.061838 0.061047 0.000000
0.042489 396.444489 344.888885 0.030852 0.030009 0.000000
0.047580 396.444489 342.222198 -0.000142 -0.094141 0.000000
0.045035 396.444489 332.444489 -0.000142 -0.342435 0.000000
0.017032 396.444489 325.333313 -0.000142 -0.249328 3.000000
0.004303 398.222198 316.444489 0.061838 -0.311398 3.000000
0.039943 400.888885 293.333313 0.092832 -0.807997 3.000000
0.045035 404.444489 268.444489 0.123824 -0.870067 3.000000
0.047580 407.111115 245.333298 0.092830 -0.807998 3.000000
0.055218 409.777802 214.222198 0.092832 -1.087329 3.000000
0.039943 414.222198 192.000000 0.154812 -0.776957 3.000000
0.067946 427.555511 162.666702 0.464724 -1.025254 3.000000
0.027215 436.444489 150.222198 0.309772 -0.435551 3.000000
0.037397 440.000000 146.666702 0.123821 -0.125175 3.000000
0.055218 444.444489 142.222198 0.154815 -0.156217 3.000000
0.037397 445.333313 142.222198 0.030847 -0.001029 3.000000
0.052672 447.111115 142.222198 0.061841 -0.001029 3.000000
0.034852 447.111115 142.222198 -0.000142 -0.001029 3.000000
0.009394 447.111115 142.222198 -0.000142 -0.001029 3.000000
0.004303 447.111115 144.000000 -0.000142 0.061047 0.000000
0.004303 447.111115 146.666702 -0.000142 0.092084 0.000000
0.032306 444.444489 152.000000 -0.093114 0.185193 0.000000
0.050126 440.888885 158.222198 -0.124108 0.216231 0.000000
0.045035 432.888885 168.000000 -0.279062 0.340381 0.000000
0.047580 421.333313 174.222198 -0.403027 0.216231 0.000000
0.022123 413.333313 178.666702 -0.279062 0.154159 3.000000
0.009394 403.555511 182.222198 -0.341045 0.123118 3.000000
0.042489 376.888885 191.111099 -0.929874 0.309344 3.000000
0.037397 345.777802 201.777802 -1.084830 0.371419 3.000000
0.070492 311.111115 222.222198 -1.208796 0.712825 3.000000
0.004303 304.000000 230.222198 -0.248071 0.278306 3.000000
0.004303 298.666687 237.333298 -0.186088 0.247268 3.000000
0.011940 294.222198 244.444397 -0.155099 0.247268 3.000000
0.009394 291.555511 250.666702 -0.093116 0.216235 3.000000
0.073038 288.000000 261.333313 -0.124105 0.371416 0.000000
0.027215 287.111115 264.000000 -0.031133 0.092084 0.000000
0.032306 287.111115 264.000000 -0.000142 -0.001029 0.000000
0.011940 287.111115 264.000000 -0.000142 -0.001029 0.000000
-0.000788 287.111115 264.000000 -0.000142 -0.001029 0.000000
0.001757 287.111115 264.000000 -0.000142 -0.001029 0.000000
0.011940 287.111115 264.888885 -0.000142 0.030009 0.000000
0.004303 287.111115 264.888885 -0.000142 -0.001029 0.000000
0.014486 287.111115 264.888885 -0.000142 -0.001029 0.000000
0.001757 287.111115 264.888885 -0.000142 -0.001029 0.000000
0.001757 287.111115 264.888885 -0.000142 -0.001029 0.000000
0.011940 287.111115 265.777802 -0.000142 0.030010 1.000000
0.004303 287.111115 265.777802 -0.000142 -0.001029 1.000000
0.014486 287.111115 268.444489 -0.000142 0.092084 2.000000
0.004303 287.111115 268.444489 -0.000142 -0.001029 2.000000
-0.000788 287.111115 270.222198 -0.000142 0.061043 2.000000
0.017032 287.111115 271.111115 -0.000142 0.030010 2.000000
-0.000788 286.222198 272.888885 -0.031134 0.061046 2.000000
0.017032 286.222198 275.555511 -0.000142 0.092082 2.000000
0.004303 285.333313 278.222198 -0.031133 0.092084 2.000000
0.001757 285.333313 278.222198 -0.000142 -0.001029 2.000000
0.034852 282.666687 284.444489 -0.093114 0.216234 1.000000
0.047580 275.555511 293.333313 -0.248073 0.309341 1.000000
0.032306 267.555511 297.777802 -0.279062 0.154159 0.000000
-0.000788 267.555511 297.777802 -0.000142 -0.001029 0.000000
0.065400 255.111099 298.666687 -0.434017 0.030009 0.000000
0.019577 250.666702 298.666687 -0.155096 -0.001029 0.000000
0.047580 240.888901 285.333313 -0.341045 -0.466588 0.000000
0.014486 236.444397 279.111115 -0.155100 -0.218288 0.000000
-0.000788 236.444397 279.111115 -0.000142 -0.001029 0.000000
0.011940 232.000000 272.888885 -0.155096 -0.218289 0.000000
0.001757 226.666702 268.444489 -0.186088 -0.156213 0.000000
-0.000788 220.444397 265.777802 -0.217083 -0.094141 0.000000
0.014486 213.333298 264.888885 -0.248071 -0.032067 0.000000
-0.000788 213.333298 264.888885 -0.000142 -0.001029 0.000000
0.001757 206.222198 264.888885 -0.248071 -0.001029 3.000000
0.017032 192.888901 267.555511 -0.465008 0.092082 3.000000
-0.000788 192.888901 267.555511 -0.000142 -0.001029 3.000000
0.014486 188.444397 269.333313 -0.155100 0.061047 3.000000
0.001757 184.000000 272.000000 -0.155096 0.092084 3.000000
-0.003334 184.000000 272.000000 -0.000142 -0.001029 3.000000
0.014486 180.444397 277.333313 -0.124108 0.185194 2.000000
-0.000788 180.444397 277.333313 -0.000142 -0.001029 2.000000
0.001757 179.555603 280.000000 -0.031130 0.092084 2.000000
0.017032 178.666702 283.555511 -0.031134 0.123119 2.000000
0.004303 178.666702 287.111115 -0.000142 0.123122 2.000000
0.014486 178.666702 290.666687 -0.000142 0.123121 2.000000
0.009394 179.555603 295.111115 0.030849 0.154157 2.000000
0.075583 184.000000 307.555511 0.154812 0.433490 1.000000
0.037397 184.888901 308.444489 0.030849 0.030012 1.000000
0.004303 184.888901 309.333313 -0.000142 0.030006 0.000000
0.001757 184.888901 309.333313 -0.000142 -0.001029 0.000000
0.039943 184.888901 309.333313 -0.000142 -0.001029 0.000000
0.057763 184.888901 307.555511 -0.000142 -0.063104 0.000000
0.039943 184.000000 304.000000 -0.031134 -0.125176 0.000000
0.065400 176.888901 273.777802 -0.248071 -1.056292 0.000000
0.019577 175.111099 263.111115 -0.062125 -0.373475 0.000000
0.067946 169.777802 223.111099 -0.186088 -1.397702 0.000000
0.022123 164.444397 199.111099 -0.186091 -0.839032 3.000000
0.052672 156.444397 180.444397 -0.279062 -0.652811 2.000000
0.039943 145.777802 166.222198 -0.372033 -0.497623 2.000000
0.039943 135.111099 156.444397 -0.372037 -0.342438 2.000000
0.017032 129.777802 153.777802 -0.186088 -0.094138 2.000000
0.006849 125.333298 152.000000 -0.155100 -0.063104 2.000000
0.017032 120.888901 152.000000 -0.155096 -0.001029 2.000000
0.042489 108.444397 154.666702 -0.434020 0.092084 2.000000
0.006849 108.444397 154.666702 -0.000142 -0.001029 1.000000
0.019577 101.333298 160.000000 -0.248071 0.185193 1.000000
0.001757 101.333298 160.000000 -0.000142 -0.001029 0.000000
0.009394 98.666656 163.555603 -0.093115 0.123122 0.000000
0.039943 93.333344 171.555603 -0.186088 0.278306 0.000000
0.045035 88.000000 185.777802 -0.186089 0.495565 0.000000
0.042489 83.555557 199.111099 -0.155098 0.464528 0.000000
0.014486 80.888893 206.222198 -0.093115 0.247268 0.000000
0.006849 77.333344 213.333298 -0.124106 0.247268 0.000000
0.011940 74.666656 219.555603 -0.093116 0.216235 0.000000
0.001757 71.111107 225.777802 -0.124106 0.216231 0.000000
0.017032 68.444443 231.111099 -0.093115 0.185193 0.000000
0.001757 65.777779 235.555603 -0.093115 0.154159 0.000000
0.004303 65.777779 235.555603 -0.000142 -0.001029 0.000000
0.019577 63.111111 243.555603 -0.093116 0.278306 2.000000
0.006849 63.111111 243.555603 -0.000142 -0.001029 2.000000
0.014486 62.222221 252.444397 -0.031133 0.309340 2.000000
0.006849 62.222221 256.888885 -0.000142 0.154159 2.000000
0.014486 63.111111 261.333313 0.030849 0.154157 2.000000
-0.000788 63.111111 261.333313 -0.000142 -0.001029 2.000000
0.004303 64.000000 265.777802 0.030849 0.154159 2.000000
0.017032 68.444443 274.666687 0.154813 0.309343 2.000000
0.004303 68.444443 274.666687 -0.000142 -0.001029 2.000000
0.014486 71.111107 279.111115 0.092831 0.154157 2.000000
0.039943 77.333344 284.444489 0.216796 0.185196 2.000000
0.027215 85.333344 286.222198 0.278778 0.061043 1.000000
0.039943 93.333344 284.444489 0.278778 -0.063101 1.000000
0.011940 97.777779 280.888885 0.154813 -0.125179 0.000000
0.037397 105.777802 270.222198 0.278779 -0.373475 0.000000
0.037397 116.444397 252.444397 0.371749 -0.621773 0.000000
0.022123 121.777802 240.000000 0.185807 -0.435547 0.000000
0.055218 144.888901 195.555603 0.805626 -1.552886 0.000000
0.014486 154.666702 180.444397 0.340761 -0.528664 0.000000
0.004303 163.555603 167.111099 0.309769 -0.466585 0.000000
0.014486 172.444397 154.666702 0.309766 -0.435547 0.000000
0.001757 181.333298 144.000000 0.309769 -0.373476 0.000000
0.014486 190.222198 134.222198 0.309769 -0.342438 0.000000
-0.000788 197.333298 126.222198 0.247786 -0.280363 0.000000
0.004303 203.555603 119.111099 0.216799 -0.249326 0.000000
0.014486 208.888901 112.888901 0.185803 -0.218288 0.000000
0.004303 211.555603 108.444397 0.092832 -0.156217 2.000000
0.017032 211.555603 108.444397 -0.000142 -0.001029 2.000000
-0.000788 213.333298 104.000000 0.061837 -0.156213 2.000000
0.001757 213.333298 100.444397 -0.000142 -0.125179 2.000000
0.014486 211.555603 97.777779 -0.062121 -0.094138 2.000000
-0.000788 206.222198 96.000000 -0.186091 -0.063103 2.000000
-0.000788 206.222198 96.000000 -0.000142 -0.001029 2.000000
0.014486 191.111099 93.333344 -0.526991 -0.094140 2.000000
-0.000788 191.111099 93.333344 -0.000142 -0.001029 2.000000
0.014486 181.333298 93.333344 -0.341045 -0.001029 2.000000
0.001757 171.555603 92.444443 -0.341041 -0.032066 2.000000
-0.000788 161.777802 92.444443 -0.341045 -0.001029 2.000000
0.014486 151.111099 91.555557 -0.372037 -0.032066 2.000000
-0.000788 151.111099 91.555557 -0.000142 -0.001029 2.000000
0.011940 133.333298 89.777779 -0.619965 -0.063103 2.000000
0.001757 133.333298 89.777779 -0.000142 -0.001029 1.000000
0.001757 125.333298 88.888893 -0.279062 -0.032066 1.000000
0.014486 117.333298 88.000000 -0.279062 -0.032066 1.000000
-0.000788 110.222198 87.111107 -0.248071 -0.032066 1.000000
-0.000788 110.222198 87.111107 -0.000142 -0.001029 1.000000
0.014486 96.000000 86.222221 -0.495999 -0.032066 0.000000
-0.000788 96.000000 86.222221 -0.000142 -0.001029 0.000000
0.011940 88.888893 85.333344 -0.248071 -0.032065 0.000000
0.001757 83.555557 85.333344 -0.186089 -0.001029 0.000000
0.001757 77.333344 85.333344 -0.217080 -0.001029 0.000000
0.011940 72.888893 85.333344 -0.155098 -0.001029 0.000000
-0.000788 72.888893 85.333344 -0.000142 -0.001029 0.000000
