0.019577 192.888901 72.888893 -0.526991 -1.025254 2.000000
0.006849 192.888901 72.888893 -0.000142 -0.001029 2.000000
0.019577 176.000000 56.888889 -0.588974 -0.559698 2.000000
0.014486 166.222198 52.444439 -0.341045 -0.156215 2.000000
0.022123 156.444397 50.666672 -0.341045 -0.063103 2.000000
0.014486 146.666702 49.777779 -0.341041 -0.032066 2.000000
0.067946 125.333298 56.000000 -0.743931 0.216232 1.000000
0.052672 121.777802 63.111111 -0.124105 0.247269 0.000000
0.050126 120.000000 73.777779 -0.062125 0.371418 0.000000
0.006849 119.111099 78.222221 -0.031134 0.154157 0.000000
0.060309 113.777802 89.777779 -0.186088 0.402455 0.000000
0.052672 113.777802 95.111107 -0.000142 0.185194 0.000000
0.042489 128.000000 105.777802 0.495715 0.371419 0.000000
0.039943 147.555603 114.666702 0.681664 0.309344 0.000000
0.065400 188.444397 123.555603 1.425446 0.309344 1.000000
0.039943 225.777802 124.444397 1.301487 0.030005 1.000000
0.037397 265.777802 121.777802 1.394458 -0.094138 2.000000
0.001757 265.777802 121.777802 -0.000142 -0.001029 2.000000
0.019577 304.000000 119.111099 1.332475 -0.094141 2.000000
0.042489 336.000000 119.111099 1.115538 -0.001029 2.000000
0.045035 358.222198 127.111099 0.774635 0.278306 2.000000
0.042489 369.777802 140.444397 0.402744 0.464528 2.000000
0.032306 374.222198 157.333298 0.154812 0.588678 2.000000
0.014486 374.222198 165.333298 -0.000142 0.278306 2.000000
0.009394 371.555511 174.222198 -0.093116 0.309344 1.000000
0.014486 368.000000 183.111099 -0.124105 0.309344 1.000000
0.009394 363.555511 192.888901 -0.155099 0.340381 0.000000
0.017032 354.666687 214.222198 -0.310051 0.743862 0.000000
0.039943 345.777802 239.111099 -0.310053 0.868013 0.000000
0.045035 342.222198 262.222198 -0.124108 0.805938 0.000000
0.019577 342.222198 270.222198 -0.000142 0.278306 0.000000
-0.005880 342.222198 270.222198 -0.000142 -0.001029 0.000000
0.001757 342.222198 276.444489 -0.000142 0.216234 0.000000
0.001757 343.111115 280.000000 0.030850 0.123119 0.000000
0.017032 344.888885 280.888885 0.061840 0.030009 0.000000
0.006849 348.444489 280.000000 0.123824 -0.032066 0.000000
0.017032 352.000000 275.555511 0.123821 -0.156216 0.000000
0.006849 357.333313 268.444489 0.185804 -0.249323 0.000000
0.019577 368.888885 248.000000 0.402743 -0.714885 0.000000
0.004303 368.888885 248.000000 -0.000142 -0.001029 0.000000
0.022123 382.222198 218.666702 0.464724 -1.025254 1.000000
0.006849 388.444489 201.777802 0.216798 -0.590735 1.000000
0.019577 392.000000 184.000000 0.123821 -0.621773 2.000000
0.004303 394.666687 168.000000 0.092832 -0.559698 2.000000
0.017032 394.666687 154.666702 -0.000142 -0.466585 2.000000
0.006849 392.888885 144.000000 -0.062125 -0.373476 2.000000
0.019577 388.444489 134.222198 -0.155096 -0.342438 2.000000
0.042489 374.222198 120.000000 -0.496002 -0.497623 2.000000
0.057763 352.888885 104.000000 -0.743928 -0.559698 2.000000
0.032306 342.222198 96.000000 -0.372036 -0.280363 2.000000
0.052672 333.333313 89.777779 -0.310053 -0.218289 2.000000
0.004303 331.555511 88.000000 -0.062125 -0.063103 1.000000
0.017032 329.777802 87.111107 -0.062122 -0.032066 1.000000
0.004303 328.888885 86.222221 -0.031134 -0.032066 0.000000
0.001757 328.888885 86.222221 -0.000142 -0.001029 0.000000
0.011940 330.666687 86.222221 0.061841 -0.001029 0.000000
0.004303 335.111115 87.111107 0.154813 0.030009 0.000000
0.014486 342.222198 88.888893 0.247786 0.061046 0.000000
0.001757 351.111115 91.555557 0.309770 0.092083 0.000000
0.017032 362.666687 94.222221 0.402743 0.092083 0.000000
0.004303 375.111115 96.000000 0.433733 0.061046 0.000000
0.004303 375.111115 96.000000 -0.000142 -0.001029 0.000000
0.014486 400.888885 100.444397 0.898600 0.154156 0.000000
0.004303 400.888885 100.444397 -0.000142 -0.001029 0.000000
0.019577 426.666687 104.888901 0.898601 0.154159 0.000000
0.006849 439.111115 107.555603 0.433733 0.092084 0.000000
0.017032 450.666687 112.000000 0.402743 0.154156 0.000000
0.004303 450.666687 112.000000 -0.000142 -0.001029 0.000000
0.014486 469.333313 122.666702 0.650670 0.371419 0.000000
0.001757 469.333313 122.666702 -0.000142 -0.001029 0.000000
0.004303 476.444489 131.555603 0.247789 0.309344 1.000000
0.017032 481.777802 141.333298 0.185804 0.340378 1.000000
0.039943 482.666687 183.111099 0.030849 1.457720 1.000000
0.004303 482.666687 183.111099 -0.000142 -0.001029 2.000000
0.014486 476.444489 198.222198 -0.217079 0.526603 2.000000
0.052672 446.222198 237.333298 -1.053842 1.364607 2.000000
0.047580 417.777802 253.333298 -0.991856 0.557641 2.000000
0.032306 388.444489 262.222198 -1.022848 0.309344 2.000000
0.042489 360.000000 269.333313 -0.991859 0.247269 2.000000
0.004303 344.888885 275.555511 -0.526991 0.216231 1.000000
0.039943 315.555511 289.777802 -1.022850 0.495569 1.000000
0.011940 302.222198 296.888885 -0.465008 0.247268 0.000000
0.014486 291.555511 304.000000 -0.372036 0.247269 0.000000
0.042489 275.555511 314.666687 -0.557982 0.371418 0.000000
0.045035 269.333313 320.000000 -0.217079 0.185194 0.000000
0.039943 271.111115 320.000000 0.061841 -0.001029 0.000000
0.042489 279.111115 317.333313 0.278778 -0.094141 0.000000
0.042489 290.666687 309.333313 0.402743 -0.280363 0.000000
0.037397 302.222198 296.888885 0.402741 -0.435548 0.000000
0.060309 322.666687 268.444489 0.712655 -0.994217 1.000000
0.034852 339.555511 248.000000 0.588687 -0.714885 2.000000
0.050126 359.111115 230.222198 0.681664 -0.621773 2.000000
0.047580 377.777802 221.333298 0.650672 -0.311401 2.000000
0.014486 392.000000 220.444397 0.495715 -0.032066 2.000000
0.014486 396.444489 224.000000 0.154815 0.123122 2.000000
0.032306 399.111115 229.333298 0.092830 0.185193 2.000000
0.052672 392.888885 261.333313 -0.217080 1.116310 2.000000
0.055218 366.222198 304.000000 -0.929876 1.488757 0.000000
0.037397 358.222198 317.333313 -0.279062 0.464528 0.000000
0.032306 344.000000 341.333313 -0.495999 0.836975 0.000000
0.024669 332.444489 364.444489 -0.403025 0.805940 0.000000
0.014486 326.222198 376.000000 -0.217082 0.402453 0.000000
0.039943 311.111115 397.333313 -0.526990 0.743863 0.000000
0.047580 293.333313 413.333313 -0.619965 0.557641 0.000000
0.045035 278.222198 419.555511 -0.526991 0.216231 0.000000
0.006849 272.888885 418.666687 -0.186088 -0.032063 0.000000
0.022123 267.555511 405.333313 -0.186090 -0.466588 0.000000
0.006849 266.666687 392.000000 -0.031131 -0.466585 1.000000
0.019577 265.777802 375.111115 -0.031133 -0.590735 2.000000
0.006849 265.777802 353.777802 -0.000142 -0.745920 2.000000
0.019577 265.777802 328.888885 -0.000142 -0.870070 2.000000
0.004303 264.888885 302.222198 -0.031134 -0.932145 2.000000
0.019577 264.000000 275.555511 -0.031133 -0.932145 2.000000
0.001757 261.333313 250.666702 -0.093116 -0.870067 2.000000
0.019577 250.666702 215.111099 -0.372034 -1.242517 2.000000
0.004303 250.666702 215.111099 -0.000142 -0.001029 2.000000
0.022123 234.666702 195.555603 -0.557982 -0.683844 2.000000
0.004303 234.666702 195.555603 -0.000142 -0.001029 2.000000
0.019577 218.666702 185.777802 -0.557982 -0.342438 2.000000
0.060309 205.333298 180.444397 -0.465011 -0.187254 2.000000
0.009394 192.888901 178.666702 -0.434016 -0.063100 1.000000
0.017032 185.777802 178.666702 -0.248071 -0.001029 1.000000
0.006849 177.777802 179.555603 -0.279062 0.030009 0.000000
0.017032 168.888901 182.222198 -0.310054 0.092080 0.000000
0.039943 146.666702 190.222198 -0.774919 0.278306 0.000000
0.042489 126.222198 201.777802 -0.712940 0.402456 0.000000
0.042489 112.000000 219.555603 -0.495999 0.619716 0.000000
0.039943 103.111099 244.444397 -0.310054 0.868009 0.000000
0.060309 94.222221 284.444489 -0.310053 1.395648 0.000000
0.032306 87.111107 312.000000 -0.248071 0.961122 0.000000
0.024669 82.666656 327.111115 -0.155098 0.526604 2.000000
0.014486 77.333344 343.111115 -0.186088 0.557641 2.000000
0.032306 70.222221 373.333313 -0.248071 1.054235 2.000000
0.047580 69.333344 393.777802 -0.031133 0.712828 2.000000
0.050126 75.555557 400.000000 0.216795 0.216231 2.000000
-0.000788 75.555557 400.000000 -0.000142 -0.001029 2.000000
-0.000788 80.888893 393.777802 0.185805 -0.218288 2.000000
0.011940 88.000000 384.000000 0.247787 -0.342438 2.000000
0.001757 97.777779 369.777802 0.340760 -0.497623 2.000000
0.017032 109.333298 352.000000 0.402741 -0.621773 2.000000
0.001757 124.444397 330.666687 0.526706 -0.745920 2.000000
0.004303 124.444397 330.666687 -0.000142 -0.001029 2.000000
0.017032 162.666702 279.111115 1.332479 -1.801185 1.000000
0.004303 184.000000 251.555603 0.743643 -0.963179 1.000000
0.014486 206.222198 226.666702 0.774635 -0.870070 0.000000
0.001757 206.222198 226.666702 -0.000142 -0.001029 0.000000
0.014486 251.555603 187.555603 1.580407 -1.366664 0.000000
0.001757 251.555603 187.555603 -0.000142 -0.001029 0.000000
0.022123 289.777802 162.666702 1.332475 -0.870070 0.000000
0.004303 289.777802 162.666702 -0.000142 -0.001029 0.000000
0.022123 320.000000 145.777802 1.053555 -0.590735 0.000000
0.004303 333.333313 139.555603 0.464724 -0.218288 0.000000
0.024669 344.000000 136.000000 0.371752 -0.125179 0.000000
0.004303 352.888885 134.222198 0.309769 -0.063104 0.000000
0.022123 368.000000 133.333298 0.526707 -0.032066 0.000000
0.001757 368.000000 133.333298 -0.000142 -0.001029 0.000000
0.022123 379.555511 136.888901 0.402741 0.123122 0.000000
0.001757 385.777802 141.333298 0.216798 0.154156 0.000000
0.009394 392.000000 145.777802 0.216795 0.154159 1.000000
0.017032 397.333313 151.111099 0.185804 0.185193 1.000000
0.034852 407.111115 160.000000 0.340761 0.309344 1.000000
0.011940 411.555511 164.444397 0.154812 0.154156 2.000000
0.022123 416.888885 168.000000 0.185806 0.123122 2.000000
0.009394 420.444489 170.666702 0.123824 0.092084 2.000000
0.019577 424.000000 172.444397 0.123821 0.061043 2.000000
0.037397 428.444489 173.333298 0.154815 0.030009 2.000000
0.042489 424.888885 165.333298 -0.124108 -0.280363 2.000000
0.045035 411.555511 151.111099 -0.465010 -0.497623 2.000000
0.042489 391.111115 132.444397 -0.712936 -0.652811 2.000000
0.004303 378.666687 122.666702 -0.434017 -0.342435 1.000000
0.017032 365.333313 113.777802 -0.465010 -0.311401 1.000000
0.004303 351.111115 104.888901 -0.495999 -0.311401 0.000000
0.037397 322.666687 88.000000 -0.991857 -0.590735 0.000000
0.006849 322.666687 88.000000 -0.000142 -0.001029 0.000000
0.014486 294.222198 73.777779 -0.991859 -0.497623 0.000000
0.039943 266.666687 64.888893 -0.960865 -0.311400 0.000000
0.045035 243.555603 62.222221 -0.805910 -0.094140 0.000000
0.052672 227.555603 64.000000 -0.557982 0.061046 0.000000
0.034852 219.555603 74.666656 -0.279062 0.371417 0.000000
0.050126 216.888901 108.444397 -0.093117 1.178383 1.000000
0.034852 216.000000 141.333298 -0.031134 1.147347 1.000000
0.052672 211.555603 174.222198 -0.155096 1.147347 2.000000
-0.003334 208.000000 189.333298 -0.124108 0.526603 2.000000
0.001757 208.000000 189.333298 -0.000142 -0.001029 2.000000
0.014486 203.555603 203.555603 -0.155096 0.495569 2.000000
0.001757 198.222198 216.000000 -0.186091 0.433490 2.000000
0.014486 192.000000 227.555603 -0.217079 0.402456 2.000000
0.001757 184.888901 238.222198 -0.248071 0.371415 2.000000
0.001757 178.666702 246.222198 -0.217079 0.278306 2.000000
0.014486 172.444397 253.333298 -0.217083 0.247268 2.000000
0.004303 172.444397 253.333298 -0.000142 -0.001029 2.000000
0.014486 163.555603 262.222198 -0.310050 0.309344 2.000000
0.001757 163.555603 262.222198 -0.000142 -0.001029 2.000000
0.001757 158.222198 264.888885 -0.186091 0.092084 2.000000
0.011940 152.000000 266.666687 -0.217079 0.061047 2.000000
0.001757 144.888901 267.555511 -0.248071 0.030006 2.000000
0.017032 123.555603 267.555511 -0.743928 -0.001029 1.000000
0.006849 123.555603 267.555511 -0.000142 -0.001029 1.000000
0.011940 111.111099 265.777802 -0.434020 -0.063101 1.000000
0.001757 98.666656 263.111115 -0.434018 -0.094141 0.000000
0.004303 86.222221 258.666687 -0.434017 -0.156214 0.000000
0.019577 76.444443 252.444397 -0.341044 -0.218291 0.000000
0.004303 67.555557 244.444397 -0.310053 -0.280363 0.000000
0.014486 59.555561 234.666702 -0.279062 -0.342435 0.000000
0.001757 54.222221 223.111099 -0.186089 -0.404514 0.000000
0.004303 54.222221 223.111099 -0.000142 -0.001029 0.000000
0.011940 48.888889 203.555603 -0.186089 -0.683844 0.000000
0.004303 48.888889 203.555603 -0.000142 -0.001029 0.000000
0.017032 47.111111 191.111099 -0.062124 -0.435551 0.000000
0.001757 47.111111 191.111099 -0.000142 -0.001029 0.000000
0.017032 45.333328 184.000000 -0.062125 -0.249326 0.000000
0.011940 45.333328 184.000000 -0.000142 -0.001029 0.000000
0.019577 45.333328 181.333298 -0.000142 -0.094141 0.000000
0.006849 45.333328 180.444397 -0.000142 -0.032066 0.000000
0.019577 45.333328 178.666702 -0.000142 -0.063100 1.000000
0.045035 52.444439 168.888901 0.247787 -0.342438 1.000000
0.045035 80.888893 144.888901 0.991574 -0.839032 2.000000
0.042489 110.222198 129.777802 1.022563 -0.528660 2.000000
0.039943 141.333298 120.000000 1.084546 -0.342438 2.000000
0.042489 168.888901 114.666702 0.960584 -0.187250 2.000000
0.060309 200.000000 113.777802 1.084546 -0.032066 2.000000
0.039943 214.222198 114.666702 0.495715 0.030009 2.000000
0.006849 218.666702 116.444397 0.154815 0.061043 0.000000
0.017032 222.222198 118.222198 0.123820 0.061047 0.000000
0.001757 224.888901 120.888901 0.092832 0.092084 0.000000
0.014486 227.555603 124.444397 0.092832 0.123118 0.000000
0.055218 234.666702 136.000000 0.247786 0.402456 0.000000
0.034852 245.333298 153.777802 0.371749 0.619716 0.000000
-0.000788 250.666702 163.555603 0.185807 0.340381 0.000000
0.034852 262.222198 182.222198 0.402740 0.650750 0.000000
0.052672 272.000000 199.111099 0.340761 0.588678 0.000000
0.001757 276.444489 206.222198 0.154815 0.247268 0.000000
0.017032 279.111115 214.222198 0.092830 0.278306 0.000000
-0.000788 280.888885 222.222198 0.061840 0.278306 1.000000
0.034852 283.555511 239.111099 0.092830 0.588678 1.000000
0.032306 285.333313 257.777802 0.061841 0.650753 2.000000
0.022123 286.222198 267.555511 0.030849 0.340378 2.000000
0.014486 286.222198 276.444489 -0.000142 0.309346 2.000000
0.034852 286.222198 291.555511 -0.000142 0.526600 2.000000
0.060309 282.666687 309.333313 -0.124105 0.619716 2.000000
0.039943 278.222198 319.111115 -0.155099 0.340381 2.000000
0.004303 275.555511 323.555511 -0.093116 0.154156 2.000000
0.019577 273.777802 327.111115 -0.062122 0.123122 2.000000
0.004303 272.000000 331.555511 -0.062125 0.154156 2.000000
0.019577 270.222198 335.111115 -0.062125 0.123122 0.000000
0.006849 269.333313 338.666687 -0.031133 0.123121 0.000000
0.017032 269.333313 341.333313 -0.000142 0.092082 0.000000
0.006849 269.333313 343.111115 -0.000142 0.061047 0.000000
0.017032 269.333313 344.888885 -0.000142 0.061046 0.000000
0.001757 271.111115 344.888885 0.061841 -0.001029 0.000000
0.006849 273.777802 344.888885 0.092832 -0.001029 0.000000
0.014486 277.333313 344.888885 0.123821 -0.001029 0.000000
0.006849 282.666687 343.111115 0.185806 -0.063103 0.000000
0.014486 288.888885 338.666687 0.216795 -0.156214 0.000000
0.011940 296.000000 332.444489 0.247787 -0.218288 0.000000
0.014486 303.111115 325.333313 0.247787 -0.249328 0.000000
0.004303 312.000000 316.444489 0.309769 -0.311398 0.000000
0.014486 319.111115 305.777802 0.247787 -0.373475 0.000000
0.057763 331.555511 274.666687 0.433732 -1.087330 1.000000
0.037397 325.333313 256.888885 -0.217079 -0.621773 1.000000
0.019577 317.333313 249.777802 -0.279062 -0.249325 2.000000
0.014486 306.666687 243.555603 -0.372034 -0.218288 2.000000
0.032306 277.333313 234.666702 -1.022850 -0.311401 2.000000
0.057763 219.555603 225.777802 -2.014562 -0.311401 2.000000
0.034852 199.111099 225.777802 -0.712940 -0.001029 2.000000
0.019577 156.444397 229.333298 -1.487717 0.123118 2.000000
0.014486 133.333298 235.555603 -0.805911 0.216235 2.000000
0.034852 90.666656 251.555603 -1.487715 0.557641 2.000000
0.001757 74.666656 258.666687 -0.557982 0.247268 1.000000
0.039943 57.777779 269.333313 -0.588973 0.371416 0.000000
0.032306 56.888889 271.111115 -0.031133 0.061047 0.000000
0.050126 77.333344 267.555511 0.712654 -0.125179 0.000000
0.032306 112.888901 253.333298 1.239502 -0.497623 0.000000
0.055218 160.888901 235.555603 1.673378 -0.621769 0.000000
0.001757 189.333298 226.666702 0.991572 -0.311401 0.000000
0.019577 218.666702 218.666702 1.022567 -0.280363 0.000000
0.001757 248.000000 213.333298 1.022563 -0.187254 0.000000
0.004303 275.555511 209.777802 0.960581 -0.125175 0.000000
0.011940 300.444489 208.000000 0.867612 -0.063104 0.000000
-0.000788 300.444489 208.000000 -0.000142 -0.001029 0.000000
0.017032 343.111115 205.333298 1.487430 -0.094141 1.000000
0.001757 343.111115 205.333298 -0.000142 -0.001029 1.000000
-0.000788 361.777802 203.555603 0.650672 -0.063100 1.000000
0.011940 377.777802 202.666702 0.557698 -0.032066 2.000000
0.001757 391.111115 200.888901 0.464724 -0.063104 2.000000
-0.003334 391.111115 200.888901 -0.000142 -0.001029 2.000000
0.019577 412.444489 200.000000 0.743646 -0.032066 2.000000
0.006849 412.444489 200.000000 -0.000142 -0.001029 2.000000
0.014486 427.555511 200.000000 0.526704 -0.001029 2.000000
0.006849 432.000000 200.000000 0.154815 -0.001029 2.000000
0.019577 436.444489 200.000000 0.154815 -0.001029 2.000000
0.039943 442.666687 201.777802 0.216795 0.061047 2.000000
0.042489 448.000000 201.777802 0.185804 -0.001029 2.000000
0.047580 462.222198 196.444397 0.495715 -0.187254 1.000000
0.011940 462.222198 196.444397 -0.000142 -0.001029 1.000000
0.017032 476.444489 191.111099 0.495718 -0.187250 0.000000
0.042489 493.333313 185.777802 0.588687 -0.187250 0.000000
0.062855 516.444519 182.222198 0.805630 -0.125179 0.000000
0.006849 524.444519 182.222198 0.278778 -0.001029 0.000000
0.024669 530.666687 182.222198 0.216794 -0.001029 0.000000
0.017032 536.888916 182.222198 0.216796 -0.001029 0.000000
0.060309 552.000000 179.555603 0.526706 -0.094138 0.000000
0.037397 558.222229 172.444397 0.216796 -0.249329 0.000000
0.034852 559.111084 160.888901 0.030848 -0.404510 0.000000
0.060309 553.777771 142.222198 -0.186088 -0.652811 2.000000
0.042489 546.666687 130.666702 -0.248070 -0.404510 2.000000
0.042489 534.222229 118.222198 -0.434018 -0.435551 2.000000
0.037397 512.888916 104.888901 -0.743928 -0.466585 2.000000
0.039943 483.555511 88.888893 -1.022851 -0.559698 2.000000
0.042489 448.000000 75.555557 -1.239785 -0.466586 2.000000
0.062855 402.666687 67.555557 -1.580688 -0.280363 2.000000
0.006849 391.111115 67.555557 -0.403027 -0.001029 1.000000
0.017032 382.222198 68.444443 -0.310054 0.030009 1.000000
0.004303 374.222198 71.111107 -0.279062 0.092083 0.000000
0.017032 367.111115 74.666656 -0.248070 0.123120 0.000000
0.001757 361.777802 78.222221 -0.186088 0.123120 0.000000
0.019577 357.333313 82.666656 -0.155099 0.154157 0.000000
0.001757 352.888885 86.222221 -0.155097 0.123120 0.000000
0.004303 347.555511 89.777779 -0.186090 0.123120 0.000000
0.011940 341.333313 95.111107 -0.217079 0.185194 0.000000
0.001757 341.333313 95.111107 -0.000142 -0.001029 0.000000
0.017032 321.777802 111.111099 -0.681945 0.557640 0.000000
0.001757 321.777802 111.111099 -0.000142 -0.001029 0.000000
0.004303 306.666687 123.555603 -0.526991 0.433494 0.000000
0.011940 289.777802 136.888901 -0.588973 0.464528 0.000000
0.004303 273.777802 150.222198 -0.557982 0.464528 0.000000
0.014486 260.444489 161.777802 -0.465008 0.402456 0.000000
0.001757 250.666702 171.555603 -0.341045 0.340381 0.000000
0.014486 245.333298 178.666702 -0.186091 0.247268 0.000000
0.001757 241.777802 183.111099 -0.124105 0.154156 0.000000
0.006849 241.777802 184.000000 -0.000142 0.030009 0.000000
0.017032 241.777802 184.000000 -0.000142 -0.001029 2.000000
0.006849 245.333298 180.444397 0.123820 -0.125179 2.000000
0.014486 250.666702 175.111099 0.185807 -0.187250 2.000000
0.034852 263.111115 160.000000 0.433732 -0.528660 2.000000
0.055218 283.555511 137.777802 0.712652 -0.776957 2.000000
0.032306 290.666687 132.444397 0.247789 -0.187254 2.000000
0.067946 316.444489 124.444397 0.898601 -0.280363 2.000000
0.037397 333.333313 126.222198 0.588687 0.061047 2.000000
0.037397 342.222198 136.888901 0.309769 0.371419 0.000000
0.034852 338.666687 152.888901 -0.124105 0.557641 0.000000
0.001757 331.555511 160.888901 -0.248073 0.278306 0.000000
0.001757 331.555511 160.888901 -0.000142 -0.001029 0.000000
0.014486 309.333313 176.888901 -0.774919 0.557641 0.000000
0.004303 309.333313 176.888901 -0.000142 -0.001029 0.000000
0.014486 295.111115 184.888901 -0.495999 0.278306 0.000000
0.001757 280.888885 191.111099 -0.496000 0.216231 0.000000
0.006849 266.666687 197.333298 -0.495999 0.216231 0.000000
0.017032 252.444397 201.777802 -0.496002 0.154159 0.000000
0.004303 240.000000 204.444397 -0.434016 0.092080 0.000000
0.014486 228.444397 207.111099 -0.403028 0.092084 0.000000
0.001757 216.888901 208.000000 -0.403025 0.030009 0.000000
0.022123 195.555603 208.000000 -0.743928 -0.001029 0.000000
0.006849 195.555603 208.000000 -0.000142 -0.001029 0.000000
0.019577 180.444397 200.888901 -0.526994 -0.249326 0.000000
0.009394 177.777802 196.444397 -0.093113 -0.156217 1.000000
0.022123 177.777802 191.111099 -0.000142 -0.187250 2.000000
0.009394 179.555603 186.666702 0.061841 -0.156213 2.000000
0.019577 185.777802 182.222198 0.216795 -0.156217 2.000000
0.006849 194.666702 178.666702 0.309769 -0.125175 2.000000
0.022123 220.444397 173.333298 0.898597 -0.187254 2.000000
0.009394 236.444397 170.666702 0.557698 -0.094138 2.000000
0.022123 254.222198 169.777802 0.619681 -0.032066 2.000000
0.017032 271.111115 168.888901 0.588690 -0.032066 2.000000
0.047580 316.444489 168.888901 1.580406 -0.001029 2.000000
0.047580 343.111115 172.444397 0.929590 0.123118 2.000000
0.004303 355.555511 174.222198 0.433732 0.061047 2.000000
0.022123 366.222198 176.888901 0.371752 0.092084 1.000000
0.004303 376.888885 177.777802 0.371752 0.030009 0.000000
0.019577 393.777802 177.777802 0.588690 -0.001029 0.000000
0.047580 401.777802 177.777802 0.278778 -0.001029 0.000000
0.045035 400.888885 174.222198 -0.031134 -0.125179 0.000000
0.047580 390.222198 168.000000 -0.372036 -0.218288 0.000000
0.052672 359.111115 153.777802 -1.084830 -0.497623 0.000000
0.055218 326.222198 139.555603 -1.146814 -0.497623 0.000000
0.027215 287.111115 122.666702 -1.363750 -0.590735 1.000000
0.052672 224.888901 101.333298 -2.169520 -0.745923 2.000000
0.011940 224.888901 101.333298 -0.000142 -0.001029 2.000000
0.019577 190.222198 92.444443 -1.208797 -0.311399 2.000000
0.006849 190.222198 92.444443 -0.000142 -0.001029 2.000000
0.019577 164.444397 85.333344 -0.898885 -0.249326 2.000000
0.045035 144.888901 80.000000 -0.681944 -0.187252 2.000000
0.047580 121.777802 76.444443 -0.805911 -0.125177 2.000000
0.006849 121.777802 76.444443 -0.000142 -0.001029 2.000000
0.024669 107.555603 78.222221 -0.495999 0.061046 2.000000
0.004303 102.222198 80.000000 -0.186091 0.061046 2.000000
0.017032 98.666656 82.666656 -0.124106 0.092083 0.000000
0.006849 96.888893 83.555557 -0.062124 0.030009 0.000000
0.017032 96.000000 84.444443 -0.031133 0.030009 0.000000
0.011940 95.111107 85.333344 -0.031133 0.030009 0.000000
0.019577 95.111107 85.333344 -0.000142 -0.001029 0.000000
0.022123 95.111107 85.333344 -0.000142 -0.001029 0.000000
0.009394 94.222221 86.222221 -0.031133 0.030008 0.000000
0.027215 92.444443 88.000000 -0.062124 0.061046 0.000000
0.006849 90.666656 88.888893 -0.062125 0.030009 0.000000
0.024669 86.222221 92.444443 -0.155097 0.123120 0.000000
0.011940 85.333344 93.333344 -0.031133 0.030009 0.000000
0.027215 81.777779 95.111107 -0.124107 0.061045 0.000000
0.029760 79.111107 96.888893 -0.093116 0.061046 1.000000
0.052672 65.777779 110.222198 -0.465009 0.464528 2.000000
0.050126 56.000000 125.333298 -0.341044 0.526603 2.000000
0.037397 49.777779 143.111099 -0.217080 0.619716 2.000000
0.042489 48.000000 162.666702 -0.062124 0.681791 2.000000
0.052672 52.444439 191.111099 0.154813 0.992159 2.000000
0.019577 54.222221 201.777802 0.061840 0.371419 2.000000
0.011940 54.222221 213.333298 -0.000142 0.402453 2.000000
0.019577 53.333328 242.666702 -0.031133 1.023201 2.000000
0.009394 53.333328 242.666702 -0.000142 -0.001029 2.000000
0.024669 48.000000 273.777802 -0.186089 1.085272 0.000000
0.009394 45.333328 287.111115 -0.093116 0.464528 0.000000
0.024669 40.888889 306.666687 -0.155098 0.681790 0.000000
0.024669 40.000000 312.000000 -0.031133 0.185194 0.000000
0.011940 40.000000 314.666687 -0.000142 0.092084 0.000000
0.022123 41.777779 314.666687 0.061840 -0.001029 0.000000
0.011940 44.444439 312.888885 0.092831 -0.063104 0.000000
0.022123 54.222221 299.555511 0.340760 -0.466588 0.000000
0.006849 59.555561 288.000000 0.185805 -0.404510 0.000000
0.022123 64.000000 274.666687 0.154813 -0.466585 0.000000
0.042489 73.777779 224.000000 0.340760 -1.770148 0.000000
0.009394 73.777779 224.000000 -0.000142 -0.001029 1.000000
0.017032 74.666656 210.666702 0.030849 -0.466585 1.000000
0.034852 71.111107 184.000000 -0.124106 -0.932145 2.000000
0.055218 63.111111 174.222198 -0.279062 -0.342438 2.000000
0.032306 49.777779 168.888901 -0.465009 -0.187250 2.000000
0.045035 33.777779 166.222198 -0.557982 -0.094141 2.000000
0.001757 24.888889 165.333298 -0.310053 -0.032066 2.000000
0.027215 16.000000 165.333298 -0.310053 -0.001029 2.000000
0.050126 -7.111111 170.666702 -0.805911 0.185197 1.000000
0.017032 -12.444440 176.888901 -0.186089 0.216231 0.000000
0.022123 -16.888889 183.111099 -0.155098 0.216231 0.000000
0.057763 -16.888889 210.666702 -0.000142 0.961126 0.000000
0.019577 -11.555560 219.555603 0.185804 0.309344 0.000000
0.050126 17.777781 239.111099 1.022565 0.681787 0.000000
0.047580 48.000000 242.666702 1.053555 0.123122 0.000000
0.042489 84.444443 245.333298 1.270493 0.092080 0.000000
0.006849 104.000000 248.888901 0.681662 0.123122 0.000000
0.014486 125.333298 254.222198 0.743643 0.185193 0.000000
0.006849 165.333298 268.444489 1.394458 0.495569 1.000000
0.019577 182.222198 274.666687 0.588689 0.216231 2.000000
0.001757 182.222198 274.666687 -0.000142 -0.001029 2.000000
0.011940 196.444397 280.888885 0.495715 0.216231 2.000000
0.001757 208.000000 285.333313 0.402744 0.154157 2.000000
0.001757 216.000000 288.000000 0.278778 0.092084 2.000000
0.014486 220.444397 290.666687 0.154812 0.092084 2.000000
-0.000788 220.444397 290.666687 -0.000142 -0.001029 2.000000
0.001757 223.111099 292.444489 0.092832 0.061047 2.000000
0.022123 222.222198 298.666687 -0.031134 0.216231 2.000000
0.011940 218.666702 303.111115 -0.124105 0.154157 2.000000
0.019577 214.222198 308.444489 -0.155100 0.185196 2.000000
0.024669 208.888901 318.222198 -0.186088 0.340378 2.000000
0.060309 208.000000 324.444489 -0.031134 0.216234 2.000000
0.004303 208.000000 324.444489 -0.000142 -0.001029 0.000000
0.014486 209.777802 324.444489 0.061841 -0.001029 0.000000
0.037397 216.000000 317.333313 0.216795 -0.249328 0.000000
0.039943 224.888901 300.444489 0.309769 -0.590733 0.000000
0.060309 246.222198 255.111099 0.743643 -1.583927 0.000000
0.042489 269.333313 211.555603 0.805627 -1.521848 0.000000
0.001757 282.666687 189.333298 0.464726 -0.776961 0.000000
0.017032 296.888885 170.666702 0.495715 -0.652807 0.000000
0.006849 312.000000 155.555603 0.526707 -0.528660 0.000000
0.017032 327.111115 144.000000 0.526707 -0.404514 0.000000
0.001757 341.333313 135.111099 0.495715 -0.311401 0.000000
0.004303 352.888885 128.000000 0.402743 -0.249326 1.000000
0.014486 362.666687 122.666702 0.340761 -0.187250 1.000000
0.006849 369.777802 118.222198 0.247787 -0.156217 2.000000
0.017032 375.111115 115.555603 0.185804 -0.094138 2.000000
0.006849 378.666687 112.888901 0.123823 -0.094141 2.000000
0.014486 381.333313 112.000000 0.092830 -0.032066 2.000000
0.001757 383.111115 111.111099 0.061841 -0.032066 2.000000
0.014486 383.111115 111.111099 -0.000142 -0.001029 2.000000
-0.000788 383.111115 111.111099 -0.000142 -0.001029 2.000000
0.006849 374.222198 113.777802 -0.310054 0.092084 2.000000
0.014486 367.111115 117.333298 -0.248070 0.123118 2.000000
0.001757 367.111115 117.333298 -0.000142 -0.001029 2.000000
0.014486 356.444489 122.666702 -0.372034 0.185197 2.000000
0.042489 312.888885 145.777802 -1.518708 0.805938 2.000000
0.029760 295.111115 154.666702 -0.619964 0.309344 1.000000
0.011940 277.333313 162.666702 -0.619965 0.278306 1.000000
0.004303 261.333313 170.666702 -0.557982 0.278306 0.000000
0.017032 246.222198 178.666702 -0.526991 0.278306 0.000000
0.037397 218.666702 200.000000 -0.960864 0.743862 0.000000
0.060309 213.333298 214.222198 -0.186091 0.495565 0.000000
0.039943 216.888901 229.333298 0.123824 0.526603 0.000000
0.039943 228.444397 242.666702 0.402740 0.464532 0.000000
0.055218 249.777802 253.333298 0.743647 0.371415 0.000000
0.037397 266.666687 252.444397 0.588689 -0.032066 0.000000
0.037397 289.777802 242.666702 0.805627 -0.342435 1.000000
0.055218 319.111115 225.777802 1.022564 -0.590735 2.000000
0.034852 353.777802 205.333298 1.208512 -0.714886 2.000000
0.047580 406.222198 182.222198 1.828332 -0.807995 2.000000
0.052672 437.333313 177.777802 1.084547 -0.156213 2.000000
0.032306 460.444489 179.555603 0.805629 0.061047 2.000000
0.019577 469.333313 183.111099 0.309767 0.123118 2.000000
0.017032 475.555511 187.555603 0.216795 0.154159 2.000000
0.001757 480.888885 192.888901 0.185806 0.185193 1.000000
0.037397 488.888885 205.333298 0.278778 0.433490 0.000000
0.032306 491.555511 219.555603 0.092830 0.495569 0.000000
0.009394 491.555511 227.555603 -0.000142 0.278306 0.000000
0.019577 491.555511 235.555603 -0.000142 0.278306 0.000000
0.042489 486.222198 253.333298 -0.186088 0.619712 0.000000
0.004303 484.444489 263.111115 -0.062122 0.340382 0.000000
0.019577 481.777802 272.888885 -0.093116 0.340380 0.000000
0.039943 477.333313 290.666687 -0.155099 0.619716 0.000000
0.057763 472.000000 312.000000 -0.186088 0.743863 0.000000
0.006849 470.222198 318.222198 -0.062125 0.216231 0.000000
0.014486 468.444489 323.555511 -0.062122 0.185194 0.000000
0.006849 466.666687 328.000000 -0.062125 0.154159 1.000000
0.019577 464.888885 331.555511 -0.062125 0.123119 1.000000
0.006849 464.888885 334.222198 -0.000142 0.092084 2.000000
0.019577 464.000000 336.000000 -0.031133 0.061047 2.000000
0.039943 464.000000 336.000000 -0.000142 -0.001029 2.000000
-0.000788 464.000000 336.000000 -0.000142 -0.001029 2.000000
0.034852 462.222198 332.444489 -0.062125 -0.125176 2.000000
0.037397 455.111115 323.555511 -0.248070 -0.311403 2.000000
0.057763 438.222198 297.777802 -0.588974 -0.901104 2.000000
0.034852 430.222198 270.222198 -0.279062 -0.963183 2.000000
0.052672 428.444489 236.444397 -0.062122 -1.180442 0.000000
0.034852 428.444489 200.888901 -0.000142 -1.242514 0.000000
0.052672 428.444489 171.555603 -0.000142 -1.025254 0.000000
0.037397 424.000000 150.222198 -0.155099 -0.745923 0.000000
0.052672 409.777802 128.000000 -0.495999 -0.776957 0.000000
0.047580 397.333313 121.777802 -0.434019 -0.218288 0.000000
0.029760 380.444489 127.111099 -0.588971 0.185193 0.000000
-0.003334 380.444489 127.111099 -0.000142 -0.001029 0.000000
0.032306 355.555511 148.444397 -0.867896 0.743862 0.000000
-0.000788 340.444489 166.222198 -0.526988 0.619716 1.000000
0.037397 305.777802 207.111099 -1.208796 1.426682 1.000000
-0.000788 305.777802 207.111099 -0.000142 -0.001029 2.000000
0.001757 289.777802 229.333298 -0.557982 0.774900 2.000000
0.011940 276.444489 249.777802 -0.465008 0.712829 2.000000
0.001757 264.888885 269.333313 -0.403028 0.681788 2.000000
0.009394 254.222198 285.333313 -0.372036 0.557641 2.000000
0.001757 254.222198 285.333313 -0.000142 -0.001029 2.000000
0.001757 245.333298 299.555511 -0.310054 0.495565 2.000000
0.014486 235.555603 310.222198 -0.341041 0.371418 2.000000
0.006849 226.666702 320.000000 -0.310054 0.340381 2.000000
0.014486 216.888901 328.000000 -0.341045 0.278306 2.000000
0.004303 207.111099 336.888885 -0.341045 0.309343 2.000000
0.019577 197.333298 344.888885 -0.341045 0.278306 2.000000
0.001757 187.555603 354.666687 -0.341041 0.340381 2.000000
0.017032 173.333298 372.444489 -0.496003 0.619716 2.000000
0.004303 173.333298 372.444489 -0.000142 -0.001029 2.000000
0.006849 169.777802 379.555511 -0.124105 0.247266 2.000000
0.022123 168.000000 387.555511 -0.062125 0.278306 0.000000
0.019577 169.777802 388.444489 0.061841 0.030012 0.000000
0.004303 175.111099 388.444489 0.185803 -0.001029 0.000000
0.034852 190.222198 380.444489 0.526706 -0.280363 0.000000
0.039943 210.666702 363.555511 0.712655 -0.590738 0.000000
0.052672 235.555603 341.333313 0.867609 -0.776957 0.000000
0.034852 261.333313 318.222198 0.898598 -0.807995 0.000000
0.052672 302.222198 293.333313 1.425449 -0.870069 0.000000
0.034852 316.444489 288.000000 0.495718 -0.187251 0.000000
0.027215 344.000000 282.666687 0.960581 -0.187251 1.000000
0.014486 355.555511 281.777802 0.402741 -0.032066 1.000000
0.037397 374.222198 282.666687 0.650672 0.030009 2.000000
0.037397 383.111115 287.111115 0.309770 0.154157 2.000000
0.057763 377.777802 296.000000 -0.186088 0.309343 2.000000
0.034852 360.888885 298.666687 -0.588974 0.092084 2.000000
0.022123 350.222198 298.666687 -0.372036 -0.001029 2.000000
0.014486 339.555511 296.888885 -0.372036 -0.063104 2.000000
0.050126 319.111115 288.000000 -0.712936 -0.311400 2.000000
0.032306 303.111115 273.777802 -0.557982 -0.497623 2.000000
0.037397 288.888885 253.333298 -0.496000 -0.714886 0.000000
0.001757 280.888885 240.888901 -0.279062 -0.435547 0.000000
0.029760 261.333313 215.111099 -0.681947 -0.901108 0.000000
-0.000788 261.333313 215.111099 -0.000142 -0.001029 0.000000
-0.003334 249.777802 202.666702 -0.403025 -0.435547 0.000000
0.011940 238.222198 192.888901 -0.403028 -0.342438 0.000000
0.047580 217.777802 180.444397 -0.712936 -0.435551 0.000000
0.060309 201.777802 173.333298 -0.557982 -0.249326 0.000000
0.039943 199.111099 171.555603 -0.093117 -0.063100 0.000000
0.004303 199.111099 171.555603 -0.000142 -0.001029 0.000000
0.019577 199.111099 169.777802 -0.000142 -0.063104 0.000000
0.006849 200.000000 168.000000 0.030849 -0.063104 1.000000
0.019577 202.666702 164.444397 0.092832 -0.125179 1.000000
0.050126 217.777802 149.333298 0.526706 -0.528660 1.000000
0.009394 224.888901 143.111099 0.247786 -0.218288 2.000000
0.022123 233.777802 136.888901 0.309769 -0.218288 2.000000
0.047580 251.555603 128.000000 0.619681 -0.311401 2.000000
0.045035 272.888885 120.888901 0.743643 -0.249326 2.000000
0.045035 280.000000 121.777802 0.247787 0.030009 2.000000
0.019577 281.777802 125.333298 0.061841 0.123118 2.000000
0.057763 273.777802 141.333298 -0.279062 0.557641 2.000000
0.004303 265.777802 147.555603 -0.279062 0.216235 1.000000
0.017032 256.888885 156.444397 -0.310054 0.309340 0.000000
0.052672 234.666702 177.777802 -0.774919 0.743866 0.000000
0.029760 211.555603 208.000000 -0.805911 1.054235 0.000000
0.001757 201.777802 225.777802 -0.341045 0.619716 0.000000
0.039943 189.333298 265.777802 -0.434020 1.395644 0.000000
0.045035 183.111099 299.555511 -0.217079 1.178382 0.000000
0.045035 179.555603 323.555511 -0.124105 0.836975 0.000000
0.050126 171.555603 350.222198 -0.279062 0.930087 0.000000
0.019577 167.111099 358.222198 -0.155100 0.278306 1.000000
0.017032 161.777802 365.333313 -0.186088 0.247269 1.000000
0.024669 152.888901 373.333313 -0.310054 0.278306 2.000000
0.055218 149.333298 369.777802 -0.124108 -0.125176 2.000000
0.029760 148.444397 349.333313 -0.031134 -0.714885 2.000000
0.050126 152.888901 313.777802 0.154815 -1.242514 2.000000
0.011940 160.888901 261.333313 0.278778 -1.832224 2.000000
0.019577 166.222198 232.000000 0.185803 -1.025255 2.000000
0.009394 172.444397 203.555603 0.216795 -0.994217 2.000000
0.011940 179.555603 178.666702 0.247790 -0.870070 2.000000
0.004303 188.444397 158.222198 0.309766 -0.714886 2.000000
0.017032 198.222198 143.111099 0.340761 -0.528660 2.000000
0.004303 209.777802 130.666702 0.402744 -0.435547 0.000000
0.019577 221.333298 120.000000 0.402740 -0.373476 0.000000
0.001757 232.888901 112.888901 0.402744 -0.249326 0.000000
0.001757 232.888901 112.888901 -0.000142 -0.001029 0.000000
0.014486 255.111099 101.333298 0.774635 -0.404514 0.000000
0.006849 265.777802 97.777779 0.371752 -0.125176 0.000000
0.014486 275.555511 94.222221 0.340758 -0.125177 0.000000
0.001757 275.555511 94.222221 -0.000142 -0.001029 0.000000
0.017032 295.111115 88.000000 0.681664 -0.218289 0.000000
0.060309 311.111115 83.555557 0.557698 -0.156214 0.000000
0.045035 327.111115 79.111107 0.557698 -0.156215 0.000000
0.042489 328.888885 78.222221 0.061840 -0.032066 0.000000
0.042489 321.777802 79.111107 -0.248070 0.030009 0.000000
0.009394 312.888885 81.777779 -0.310054 0.092083 1.000000
0.022123 302.222198 85.333344 -0.372036 0.123120 1.000000
0.027215 274.666687 93.333344 -0.960865 0.278306 2.000000
0.006849 256.888885 98.666656 -0.619965 0.185194 2.000000
0.022123 237.333298 104.888901 -0.681948 0.216232 2.000000
0.004303 217.777802 111.111099 -0.681944 0.216231 2.000000
0.017032 197.333298 119.111099 -0.712940 0.278306 2.000000
0.004303 178.666702 126.222198 -0.650953 0.247268 2.000000
0.006849 161.777802 134.222198 -0.588974 0.278306 2.000000
0.014486 146.666702 141.333298 -0.526991 0.247268 2.000000
0.006849 133.333298 147.555603 -0.465011 0.216235 2.000000
0.017032 121.777802 152.000000 -0.403025 0.154156 2.000000
0.006849 112.000000 156.444397 -0.341045 0.154156 2.000000
0.019577 96.000000 161.777802 -0.557982 0.185197 1.000000
0.011940 96.000000 161.777802 -0.000142 -0.001029 0.000000
0.006849 88.888893 162.666702 -0.248071 0.030009 0.000000
-0.000788 83.555557 162.666702 -0.186089 -0.001029 0.000000
0.001757 79.111107 162.666702 -0.155098 -0.001029 0.000000
0.017032 76.444443 162.666702 -0.093115 -0.001029 0.000000
0.004303 74.666656 161.777802 -0.062125 -0.032066 0.000000
0.011940 73.777779 160.000000 -0.031133 -0.063104 0.000000
0.060309 79.111107 154.666702 0.185804 -0.187250 0.000000
0.037397 101.333298 141.333298 0.774634 -0.466589 0.000000
0.050126 120.888901 133.333298 0.681664 -0.280363 0.000000
0.037397 140.444397 131.555603 0.681660 -0.063100 0.000000
0.055218 162.666702 147.555603 0.774638 0.557641 1.000000
0.037397 166.222198 176.888901 0.123820 1.023197 1.000000
0.039943 165.333298 194.666702 -0.031134 0.619716 2.000000
0.057763 150.222198 256.000000 -0.526991 2.140535 2.000000
0.034852 136.888901 294.222198 -0.465008 1.333569 2.000000
0.004303 129.777802 310.222198 -0.248071 0.557641 2.000000
0.014486 120.888901 324.444489 -0.310054 0.495569 2.000000
0.060309 97.777779 360.888885 -0.805911 1.271494 2.000000
0.034852 89.777779 373.333313 -0.279062 0.433491 2.000000
0.034852 89.777779 375.111115 -0.000142 0.061047 0.000000
-0.000788 89.777779 375.111115 -0.000142 -0.001029 0.000000
0.045035 100.444397 363.555511 0.371749 -0.404514 0.000000
0.034852 120.000000 339.555511 0.681664 -0.839032 0.000000
0.052672 162.666702 279.111115 1.487432 -2.111555 0.000000
0.034852 192.888901 232.000000 1.053555 -1.645999 0.000000
0.052672 221.333298 197.333298 0.991572 -1.211480 0.000000
0.004303 234.666702 185.777802 0.464727 -0.404510 0.000000
0.019577 245.333298 177.777802 0.371749 -0.280363 0.000000
0.047580 270.222198 168.888901 0.867609 -0.311401 0.000000
0.045035 283.555511 172.444397 0.464724 0.123118 1.000000
0.042489 295.111115 188.444397 0.402744 0.557641 2.000000
0.055218 304.888885 211.555603 0.340760 0.805941 2.000000
0.039943 313.777802 247.111099 0.309770 1.240456 2.000000
0.037397 314.666687 258.666687 0.030849 0.402456 2.000000
0.004303 314.666687 269.333313 -0.000142 0.371416 2.000000
0.037397 314.666687 285.333313 -0.000142 0.557641 2.000000
0.039943 316.444489 292.444489 0.061841 0.247271 2.000000
0.047580 329.777802 286.222198 0.464724 -0.218291 0.000000
0.039943 345.777802 269.333313 0.557698 -0.590735 0.000000
0.042489 362.666687 242.666702 0.588689 -0.932142 0.000000
0.039943 380.444489 210.666702 0.619681 -1.118367 0.000000
0.004303 380.444489 210.666702 -0.000142 -0.001029 0.000000
0.029760 395.555511 185.777802 0.526704 -0.870070 0.000000
0.034852 404.444489 175.111099 0.309772 -0.373476 0.000000
0.060309 408.888885 175.111099 0.154812 -0.001029 0.000000
0.037397 407.111115 186.666702 -0.062124 0.402456 0.000000
0.006849 403.555511 194.666702 -0.124108 0.278306 1.000000
0.017032 398.222198 203.555603 -0.186088 0.309344 2.000000
0.006849 392.888885 213.333298 -0.186088 0.340378 2.000000
0.014486 386.666687 224.000000 -0.217079 0.371419 2.000000
0.055218 369.777802 261.333313 -0.588973 1.302532 2.000000
0.001757 369.777802 261.333313 -0.000142 -0.001029 2.000000
0.011940 365.333313 275.555511 -0.155099 0.495565 2.000000
0.057763 358.222198 312.888885 -0.248071 1.302534 2.000000
0.037397 356.444489 333.333313 -0.062122 0.712826 2.000000
0.001757 355.555511 340.444489 -0.031136 0.247271 2.000000
0.014486 354.666687 345.777802 -0.031131 0.185194 2.000000
0.001757 353.777802 349.333313 -0.031133 0.123119 2.000000
0.004303 353.777802 349.333313 -0.000142 -0.001029 2.000000
0.017032 353.777802 352.888885 -0.000142 0.123121 0.000000
0.009394 352.888885 352.888885 -0.031134 -0.001029 0.000000
0.011940 352.888885 352.888885 -0.000142 -0.001029 0.000000
0.001757 352.888885 352.888885 -0.000142 -0.001029 0.000000
0.014486 352.888885 351.111115 -0.000142 -0.063103 0.000000
0.004303 353.777802 347.555511 0.030850 -0.125179 0.000000
0.004303 356.444489 343.111115 0.092832 -0.156213 0.000000
0.011940 360.000000 336.888885 0.123821 -0.218289 0.000000
0.009394 365.333313 330.666687 0.185804 -0.218288 0.000000
0.022123 376.000000 318.222198 0.371752 -0.435551 0.000000
0.004303 376.000000 318.222198 -0.000142 -0.001029 0.000000
0.022123 389.333313 306.666687 0.464724 -0.404510 0.000000
0.045035 401.777802 294.222198 0.433735 -0.435551 0.000000
0.045035 411.555511 280.888885 0.340758 -0.466585 0.000000
0.004303 415.111115 274.666687 0.123824 -0.218288 1.000000
0.019577 417.777802 267.555511 0.092832 -0.249328 1.000000
0.004303 417.777802 261.333313 -0.000142 -0.218288 2.000000
0.022123 410.666687 249.777802 -0.248071 -0.404510 2.000000
0.039943 393.777802 243.555603 -0.588973 -0.218288 2.000000
0.060309 368.888885 239.111099 -0.867894 -0.156217 2.000000
0.039943 335.111115 235.555603 -1.177804 -0.125175 2.000000
0.034852 282.666687 232.888901 -1.828617 -0.094141 2.000000
0.062855 252.444397 236.444397 -1.053842 0.123118 2.000000
0.039943 230.222198 243.555603 -0.774919 0.247272 2.000000
0.019577 216.888901 253.333298 -0.465008 0.340378 0.000000
0.004303 216.888901 253.333298 -0.000142 -0.001029 0.000000
0.042489 215.111099 263.111115 -0.062125 0.340382 0.000000
0.037397 224.888901 270.222198 0.340761 0.247268 0.000000
0.062855 253.333298 270.222198 0.991572 -0.001029 0.000000
0.039943 276.444489 261.333313 0.805629 -0.311400 0.000000
0.037397 301.333313 247.111099 0.867607 -0.497623 0.000000
0.052672 334.222198 220.444397 1.146529 -0.932145 0.000000
0.034852 352.000000 198.222198 0.619681 -0.776957 0.000000
0.001757 352.000000 198.222198 -0.000142 -0.001029 1.000000
0.045035 362.666687 172.444397 0.371752 -0.901108 2.000000
0.022123 361.777802 167.111099 -0.031133 -0.187250 2.000000
0.050126 349.333313 156.444397 -0.434019 -0.373476 2.000000
0.019577 326.222198 146.666702 -0.805911 -0.342435 2.000000
0.037397 298.666687 138.666702 -0.960865 -0.280363 2.000000
0.027215 282.666687 135.111099 -0.557982 -0.125179 2.000000
0.039943 229.333298 129.777802 -1.859611 -0.187250 2.000000
0.032306 213.333298 129.777802 -0.557982 -0.001029 2.000000
0.024669 185.777802 129.777802 -0.960864 -0.001029 0.000000
0.034852 174.222198 130.666702 -0.403028 0.030009 0.000000
0.037397 152.888901 131.555603 -0.743928 0.030009 0.000000
0.034852 135.111099 132.444397 -0.619965 0.030005 0.000000
0.032306 120.888901 133.333298 -0.495999 0.030009 0.000000
0.055218 109.333298 135.111099 -0.403028 0.061047 0.000000
0.039943 107.555603 138.666702 -0.062121 0.123122 0.000000
0.039943 111.111099 143.111099 0.123820 0.154156 0.000000
0.037397 126.222198 144.000000 0.526706 0.030009 0.000000
0.009394 136.888901 143.111099 0.371752 -0.032066 1.000000
0.014486 150.222198 137.777802 0.464723 -0.187250 2.000000
0.006849 165.333298 131.555603 0.526706 -0.218288 2.000000
0.039943 196.444397 114.666702 1.084546 -0.590735 2.000000
0.039943 227.555603 96.000000 1.084550 -0.652811 2.000000
0.045035 252.444397 79.111107 0.867606 -0.590735 2.000000
0.006849 261.333313 72.000000 0.309770 -0.249326 2.000000
0.017032 265.777802 67.555557 0.154815 -0.156214 2.000000
0.045035 270.222198 64.000000 0.154812 -0.125177 2.000000
0.047580 268.444489 64.888893 -0.062122 0.030009 2.000000
0.011940 264.000000 69.333344 -0.155099 0.154158 0.000000
0.017032 257.777802 75.555557 -0.217079 0.216231 0.000000
0.006849 248.000000 84.444443 -0.341045 0.309343 0.000000
0.014486 236.444397 95.111107 -0.403028 0.371417 0.000000
0.006849 223.111099 107.555603 -0.465008 0.433494 0.000000
0.017032 208.888901 120.000000 -0.495999 0.433490 0.000000
0.009394 192.888901 136.000000 -0.557982 0.557641 0.000000
0.014486 156.444397 168.888901 -1.270780 1.147347 0.000000
0.006849 156.444397 168.888901 -0.000142 -0.001029 0.000000
0.014486 136.000000 187.555603 -0.712936 0.650753 0.000000
0.006849 116.444397 206.222198 -0.681948 0.650750 0.000000
0.014486 84.444443 246.222198 -1.115821 1.395644 0.000000
0.001757 84.444443 246.222198 -0.000142 -0.001029 0.000000
0.004303 71.111107 264.888885 -0.465009 0.650753 0.000000
0.014486 59.555561 283.555511 -0.403026 0.650751 0.000000
0.004303 48.000000 300.444489 -0.403027 0.588681 0.000000
0.017032 37.333328 314.666687 -0.372036 0.495565 0.000000
0.009394 26.666670 328.000000 -0.372035 0.464528 1.000000
0.019577 18.666670 339.555511 -0.279062 0.402453 1.000000
0.006849 9.777778 353.777802 -0.310053 0.495569 2.000000
0.022123 8.000000 356.444489 -0.062124 0.092084 2.000000
0.039943 8.888889 357.333313 0.030849 0.030006 2.000000
0.065400 23.111111 338.666687 0.495716 -0.652808 2.000000
0.039943 39.111111 318.222198 0.557698 -0.714885 2.000000
0.045035 59.555561 294.222198 0.712654 -0.839032 2.000000
0.047580 84.444443 272.888885 0.867609 -0.745920 1.000000
0.019577 113.777802 257.777802 1.022565 -0.528660 0.000000
0.004303 113.777802 257.777802 -0.000142 -0.001029 0.000000
0.034852 144.000000 250.666702 1.053555 -0.249326 0.000000
0.042489 170.666702 249.777802 0.929592 -0.032066 0.000000
0.060309 206.222198 253.333298 1.239500 0.123118 0.000000
0.034852 227.555603 256.000000 0.743647 0.092084 0.000000
0.001757 236.444397 256.888885 0.309766 0.030009 0.000000
0.034852 253.333298 257.777802 0.588689 0.030010 0.000000
0.032306 266.666687 258.666687 0.464726 0.030009 0.000000
0.001757 266.666687 258.666687 -0.000142 -0.001029 0.000000
0.037397 279.111115 259.555511 0.433733 0.030006 1.000000
0.037397 293.333313 261.333313 0.495715 0.061047 1.000000
0.004303 300.444489 261.333313 0.247789 -0.001029 2.000000
0.011940 307.555511 261.333313 0.247784 -0.001029 2.000000
0.001757 307.555511 261.333313 -0.000142 -0.001029 2.000000
0.017032 321.777802 261.333313 0.495718 -0.001029 2.000000
0.006849 328.000000 261.333313 0.216795 -0.001029 2.000000
0.052672 346.666687 264.000000 0.650672 0.092084 2.000000
0.024669 352.888885 265.777802 0.216795 0.061047 2.000000
0.037397 365.333313 269.333313 0.433733 0.123119 2.000000
0.004303 365.333313 269.333313 -0.000142 -0.001029 2.000000
0.032306 379.555511 271.111115 0.495715 0.061047 2.000000
0.004303 386.666687 271.111115 0.247789 -0.001029 0.000000
0.014486 394.666687 271.111115 0.278778 -0.001029 0.000000
0.052672 416.000000 265.777802 0.743644 -0.187251 0.000000
0.004303 416.000000 265.777802 -0.000142 -0.001029 0.000000
0.014486 427.555511 261.333313 0.402741 -0.156216 0.000000
0.052672 437.333313 256.888885 0.340761 -0.156214 0.000000
0.052672 451.555511 248.888901 0.495715 -0.280363 0.000000
0.004303 451.555511 248.888901 -0.000142 -0.001029 0.000000
0.014486 463.111115 240.888901 0.402744 -0.280363 0.000000
0.055218 475.555511 230.222198 0.433732 -0.373476 0.000000
0.032306 488.000000 216.888901 0.433735 -0.466585 0.000000
0.037397 496.000000 201.777802 0.278778 -0.528660 1.000000
0.001757 496.000000 201.777802 -0.000142 -0.001029 1.000000
0.032306 499.555511 176.000000 0.123821 -0.901108 2.000000
0.060309 499.555511 157.333298 -0.000142 -0.652811 2.000000
0.034852 498.666687 138.666702 -0.031131 -0.652807 2.000000
0.006849 497.777802 129.777802 -0.031133 -0.311401 2.000000
0.019577 496.888885 121.777802 -0.031134 -0.280363 2.000000
0.042489 495.111115 109.333298 -0.062124 -0.435551 2.000000
0.037397 491.555511 102.222198 -0.124108 -0.249326 2.000000
0.039943 476.444489 99.555557 -0.526988 -0.094139 1.000000
0.004303 476.444489 99.555557 -0.000142 -0.001029 1.000000
0.019577 463.111115 106.666702 -0.465010 0.247270 0.000000
0.004303 463.111115 106.666702 -0.000142 -0.001029 0.000000
0.037397 448.888885 121.777802 -0.496000 0.526603 0.000000
0.039943 432.888885 141.333298 -0.557982 0.681787 0.000000
0.057763 400.888885 167.111099 -1.115822 0.899050 0.000000
0.032306 370.666687 178.666702 -1.053839 0.402456 0.000000
0.006849 352.000000 184.888901 -0.650956 0.216231 0.000000
0.034852 335.111115 190.222198 -0.588973 0.185193 0.000000
0.042489 300.444489 206.222198 -1.208794 0.557641 0.000000
0.034852 296.888885 209.777802 -0.124108 0.123122 0.000000
0.004303 295.111115 213.333298 -0.062124 0.123118 2.000000
0.017032 296.000000 213.333298 0.030849 -0.001029 2.000000
0.055218 310.222198 213.333298 0.495715 -0.001029 2.000000
0.034852 335.111115 212.444397 0.867610 -0.032066 2.000000
0.062855 386.666687 210.666702 1.797343 -0.063100 2.000000
0.027215 405.333313 211.555603 0.650670 0.030009 2.000000
0.050126 459.555511 218.666702 1.890315 0.247268 2.000000
0.029760 486.222198 219.555603 0.929592 0.030009 2.000000
-0.000788 486.222198 219.555603 -0.000142 -0.001029 2.000000
0.001757 496.000000 219.555603 0.340761 -0.001029 0.000000
0.019577 502.222198 217.777802 0.216795 -0.063104 0.000000
0.055218 506.666687 197.333298 0.154815 -0.714886 0.000000
-0.000788 506.666687 197.333298 -0.000142 -0.001029 0.000000
0.011940 492.444489 168.888901 -0.495999 -0.994217 0.000000
-0.000788 492.444489 168.888901 -0.000142 -0.001029 0.000000
0.014486 481.777802 152.888901 -0.372036 -0.559698 0.000000
0.001757 468.444489 136.000000 -0.465008 -0.590735 0.000000
0.001757 453.333313 120.888901 -0.526993 -0.528660 0.000000
0.014486 437.333313 108.444397 -0.557982 -0.435551 0.000000
0.004303 420.444489 97.777779 -0.588971 -0.373473 0.000000
0.014486 402.666687 88.888893 -0.619965 -0.311400 0.000000
0.004303 385.777802 82.666656 -0.588973 -0.218289 0.000000
0.001757 385.777802 82.666656 -0.000142 -0.001029 0.000000
0.014486 369.777802 76.444443 -0.557982 -0.218288 0.000000
0.004303 353.777802 72.000000 -0.557982 -0.156214 0.000000
0.019577 324.444489 64.888893 -1.022848 -0.249326 2.000000
0.001757 324.444489 64.888893 -0.000142 -0.001029 2.000000
0.014486 296.888885 62.222221 -0.960868 -0.094140 2.000000
0.004303 296.888885 62.222221 -0.000142 -0.001029 2.000000
0.004303 283.555511 62.222221 -0.465010 -0.001029 2.000000
0.017032 271.111115 64.000000 -0.434016 0.061046 2.000000
0.004303 258.666687 68.444443 -0.434017 0.154157 2.000000
0.017032 247.111099 72.888893 -0.403028 0.154158 2.000000
0.006849 236.444397 79.111107 -0.372037 0.216231 2.000000
0.017032 227.555603 85.333344 -0.310050 0.216232 2.000000
0.001757 220.444397 92.444443 -0.248074 0.247268 2.000000
0.017032 214.222198 100.444397 -0.217079 0.278304 2.000000
0.004303 209.777802 109.333298 -0.155096 0.309344 2.000000
0.017032 206.222198 128.000000 -0.124108 0.650753 1.000000
0.001757 206.222198 128.000000 -0.000142 -0.001029 1.000000
0.006849 206.222198 136.888901 -0.000142 0.309344 1.000000
0.022123 206.222198 156.444397 -0.000142 0.681787 0.000000
0.006849 206.222198 156.444397 -0.000142 -0.001029 0.000000
0.024669 207.111099 176.888901 0.030849 0.712829 0.000000
0.045035 203.555603 196.444397 -0.124105 0.681787 0.000000
0.047580 195.555603 216.000000 -0.279062 0.681791 0.000000
0.047580 173.333298 240.000000 -0.774923 0.836975 0.000000
0.045035 152.000000 252.444397 -0.743928 0.433490 0.000000
0.047580 125.333298 264.000000 -0.929877 0.402456 0.000000
0.042489 85.333344 277.333313 -1.394741 0.464528 0.000000
0.045035 63.111111 282.666687 -0.774920 0.185196 0.000000
0.037397 44.444439 284.444489 -0.650956 0.061047 0.000000
0.042489 30.222219 286.222198 -0.496000 0.061043 0.000000
0.039943 18.666670 289.777802 -0.403026 0.123122 0.000000
0.006849 12.444440 292.444489 -0.217080 0.092084 2.000000
0.037397 2.666667 297.777802 -0.341044 0.185194 2.000000
0.032306 -0.888889 299.555511 -0.124107 0.061043 2.000000
0.039943 -3.555556 300.444489 -0.093116 0.030012 2.000000
0.060309 3.555556 293.333313 0.247787 -0.249328 2.000000
0.034852 16.888889 275.555511 0.464724 -0.621773 2.000000
0.004303 24.888889 264.000000 0.278778 -0.404510 2.000000
0.014486 33.777779 251.555603 0.309769 -0.435547 2.000000
0.004303 41.777779 239.111099 0.278778 -0.435551 1.000000
0.014486 49.777779 227.555603 0.278778 -0.404510 0.000000
0.004303 56.888889 216.000000 0.247787 -0.404514 0.000000
0.037397 69.333344 193.777802 0.433734 -0.776957 0.000000
0.039943 80.888893 172.444397 0.402742 -0.745923 0.000000
0.045035 88.888893 153.777802 0.278778 -0.652807 0.000000
0.045035 93.333344 142.222198 0.154814 -0.404514 0.000000
0.004303 94.222221 137.777802 0.030849 -0.156213 0.000000
0.019577 94.222221 135.111099 -0.000142 -0.094141 0.000000
0.004303 94.222221 133.333298 -0.000142 -0.063104 0.000000
0.022123 94.222221 132.444397 -0.000142 -0.032066 0.000000
0.009394 94.222221 132.444397 -0.000142 -0.001029 0.000000
0.019577 94.222221 131.555603 -0.000142 -0.032062 0.000000
0.006849 94.222221 131.555603 -0.000142 -0.001029 0.000000
0.024669 95.111107 129.777802 0.030849 -0.063104 1.000000
0.009394 96.888893 128.000000 0.061840 -0.063104 2.000000
0.019577 102.222198 125.333298 0.185804 -0.094141 2.000000
0.017032 104.000000 124.444397 0.061841 -0.032066 2.000000
0.006849 107.555603 124.444397 0.123824 -0.001029 2.000000
0.001757 107.555603 124.444397 -0.000142 -0.001029 2.000000
0.022123 115.555603 132.444397 0.278778 0.278306 2.000000
0.057763 123.555603 150.222198 0.278778 0.619716 2.000000
0.037397 135.111099 182.222198 0.402740 1.116310 2.000000
0.037397 139.555603 192.888901 0.154815 0.371419 2.000000
0.062855 167.111099 237.333298 0.960580 1.550829 0.000000
0.045035 184.888901 260.444489 0.619681 0.805941 0.000000
0.042489 193.777802 269.333313 0.309769 0.309341 0.000000
0.014486 211.555603 280.000000 0.619681 0.371418 0.000000
0.004303 219.555603 281.777802 0.278778 0.061047 0.000000
0.037397 232.000000 281.777802 0.433732 -0.001029 0.000000
0.062855 240.000000 277.333313 0.278778 -0.156216 0.000000
0.039943 243.555603 270.222198 0.123824 -0.249326 0.000000
0.037397 246.222198 258.666687 0.092829 -0.404510 0.000000
0.050126 255.111099 228.444397 0.309769 -1.056295 0.000000
0.017032 259.555511 216.000000 0.154812 -0.435547 1.000000
0.001757 264.888885 203.555603 0.185806 -0.435547 1.000000
0.037397 277.333313 183.111099 0.433733 -0.714886 2.000000
0.004303 284.444489 174.222198 0.247789 -0.311401 2.000000
0.011940 290.666687 167.111099 0.216795 -0.249326 2.000000
0.001757 290.666687 167.111099 -0.000142 -0.001029 2.000000
0.001757 296.888885 160.000000 0.216795 -0.249326 2.000000
0.014486 304.000000 154.666702 0.247787 -0.187250 2.000000
-0.000788 311.111115 150.222198 0.247787 -0.156217 2.000000
0.014486 319.111115 146.666702 0.278778 -0.125175 2.000000
-0.000788 326.222198 144.888901 0.247786 -0.063104 2.000000
0.004303 326.222198 144.888901 -0.000142 -0.001029 2.000000
0.014486 340.444489 145.777802 0.495718 0.030009 2.000000
-0.000788 340.444489 145.777802 -0.000142 -0.001029 2.000000
0.014486 346.666687 151.111099 0.216795 0.185193 2.000000
0.001757 352.000000 157.333298 0.185804 0.216231 2.000000
0.001757 356.444489 166.222198 0.154815 0.309344 2.000000
0.017032 359.111115 176.888901 0.092830 0.371419 1.000000
0.006849 360.888885 188.444397 0.061840 0.402453 0.000000
0.009394 361.777802 201.777802 0.030850 0.464532 0.000000
0.001757 361.777802 201.777802 -0.000142 -0.001029 0.000000
0.050126 357.333313 244.444397 -0.155099 1.488753 0.000000
0.034852 352.000000 273.777802 -0.186088 1.023201 0.000000
0.037397 348.444489 298.666687 -0.124105 0.868012 0.000000
0.001757 348.444489 298.666687 -0.000142 -0.001029 0.000000
0.032306 348.444489 314.666687 -0.000142 0.557641 0.000000
0.057763 348.444489 328.000000 -0.000142 0.464528 0.000000
0.034852 348.444489 332.444489 -0.000142 0.154159 0.000000
0.004303 348.444489 334.222198 -0.000142 0.061043 1.000000
0.034852 348.444489 335.111115 -0.000142 0.030010 2.000000
0.032306 349.333313 336.000000 0.030847 0.030009 2.000000
0.060309 356.444489 336.000000 0.247789 -0.001029 2.000000
0.032306 364.444489 336.000000 0.278778 -0.001029 2.000000
0.052672 372.444489 335.111115 0.278778 -0.032066 2.000000
0.032306 380.444489 331.555511 0.278778 -0.125179 2.000000
0.052672 391.111115 322.666687 0.371750 -0.311398 2.000000
0.032306 397.333313 309.333313 0.216795 -0.466588 1.000000
0.009394 397.333313 309.333313 -0.000142 -0.001029 1.000000
0.004303 401.777802 299.555511 0.154815 -0.342438 0.000000
0.001757 408.000000 286.222198 0.216795 -0.466585 0.000000
0.042489 424.000000 250.666702 0.557698 -1.242514 0.000000
0.001757 432.888885 232.888901 0.309769 -0.621773 0.000000
0.011940 440.888885 216.888901 0.278778 -0.559698 0.000000
0.004303 440.888885 216.888901 -0.000142 -0.001029 0.000000
0.047580 455.111115 187.555603 0.495716 -1.025254 0.000000
0.045035 452.444489 180.444397 -0.093114 -0.249329 0.000000
0.045035 433.777802 179.555603 -0.650956 -0.032062 0.000000
0.045035 401.777802 188.444397 -1.115822 0.309340 0.000000
0.047580 331.555511 213.333298 -2.448442 0.868013 1.000000
0.029760 304.000000 225.777802 -0.960865 0.433494 1.000000
0.027215 250.666702 255.111099 -1.859608 1.023197 2.000000
-0.003334 229.333298 271.111115 -0.743931 0.557641 2.000000
0.045035 200.888901 298.666687 -0.991856 0.961125 2.000000
0.060309 192.888901 325.333313 -0.279062 0.930085 2.000000
0.039943 208.000000 330.666687 0.526706 0.185196 2.000000
0.039943 238.222198 325.333313 1.053555 -0.187253 2.000000
0.055218 278.222198 309.333313 1.394458 -0.559698 2.000000
0.019577 321.777802 287.111115 1.518424 -0.776957 0.000000
0.001757 321.777802 287.111115 -0.000142 -0.001029 0.000000
0.050126 379.555511 246.222198 2.014278 -1.428740 0.000000
0.039943 400.888885 219.555603 0.743646 -0.932141 0.000000
0.052672 404.444489 195.555603 0.123824 -0.839032 0.000000
0.034852 392.888885 173.333298 -0.403028 -0.776961 0.000000
0.055218 352.888885 146.666702 -1.394742 -0.932141 0.000000
0.032306 336.000000 140.444397 -0.588973 -0.218292 0.000000
0.034852 298.666687 133.333298 -1.301768 -0.249326 1.000000
0.001757 280.888885 131.555603 -0.619965 -0.063100 1.000000
0.001757 264.000000 130.666702 -0.588973 -0.032066 2.000000
0.029760 249.777802 129.777802 -0.495999 -0.032066 2.000000
0.029760 225.777802 128.000000 -0.836902 -0.063104 2.000000
0.060309 208.888901 126.222198 -0.588974 -0.063104 2.000000
0.039943 206.222198 126.222198 -0.093117 -0.001029 2.000000
