0.004303 68.444443 291.555511 -0.000142 0.061043 0.000000
0.017032 69.333344 292.444489 0.030849 0.030012 0.000000
0.001757 69.333344 294.222198 -0.000142 0.061043 0.000000
0.017032 70.222221 296.000000 0.030849 0.061047 0.000000
0.001757 71.111107 296.888885 0.030849 0.030009 0.000000
0.055218 72.888893 299.555511 0.061840 0.092082 0.000000
0.032306 74.666656 301.333313 0.061840 0.061047 0.000000
0.055218 79.111107 303.111115 0.154814 0.061047 0.000000
0.032306 80.888893 304.000000 0.061840 0.030009 0.000000
0.052672 89.777779 307.555511 0.309769 0.123119 0.000000
0.037397 97.777779 312.000000 0.278778 0.154159 0.000000
0.052672 105.777802 314.666687 0.278779 0.092084 0.000000
0.034852 113.777802 315.555511 0.278778 0.030006 0.000000
0.034852 120.888901 315.555511 0.247786 -0.001029 3.000000
0.004303 124.444397 315.555511 0.123820 -0.001029 3.000000
0.045035 129.777802 315.555511 0.185807 -0.001029 3.000000
0.042489 136.000000 315.555511 0.216795 -0.001029 3.000000
0.042489 146.666702 316.444489 0.371752 0.030012 3.000000
0.042489 152.888901 319.111115 0.216795 0.092082 3.000000
0.006849 152.888901 319.111115 -0.000142 -0.001029 3.000000
0.009394 154.666702 320.000000 0.061841 0.030009 3.000000
-0.003334 156.444397 320.888885 0.061837 0.030009 3.000000
0.009394 157.333298 321.777802 0.030849 0.030010 3.000000
-0.003334 157.333298 321.777802 -0.000142 -0.001029 3.000000
-0.003334 157.333298 321.777802 -0.000142 -0.001029 3.000000
-0.000788 158.222198 321.777802 0.030849 -0.001029 3.000000
0.009394 158.222198 321.777802 -0.000142 -0.001029 3.000000
0.001757 158.222198 322.666687 -0.000142 0.030009 0.000000
0.001757 158.222198 322.666687 -0.000142 -0.001029 0.000000
0.004303 159.111099 322.666687 0.030849 -0.001029 0.000000
-0.000788 160.888901 323.555511 0.061841 0.030006 0.000000
-0.000788 160.888901 323.555511 -0.000142 -0.001029 0.000000
0.011940 162.666702 325.333313 0.061841 0.061047 0.000000
-0.000788 165.333298 326.222198 0.092829 0.030009 0.000000
-0.000788 165.333298 326.222198 -0.000142 -0.001029 0.000000
0.011940 173.333298 328.888885 0.278778 0.092084 0.000000
0.001757 173.333298 328.888885 -0.000142 -0.001029 0.000000
0.014486 177.777802 329.777802 0.154815 0.030010 0.000000
-0.000788 182.222198 330.666687 0.154812 0.030009 0.000000
0.001757 187.555603 331.555511 0.185807 0.030006 0.000000
0.017032 192.888901 331.555511 0.185803 -0.001029 0.000000
0.001757 198.222198 331.555511 0.185803 -0.001029 0.000000
0.017032 204.444397 331.555511 0.216795 -0.001029 0.000000
0.001757 204.444397 331.555511 -0.000142 -0.001029 0.000000
0.001757 208.888901 330.666687 0.154815 -0.032063 0.000000
0.017032 219.555603 328.000000 0.371752 -0.094141 0.000000
0.001757 219.555603 328.000000 -0.000142 -0.001029 0.000000
0.017032 224.888901 327.111115 0.185803 -0.032066 0.000000
-0.000788 230.222198 326.222198 0.185803 -0.032067 0.000000
-0.000788 234.666702 325.333313 0.154815 -0.032066 0.000000
0.014486 240.000000 324.444489 0.185803 -0.032063 0.000000
0.001757 245.333298 323.555511 0.185803 -0.032069 0.000000
0.017032 249.777802 322.666687 0.154815 -0.032063 0.000000
-0.000788 254.222198 321.777802 0.154812 -0.032066 0.000000
-0.000788 254.222198 321.777802 -0.000142 -0.001029 0.000000
0.017032 257.777802 320.888885 0.123824 -0.032067 0.000000
0.001757 260.444489 320.888885 0.092832 -0.001029 0.000000
0.017032 264.000000 320.000000 0.123821 -0.032066 0.000000
0.001757 264.000000 320.000000 -0.000142 -0.001029 0.000000
0.042489 265.777802 318.222198 0.061841 -0.063104 0.000000
0.042489 266.666687 317.333313 0.030849 -0.032066 0.000000
0.047580 271.111115 314.666687 0.154813 -0.094139 0.000000
0.047580 277.333313 313.777802 0.216795 -0.032066 0.000000
0.050126 285.333313 312.888885 0.278778 -0.032067 0.000000
0.039943 294.222198 312.888885 0.309769 -0.001029 0.000000
0.011940 302.222198 312.888885 0.278778 -0.001029 3.000000
0.014486 306.666687 312.888885 0.154815 -0.001029 3.000000
0.047580 318.222198 313.777802 0.402741 0.030010 3.000000
0.045035 333.333313 317.333313 0.526707 0.123119 3.000000
0.039943 347.555511 321.777802 0.495715 0.154159 3.000000
0.042489 358.222198 326.222198 0.371752 0.154156 3.000000
0.057763 367.111115 330.666687 0.309770 0.154159 3.000000
0.042489 368.888885 331.555511 0.061840 0.030006 3.000000
0.009394 368.888885 331.555511 -0.000142 -0.001029 3.000000
-0.003334 368.888885 331.555511 -0.000142 -0.001029 3.000000
-0.003334 368.888885 331.555511 -0.000142 -0.001029 3.000000
-0.000788 368.888885 331.555511 -0.000142 -0.001029 3.000000
0.006849 368.888885 331.555511 -0.000142 -0.001029 0.000000
-0.003334 368.888885 331.555511 -0.000142 -0.001029 0.000000
-0.003334 368.888885 331.555511 -0.000142 -0.001029 0.000000
0.009394 368.888885 331.555511 -0.000142 -0.001029 0.000000
-0.005880 368.888885 331.555511 -0.000142 -0.001029 0.000000
-0.000788 369.777802 331.555511 0.030850 -0.001029 0.000000
0.014486 370.666687 331.555511 0.030849 -0.001029 0.000000
-0.000788 372.444489 331.555511 0.061841 -0.001029 0.000000
0.001757 372.444489 331.555511 -0.000142 -0.001029 0.000000
0.017032 375.111115 331.555511 0.092830 -0.001029 0.000000
-0.000788 375.111115 331.555511 -0.000142 -0.001029 0.000000
0.009394 375.111115 331.555511 -0.000142 -0.001029 0.000000
-0.003334 375.111115 331.555511 -0.000142 -0.001029 0.000000
-0.000788 375.111115 331.555511 -0.000142 -0.001029 0.000000
0.009394 376.000000 331.555511 0.030849 -0.001029 0.000000
-0.003334 376.888885 331.555511 0.030849 -0.001029 0.000000
-0.005880 376.888885 331.555511 -0.000142 -0.001029 0.000000
0.001757 377.777802 331.555511 0.030850 -0.001029 0.000000
0.006849 379.555511 330.666687 0.061838 -0.032063 0.000000
-0.003334 379.555511 330.666687 -0.000142 -0.001029 0.000000
-0.000788 383.111115 329.777802 0.123824 -0.032066 0.000000
0.011940 386.666687 328.888885 0.123823 -0.032067 0.000000
-0.003334 391.111115 327.111115 0.154813 -0.063103 0.000000
-0.000788 391.111115 327.111115 -0.000142 -0.001029 0.000000
0.014486 395.555511 326.222198 0.154812 -0.032067 0.000000
-0.003334 400.000000 326.222198 0.154815 -0.001029 0.000000
-0.000788 405.333313 325.333313 0.185804 -0.032066 0.000000
0.011940 409.777802 325.333313 0.154815 -0.001029 0.000000
-0.003334 409.777802 325.333313 -0.000142 -0.001029 0.000000
-0.000788 414.222198 325.333313 0.154812 -0.001029 0.000000
0.009394 418.666687 325.333313 0.154815 -0.001029 0.000000
-0.005880 418.666687 325.333313 -0.000142 -0.001029 0.000000
-0.000788 423.111115 325.333313 0.154813 -0.001029 0.000000
0.009394 427.555511 325.333313 0.154812 -0.001029 0.000000
-0.005880 427.555511 325.333313 -0.000142 -0.001029 0.000000
-0.000788 432.000000 325.333313 0.154815 -0.001029 0.000000
0.006849 436.444489 326.222198 0.154815 0.030009 0.000000
-0.003334 436.444489 326.222198 -0.000142 -0.001029 0.000000
-0.000788 440.888885 326.222198 0.154812 -0.001029 0.000000
-0.000788 446.222198 327.111115 0.185804 0.030010 0.000000
0.009394 446.222198 327.111115 -0.000142 -0.001029 0.000000
-0.003334 450.666687 328.888885 0.154815 0.061046 0.000000
-0.000788 450.666687 328.888885 -0.000142 -0.001029 0.000000
0.011940 459.555511 330.666687 0.309767 0.061047 0.000000
-0.003334 459.555511 330.666687 -0.000142 -0.001029 0.000000
-0.003334 463.111115 332.444489 0.123824 0.061047 0.000000
0.009394 465.777802 333.333313 0.092832 0.030006 0.000000
-0.005880 465.777802 333.333313 -0.000142 -0.001029 0.000000
-0.003334 468.444489 334.222198 0.092832 0.030009 0.000000
0.011940 469.333313 335.111115 0.030847 0.030010 0.000000
-0.005880 469.333313 335.111115 -0.000142 -0.001029 0.000000
-0.003334 471.111115 336.000000 0.061841 0.030009 0.000000
-0.000788 471.111115 336.000000 -0.000142 -0.001029 0.000000
0.009394 472.000000 336.000000 0.030849 -0.001029 0.000000
-0.000788 472.888885 336.000000 0.030849 -0.001029 0.000000
0.019577 473.777802 336.000000 0.030850 -0.001029 0.000000
-0.000788 473.777802 336.000000 -0.000142 -0.001029 0.000000
0.001757 473.777802 336.000000 -0.000142 -0.001029 0.000000
0.017032 473.777802 336.888885 -0.000142 0.030009 0.000000
-0.003334 473.777802 336.888885 -0.000142 -0.001029 0.000000
0.001757 473.777802 336.888885 -0.000142 -0.001029 0.000000
0.011940 473.777802 336.888885 -0.000142 -0.001029 0.000000
-0.000788 473.777802 336.888885 -0.000142 -0.001029 0.000000
0.014486 473.777802 336.888885 -0.000142 -0.001029 0.000000
-0.000788 473.777802 336.888885 -0.000142 -0.001029 0.000000
-0.000788 473.777802 336.888885 -0.000142 -0.001029 0.000000
0.014486 473.777802 336.888885 -0.000142 -0.001029 0.000000
-0.000788 473.777802 336.888885 -0.000142 -0.001029 0.000000
0.019577 473.777802 336.888885 -0.000142 -0.001029 0.000000
-0.003334 473.777802 336.888885 -0.000142 -0.001029 0.000000
0.001757 473.777802 336.888885 -0.000142 -0.001029 0.000000
0.017032 472.888885 336.888885 -0.031134 -0.001029 0.000000
-0.003334 472.888885 336.888885 -0.000142 -0.001029 0.000000
0.001757 471.111115 336.888885 -0.062124 -0.001029 0.000000
0.014486 468.444489 336.888885 -0.093114 -0.001029 0.000000
0.001757 464.000000 336.000000 -0.155099 -0.032066 0.000000
0.017032 459.555511 334.222198 -0.155099 -0.063104 0.000000
-0.000788 453.333313 333.333313 -0.217079 -0.032066 0.000000
0.001757 446.222198 331.555511 -0.248071 -0.063104 0.000000
0.045035 434.666687 328.888885 -0.403025 -0.094139 0.000000
0.047580 427.555511 328.000000 -0.248073 -0.032066 0.000000
0.029760 424.888885 328.000000 -0.093114 -0.001029 0.000000
0.045035 424.000000 328.000000 -0.031133 -0.001029 0.000000
0.047580 424.000000 328.000000 -0.000142 -0.001029 0.000000
0.052672 419.555511 328.000000 -0.155099 -0.001029 0.000000
0.047580 412.444489 328.000000 -0.248068 -0.001029 0.000000
0.029760 402.666687 324.444489 -0.341045 -0.125176 3.000000
0.045035 392.000000 320.000000 -0.372036 -0.156216 3.000000
0.045035 381.333313 314.666687 -0.372036 -0.187251 3.000000
0.047580 365.333313 304.000000 -0.557982 -0.373475 3.000000
0.047580 351.111115 295.111115 -0.495999 -0.311400 3.000000
0.039943 336.000000 288.000000 -0.526991 -0.249326 3.000000
0.024669 328.888885 285.333313 -0.248071 -0.094141 3.000000
-0.000788 324.444489 283.555511 -0.155096 -0.063104 3.000000
-0.000788 324.444489 283.555511 -0.000142 -0.001029 3.000000
0.011940 320.000000 280.888885 -0.155099 -0.094139 3.000000
-0.003334 320.000000 280.888885 -0.000142 -0.001029 3.000000
0.001757 319.111115 280.888885 -0.031133 -0.001029 3.000000
0.011940 319.111115 280.888885 -0.000142 -0.001029 3.000000
-0.000788 319.111115 280.888885 -0.000142 -0.001029 3.000000
0.001757 319.111115 280.888885 -0.000142 -0.001029 0.000000
0.009394 319.111115 280.888885 -0.000142 -0.001029 0.000000
-0.003334 319.111115 280.888885 -0.000142 -0.001029 0.000000
-0.000788 319.111115 280.888885 -0.000142 -0.001029 0.000000
0.009394 319.111115 280.888885 -0.000142 -0.001029 0.000000
-0.003334 318.222198 280.888885 -0.031134 -0.001029 0.000000
0.011940 315.555511 282.666687 -0.093116 0.061047 0.000000
-0.000788 312.888885 284.444489 -0.093114 0.061047 0.000000
-0.000788 312.888885 284.444489 -0.000142 -0.001029 0.000000
0.011940 310.222198 287.111115 -0.093116 0.092082 0.000000
-0.000788 306.666687 288.888885 -0.124105 0.061046 0.000000
0.001757 304.000000 289.777802 -0.093116 0.030010 0.000000
0.011940 300.444489 291.555511 -0.124105 0.061043 0.000000
-0.000788 300.444489 291.555511 -0.000142 -0.001029 0.000000
-0.000788 296.000000 292.444489 -0.155099 0.030012 0.000000
0.011940 292.444489 293.333313 -0.124105 0.030006 0.000000
-0.003334 288.000000 293.333313 -0.155099 -0.001029 0.000000
-0.003334 288.000000 293.333313 -0.000142 -0.001029 0.000000
0.011940 283.555511 293.333313 -0.155099 -0.001029 0.000000
-0.005880 279.111115 293.333313 -0.155096 -0.001029 0.000000
0.001757 279.111115 293.333313 -0.000142 -0.001029 0.000000
0.011940 269.333313 294.222198 -0.341045 0.030009 0.000000
-0.003334 269.333313 294.222198 -0.000142 -0.001029 0.000000
-0.000788 263.111115 295.111115 -0.217079 0.030010 0.000000
0.011940 256.888885 295.111115 -0.217080 -0.001029 0.000000
-0.003334 256.888885 295.111115 -0.000142 -0.001029 0.000000
0.001757 249.777802 296.000000 -0.248070 0.030009 0.000000
0.011940 241.777802 296.000000 -0.279062 -0.001029 0.000000
-0.000788 234.666702 296.888885 -0.248071 0.030009 0.000000
-0.000788 234.666702 296.888885 -0.000142 -0.001029 0.000000
0.009394 229.333298 296.888885 -0.186091 -0.001029 0.000000
-0.003334 224.000000 297.777802 -0.186088 0.030010 0.000000
-0.000788 224.000000 297.777802 -0.000142 -0.001029 0.000000
0.011940 217.777802 297.777802 -0.217079 -0.001029 0.000000
-0.003334 217.777802 297.777802 -0.000142 -0.001029 0.000000
0.001757 216.000000 297.777802 -0.062125 -0.001029 0.000000
0.022123 214.222198 297.777802 -0.062125 -0.001029 0.000000
-0.000788 213.333298 297.777802 -0.031134 -0.001029 0.000000
0.011940 212.444397 297.777802 -0.031134 -0.001029 0.000000
-0.003334 212.444397 297.777802 -0.000142 -0.001029 0.000000
0.001757 211.555603 297.777802 -0.031130 -0.001029 0.000000
0.011940 210.666702 297.777802 -0.031134 -0.001029 0.000000
-0.003334 209.777802 297.777802 -0.031134 -0.001029 0.000000
-0.000788 209.777802 297.777802 -0.000142 -0.001029 0.000000
0.011940 208.000000 297.777802 -0.062125 -0.001029 0.000000
-0.005880 205.333298 297.777802 -0.093117 -0.001029 0.000000
-0.000788 205.333298 297.777802 -0.000142 -0.001029 0.000000
0.009394 200.000000 297.777802 -0.186088 -0.001029 0.000000
-0.003334 200.000000 297.777802 -0.000142 -0.001029 0.000000
-0.000788 198.222198 297.777802 -0.062125 -0.001029 0.000000
0.011940 196.444397 296.888885 -0.062125 -0.032067 0.000000
-0.005880 196.444397 296.888885 -0.000142 -0.001029 0.000000
0.001757 194.666702 296.888885 -0.062121 -0.001029 0.000000
0.011940 192.888901 296.888885 -0.062125 -0.001029 0.000000
-0.003334 192.888901 296.888885 -0.000142 -0.001029 0.000000
0.001757 192.000000 296.000000 -0.031134 -0.032066 0.000000
0.014486 190.222198 296.000000 -0.062125 -0.001029 0.000000
-0.003334 190.222198 296.000000 -0.000142 -0.001029 0.000000
-0.003334 189.333298 296.000000 -0.031134 -0.001029 0.000000
0.014486 185.777802 295.111115 -0.124105 -0.032066 0.000000
-0.000788 185.777802 295.111115 -0.000142 -0.001029 0.000000
-0.000788 184.000000 295.111115 -0.062125 -0.001029 0.000000
0.009394 182.222198 295.111115 -0.062125 -0.001029 0.000000
0.004303 181.333298 295.111115 -0.031134 -0.001029 0.000000
-0.005880 181.333298 295.111115 -0.000142 -0.001029 0.000000
0.011940 180.444397 295.111115 -0.031134 -0.001029 0.000000
-0.003334 180.444397 295.111115 -0.000142 -0.001029 0.000000
-0.000788 180.444397 295.111115 -0.000142 -0.001029 0.000000
0.009394 180.444397 295.111115 -0.000142 -0.001029 0.000000
-0.000788 180.444397 295.111115 -0.000142 -0.001029 0.000000
-0.000788 180.444397 295.111115 -0.000142 -0.001029 0.000000
0.011940 180.444397 295.111115 -0.000142 -0.001029 0.000000
-0.003334 180.444397 294.222198 -0.000142 -0.032067 0.000000
-0.000788 180.444397 294.222198 -0.000142 -0.001029 0.000000
0.009394 184.888901 293.333313 0.154815 -0.032066 0.000000
-0.003334 184.888901 293.333313 -0.000142 -0.001029 0.000000
-0.000788 189.333298 291.555511 0.154812 -0.063104 0.000000
0.011940 193.777802 289.777802 0.154815 -0.063101 0.000000
-0.000788 193.777802 289.777802 -0.000142 -0.001029 0.000000
-0.000788 199.111099 288.888885 0.185803 -0.032067 0.000000
0.011940 204.444397 287.111115 0.185803 -0.063103 0.000000
-0.000788 209.777802 286.222198 0.185807 -0.032067 0.000000
0.001757 209.777802 286.222198 -0.000142 -0.001029 0.000000
0.011940 215.111099 284.444489 0.185803 -0.063101 0.000000
-0.000788 219.555603 282.666687 0.154815 -0.063104 0.000000
0.011940 224.888901 280.888885 0.185803 -0.063104 0.000000
-0.003334 228.444397 280.000000 0.123820 -0.032066 0.000000
-0.003334 228.444397 280.000000 -0.000142 -0.001029 0.000000
0.011940 232.888901 278.222198 0.154815 -0.063104 0.000000
-0.003334 235.555603 276.444489 0.092832 -0.063101 0.000000
0.001757 239.111099 274.666687 0.123820 -0.063104 0.000000
0.011940 242.666702 272.888885 0.123824 -0.063104 0.000000
-0.000788 242.666702 272.888885 -0.000142 -0.001029 0.000000
-0.000788 246.222198 271.111115 0.123820 -0.063103 0.000000
0.011940 250.666702 269.333313 0.154815 -0.063104 0.000000
0.001757 255.111099 267.555511 0.154812 -0.063104 0.000000
-0.000788 255.111099 267.555511 -0.000142 -0.001029 0.000000
0.014486 259.555511 264.888885 0.154812 -0.094139 0.000000
-0.000788 264.000000 263.111115 0.154815 -0.063103 0.000000
-0.000788 264.000000 263.111115 -0.000142 -0.001029 0.000000
0.014486 270.222198 259.555511 0.216795 -0.125179 0.000000
-0.000788 270.222198 259.555511 -0.000142 -0.001029 0.000000
-0.005880 272.888885 257.777802 0.092832 -0.063101 0.000000
0.011940 274.666687 256.888885 0.061841 -0.032067 0.000000
-0.003334 274.666687 256.888885 -0.000142 -0.001029 0.000000
0.014486 276.444489 255.111099 0.061841 -0.063103 0.000000
-0.000788 276.444489 255.111099 -0.000142 -0.001029 0.000000
-0.000788 277.333313 255.111099 0.030847 -0.001029 0.000000
0.011940 278.222198 254.222198 0.030849 -0.032066 0.000000
-0.003334 278.222198 254.222198 -0.000142 -0.001029 0.000000
0.001757 279.111115 254.222198 0.030850 -0.001029 3.000000
0.014486 280.888885 254.222198 0.061840 -0.001029 3.000000
-0.003334 282.666687 253.333298 0.061841 -0.032066 3.000000
0.001757 282.666687 253.333298 -0.000142 -0.001029 3.000000
0.042489 287.111115 251.555603 0.154813 -0.063100 3.000000
0.042489 287.111115 251.555603 -0.000142 -0.001029 3.000000
0.047580 282.666687 251.555603 -0.155097 -0.001029 3.000000
0.045035 273.777802 252.444397 -0.310053 0.030005 3.000000
0.047580 259.555511 252.444397 -0.496002 -0.001029 3.000000
0.045035 248.888901 249.777802 -0.372034 -0.094138 3.000000
0.045035 240.888901 243.555603 -0.279062 -0.218288 3.000000
0.047580 231.111099 228.444397 -0.341045 -0.528664 3.000000
0.032306 228.444397 223.111099 -0.093117 -0.187250 3.000000
0.050126 221.333298 202.666702 -0.248071 -0.714882 3.000000
0.039943 214.222198 189.333298 -0.248071 -0.466589 3.000000
0.039943 207.111099 176.888901 -0.248071 -0.435547 3.000000
0.057763 200.000000 167.111099 -0.248071 -0.342438 3.000000
0.011940 194.666702 161.777802 -0.186088 -0.187250 3.000000
-0.003334 194.666702 161.777802 -0.000142 -0.001029 3.000000
-0.000788 193.777802 160.888901 -0.031134 -0.032066 3.000000
0.014486 192.888901 160.888901 -0.031134 -0.001029 0.000000
0.009394 192.888901 160.888901 -0.000142 -0.001029 0.000000
0.039943 192.888901 160.888901 -0.000142 -0.001029 0.000000
0.050126 192.888901 160.888901 -0.000142 -0.001029 0.000000
0.050126 193.777802 164.444397 0.030849 0.123118 0.000000
0.045035 197.333298 170.666702 0.123820 0.216235 0.000000
0.050126 200.000000 174.222198 0.092832 0.123118 3.000000
0.024669 203.555603 176.888901 0.123824 0.092084 3.000000
0.050126 208.000000 178.666702 0.154812 0.061047 3.000000
0.042489 213.333298 180.444397 0.185803 0.061043 3.000000
0.060309 225.777802 185.777802 0.433735 0.185197 3.000000
0.037397 236.444397 192.888901 0.371749 0.247268 3.000000
0.039943 248.888901 202.666702 0.433735 0.340381 3.000000
0.039943 263.111115 214.222198 0.495715 0.402453 3.000000
0.060309 288.888885 234.666702 0.898600 0.712829 3.000000
0.039943 306.666687 251.555603 0.619681 0.588678 3.000000
0.034852 324.444489 269.333313 0.619681 0.619713 3.000000
0.057763 342.222198 286.222198 0.619678 0.588678 3.000000
0.039943 357.333313 299.555511 0.526707 0.464528 3.000000
0.039943 368.000000 311.111115 0.371752 0.402456 3.000000
0.060309 377.777802 323.555511 0.340761 0.433490 3.000000
0.009394 379.555511 327.111115 0.061838 0.123122 3.000000
0.011940 381.333313 328.888885 0.061841 0.061046 3.000000
0.045035 385.777802 335.111115 0.154815 0.216232 0.000000
0.045035 389.333313 339.555511 0.123821 0.154156 0.000000
0.045035 393.777802 342.222198 0.154815 0.092084 0.000000
0.042489 395.555511 344.000000 0.061838 0.061047 0.000000
0.042489 396.444489 344.888885 0.030852 0.030009 0.000000
0.047580 396.444489 342.222198 -0.000142 -0.094141 0.000000
0.045035 396.444489 332.444489 -0.000142 -0.342435 0.000000
0.017032 396.444489 325.333313 -0.000142 -0.249328 3.000000
0.004303 398.222198 316.444489 0.061838 -0.311398 3.000000
0.039943 400.888885 293.333313 0.092832 -0.807997 3.000000
0.045035 404.444489 268.444489 0.123824 -0.870067 3.000000
0.047580 407.111115 245.333298 0.092830 -0.807998 3.000000
0.055218 409.777802 214.222198 0.092832 -1.087329 3.000000
0.039943 414.222198 192.000000 0.154812 -0.776957 3.000000
0.067946 427.555511 162.666702 0.464724 -1.025254 3.000000
0.027215 436.444489 150.222198 0.309772 -0.435551 3.000000
0.037397 440.000000 146.666702 0.123821 -0.125175 3.000000
0.055218 444.444489 142.222198 0.154815 -0.156217 3.000000
0.037397 445.333313 142.222198 0.030847 -0.001029 3.000000
0.052672 447.111115 142.222198 0.061841 -0.001029 3.000000
0.034852 447.111115 142.222198 -0.000142 -0.001029 3.000000
0.009394 447.111115 142.222198 -0.000142 -0.001029 3.000000
0.004303 447.111115 144.000000 -0.000142 0.061047 0.000000
0.004303 447.111115 146.666702 -0.000142 0.092084 0.000000
0.032306 444.444489 152.000000 -0.093114 0.185193 0.000000
0.050126 440.888885 158.222198 -0.124108 0.216231 0.000000
0.045035 432.888885 168.000000 -0.279062 0.340381 0.000000
0.047580 421.333313 174.222198 -0.403027 0.216231 0.000000
0.022123 413.333313 178.666702 -0.279062 0.154159 3.000000
0.009394 403.555511 182.222198 -0.341045 0.123118 3.000000
0.042489 376.888885 191.111099 -0.929874 0.309344 3.000000
0.037397 345.777802 201.777802 -1.084830 0.371419 3.000000
0.070492 311.111115 222.222198 -1.208796 0.712825 3.000000
0.004303 304.000000 230.222198 -0.248071 0.278306 3.000000
0.004303 298.666687 237.333298 -0.186088 0.247268 3.000000
0.011940 294.222198 244.444397 -0.155099 0.247268 3.000000
0.009394 291.555511 250.666702 -0.093116 0.216235 3.000000
0.073038 288.000000 261.333313 -0.124105 0.371416 0.000000
0.027215 287.111115 264.000000 -0.031133 0.092084 0.000000
0.032306 287.111115 264.000000 -0.000142 -0.001029 0.000000
0.011940 287.111115 264.000000 -0.000142 -0.001029 0.000000
-0.000788 287.111115 264.000000 -0.000142 -0.001029 0.000000
0.001757 287.111115 264.000000 -0.000142 -0.001029 0.000000
0.011940 287.111115 264.888885 -0.000142 0.030009 0.000000
0.004303 287.111115 264.888885 -0.000142 -0.001029 0.000000
0.014486 287.111115 264.888885 -0.000142 -0.001029 0.000000
0.001757 287.111115 264.888885 -0.000142 -0.001029 0.000000
0.001757 287.111115 264.888885 -0.000142 -0.001029 0.000000
0.011940 287.111115 265.777802 -0.000142 0.030010 1.000000
0.004303 287.111115 265.777802 -0.000142 -0.001029 1.000000
0.014486 287.111115 268.444489 -0.000142 0.092084 2.000000
0.004303 287.111115 268.444489 -0.000142 -0.001029 2.000000
-0.000788 287.111115 270.222198 -0.000142 0.061043 2.000000
0.017032 287.111115 271.111115 -0.000142 0.030010 2.000000
-0.000788 286.222198 272.888885 -0.031134 0.061046 2.000000
0.017032 286.222198 275.555511 -0.000142 0.092082 2.000000
0.004303 285.333313 278.222198 -0.031133 0.092084 2.000000
0.001757 285.333313 278.222198 -0.000142 -0.001029 2.000000
0.034852 282.666687 284.444489 -0.093114 0.216234 1.000000
0.047580 275.555511 293.333313 -0.248073 0.309341 1.000000
0.032306 267.555511 297.777802 -0.279062 0.154159 0.000000
-0.000788 267.555511 297.777802 -0.000142 -0.001029 0.000000
0.065400 255.111099 298.666687 -0.434017 0.030009 0.000000
0.019577 250.666702 298.666687 -0.155096 -0.001029 0.000000
0.047580 240.888901 285.333313 -0.341045 -0.466588 0.000000
0.014486 236.444397 279.111115 -0.155100 -0.218288 0.000000
-0.000788 236.444397 279.111115 -0.000142 -0.001029 0.000000
0.011940 232.000000 272.888885 -0.155096 -0.218289 0.000000
0.001757 226.666702 268.444489 -0.186088 -0.156213 0.000000
-0.000788 220.444397 265.777802 -0.217083 -0.094141 0.000000
0.014486 213.333298 264.888885 -0.248071 -0.032067 0.000000
-0.000788 213.333298 264.888885 -0.000142 -0.001029 0.000000
0.001757 206.222198 264.888885 -0.248071 -0.001029 3.000000
0.017032 192.888901 267.555511 -0.465008 0.092082 3.000000
-0.000788 192.888901 267.555511 -0.000142 -0.001029 3.000000
0.014486 188.444397 269.333313 -0.155100 0.061047 3.000000
0.001757 184.000000 272.000000 -0.155096 0.092084 3.000000
-0.003334 184.000000 272.000000 -0.000142 -0.001029 3.000000
0.014486 180.444397 277.333313 -0.124108 0.185194 2.000000
-0.000788 180.444397 277.333313 -0.000142 -0.001029 2.000000
0.001757 179.555603 280.000000 -0.031130 0.092084 2.000000
0.017032 178.666702 283.555511 -0.031134 0.123119 2.000000
0.004303 178.666702 287.111115 -0.000142 0.123122 2.000000
0.014486 178.666702 290.666687 -0.000142 0.123121 2.000000
0.009394 179.555603 295.111115 0.030849 0.154157 2.000000
0.075583 184.000000 307.555511 0.154812 0.433490 1.000000
0.037397 184.888901 308.444489 0.030849 0.030012 1.000000
0.004303 184.888901 309.333313 -0.000142 0.030006 0.000000
0.001757 184.888901 309.333313 -0.000142 -0.001029 0.000000
0.039943 184.888901 309.333313 -0.000142 -0.001029 0.000000
0.057763 184.888901 307.555511 -0.000142 -0.063104 0.000000
0.039943 184.000000 304.000000 -0.031134 -0.125176 0.000000
0.065400 176.888901 273.777802 -0.248071 -1.056292 0.000000
0.019577 175.111099 263.111115 -0.062125 -0.373475 0.000000
0.067946 169.777802 223.111099 -0.186088 -1.397702 0.000000
0.022123 164.444397 199.111099 -0.186091 -0.839032 3.000000
0.052672 156.444397 180.444397 -0.279062 -0.652811 2.000000
0.039943 145.777802 166.222198 -0.372033 -0.497623 2.000000
0.039943 135.111099 156.444397 -0.372037 -0.342438 2.000000
0.017032 129.777802 153.777802 -0.186088 -0.094138 2.000000
0.006849 125.333298 152.000000 -0.155100 -0.063104 2.000000
0.017032 120.888901 152.000000 -0.155096 -0.001029 2.000000
0.042489 108.444397 154.666702 -0.434020 0.092084 2.000000
0.006849 108.444397 154.666702 -0.000142 -0.001029 1.000000
0.019577 101.333298 160.000000 -0.248071 0.185193 1.000000
0.001757 101.333298 160.000000 -0.000142 -0.001029 0.000000
0.009394 98.666656 163.555603 -0.093115 0.123122 0.000000
0.039943 93.333344 171.555603 -0.186088 0.278306 0.000000
0.045035 88.000000 185.777802 -0.186089 0.495565 0.000000
0.042489 83.555557 199.111099 -0.155098 0.464528 0.000000
0.014486 80.888893 206.222198 -0.093115 0.247268 0.000000
0.006849 77.333344 213.333298 -0.124106 0.247268 0.000000
0.011940 74.666656 219.555603 -0.093116 0.216235 0.000000
0.001757 71.111107 225.777802 -0.124106 0.216231 0.000000
0.017032 68.444443 231.111099 -0.093115 0.185193 0.000000
0.001757 65.777779 235.555603 -0.093115 0.154159 0.000000
0.004303 65.777779 235.555603 -0.000142 -0.001029 0.000000
0.019577 63.111111 243.555603 -0.093116 0.278306 2.000000
0.006849 63.111111 243.555603 -0.000142 -0.001029 2.000000
0.014486 62.222221 252.444397 -0.031133 0.309340 2.000000
0.006849 62.222221 256.888885 -0.000142 0.154159 2.000000
0.014486 63.111111 261.333313 0.030849 0.154157 2.000000
-0.000788 63.111111 261.333313 -0.000142 -0.001029 2.000000
0.004303 64.000000 265.777802 0.030849 0.154159 2.000000
0.017032 68.444443 274.666687 0.154813 0.309343 2.000000
0.004303 68.444443 274.666687 -0.000142 -0.001029 2.000000
0.014486 71.111107 279.111115 0.092831 0.154157 2.000000
0.039943 77.333344 284.444489 0.216796 0.185196 2.000000
0.027215 85.333344 286.222198 0.278778 0.061043 1.000000
0.039943 93.333344 284.444489 0.278778 -0.063101 1.000000
0.011940 97.777779 280.888885 0.154813 -0.125179 0.000000
0.037397 105.777802 270.222198 0.278779 -0.373475 0.000000
0.037397 116.444397 252.444397 0.371749 -0.621773 0.000000
0.022123 121.777802 240.000000 0.185807 -0.435547 0.000000
0.055218 144.888901 195.555603 0.805626 -1.552886 0.000000
0.014486 154.666702 180.444397 0.340761 -0.528664 0.000000
0.004303 163.555603 167.111099 0.309769 -0.466585 0.000000
0.014486 172.444397 154.666702 0.309766 -0.435547 0.000000
0.001757 181.333298 144.000000 0.309769 -0.373476 0.000000
0.014486 190.222198 134.222198 0.309769 -0.342438 0.000000
-0.000788 197.333298 126.222198 0.247786 -0.280363 0.000000
0.004303 203.555603 119.111099 0.216799 -0.249326 0.000000
0.014486 208.888901 112.888901 0.185803 -0.218288 0.000000
0.004303 211.555603 108.444397 0.092832 -0.156217 2.000000
0.017032 211.555603 108.444397 -0.000142 -0.001029 2.000000
-0.000788 213.333298 104.000000 0.061837 -0.156213 2.000000
0.001757 213.333298 100.444397 -0.000142 -0.125179 2.000000
0.014486 211.555603 97.777779 -0.062121 -0.094138 2.000000
-0.000788 206.222198 96.000000 -0.186091 -0.063103 2.000000
-0.000788 206.222198 96.000000 -0.000142 -0.001029 2.000000
0.014486 191.111099 93.333344 -0.526991 -0.094140 2.000000
-0.000788 191.111099 93.333344 -0.000142 -0.001029 2.000000
0.014486 181.333298 93.333344 -0.341045 -0.001029 2.000000
0.001757 171.555603 92.444443 -0.341041 -0.032066 2.000000
-0.000788 161.777802 92.444443 -0.341045 -0.001029 2.000000
0.014486 151.111099 91.555557 -0.372037 -0.032066 2.000000
-0.000788 151.111099 91.555557 -0.000142 -0.001029 2.000000
0.011940 133.333298 89.777779 -0.619965 -0.063103 2.000000
0.001757 133.333298 89.777779 -0.000142 -0.001029 1.000000
0.001757 125.333298 88.888893 -0.279062 -0.032066 1.000000
0.014486 117.333298 88.000000 -0.279062 -0.032066 1.000000
-0.000788 110.222198 87.111107 -0.248071 -0.032066 1.000000
-0.000788 110.222198 87.111107 -0.000142 -0.001029 1.000000
0.014486 96.000000 86.222221 -0.495999 -0.032066 0.000000
-0.000788 96.000000 86.222221 -0.000142 -0.001029 0.000000
0.011940 88.888893 85.333344 -0.248071 -0.032065 0.000000
0.001757 83.555557 85.333344 -0.186089 -0.001029 0.000000
0.001757 77.333344 85.333344 -0.217080 -0.001029 0.000000
0.011940 72.888893 85.333344 -0.155098 -0.001029 0.000000
-0.000788 72.888893 85.333344 -0.000142 -0.001029 0.000000
0.001757 68.444443 85.333344 -0.155098 -0.001029 0.000000
0.014486 65.777779 85.333344 -0.093115 -0.001029 0.000000
-0.000788 64.000000 85.333344 -0.062124 -0.001029 0.000000
0.014486 63.111111 85.333344 -0.031133 -0.001029 0.000000
-0.003334 62.222221 85.333344 -0.031133 -0.001029 0.000000
0.001757 62.222221 85.333344 -0.000142 -0.001029 0.000000
0.009394 62.222221 85.333344 -0.000142 -0.001029 0.000000
-0.003334 62.222221 85.333344 -0.000142 -0.001029 0.000000
-0.000788 62.222221 85.333344 -0.000142 -0.001029 0.000000
0.011940 62.222221 85.333344 -0.000142 -0.001029 0.000000
-0.003334 62.222221 85.333344 -0.000142 -0.001029 0.000000
0.001757 63.111111 86.222221 0.030849 0.030008 0.000000
0.014486 64.888893 88.000000 0.061840 0.061046 0.000000
0.001757 64.888893 88.000000 -0.000142 -0.001029 0.000000
0.001757 67.555557 89.777779 0.092831 0.061046 0.000000
0.011940 70.222221 93.333344 0.092831 0.123120 0.000000
0.001757 73.777779 96.888893 0.123822 0.123120 0.000000
0.011940 78.222221 100.444397 0.154813 0.123118 0.000000
-0.000788 81.777779 104.000000 0.123822 0.123122 0.000000
-0.003334 81.777779 104.000000 -0.000142 -0.001029 0.000000
0.011940 86.222221 106.666702 0.154813 0.092084 0.000000
-0.000788 90.666656 109.333298 0.154813 0.092080 0.000000
-0.000788 95.111107 111.111099 0.154814 0.061047 0.000000
0.014486 98.666656 112.888901 0.123822 0.061047 0.000000
-0.000788 98.666656 112.888901 -0.000142 -0.001029 0.000000
0.001757 103.111099 114.666702 0.154813 0.061047 0.000000
0.011940 106.666702 116.444397 0.123824 0.061043 0.000000
0.001757 111.111099 118.222198 0.154812 0.061047 0.000000
0.014486 115.555603 120.888901 0.154815 0.092084 0.000000
-0.000788 120.000000 123.555603 0.154812 0.092084 0.000000
0.001757 120.000000 123.555603 -0.000142 -0.001029 0.000000
0.009394 125.333298 126.222198 0.185803 0.092080 0.000000
-0.000788 130.666702 129.777802 0.185807 0.123122 0.000000
-0.000788 130.666702 129.777802 -0.000142 -0.001029 0.000000
0.014486 141.333298 136.888901 0.371749 0.247268 0.000000
-0.000788 141.333298 136.888901 -0.000142 -0.001029 0.000000
0.014486 151.111099 142.222198 0.340761 0.185193 0.000000
0.001757 151.111099 142.222198 -0.000142 -0.001029 0.000000
0.001757 154.666702 144.000000 0.123824 0.061047 0.000000
0.011940 158.222198 144.888901 0.123820 0.030009 0.000000
0.001757 160.888901 146.666702 0.092832 0.061047 0.000000
0.001757 160.888901 146.666702 -0.000142 -0.001029 0.000000
0.014486 163.555603 147.555603 0.092832 0.030009 0.000000
0.001757 165.333298 148.444397 0.061837 0.030005 0.000000
0.014486 167.111099 150.222198 0.061841 0.061047 0.000000
-0.000788 169.777802 151.111099 0.092832 0.030009 0.000000
0.004303 172.444397 152.888901 0.092829 0.061047 0.000000
0.014486 176.000000 154.666702 0.123824 0.061047 0.000000
0.001757 180.444397 155.555603 0.154812 0.030009 0.000000
0.014486 184.888901 155.555603 0.154815 -0.001029 0.000000
0.004303 190.222198 155.555603 0.185803 -0.001029 0.000000
0.019577 194.666702 155.555603 0.154815 -0.001029 0.000000
0.011940 199.111099 154.666702 0.154812 -0.032066 0.000000
0.017032 201.777802 152.888901 0.092832 -0.063104 0.000000
0.004303 205.333298 150.222198 0.123820 -0.094141 0.000000
0.019577 209.777802 143.111099 0.154815 -0.249326 0.000000
0.004303 209.777802 143.111099 -0.000142 -0.001029 0.000000
0.022123 212.444397 133.333298 0.092829 -0.342438 0.000000
0.001757 212.444397 133.333298 -0.000142 -0.001029 0.000000
0.022123 216.000000 125.333298 0.123824 -0.280363 0.000000
0.006849 217.777802 122.666702 0.061841 -0.094138 0.000000
0.022123 220.444397 120.000000 0.092829 -0.094141 0.000000
0.004303 223.111099 117.333298 0.092832 -0.094141 0.000000
0.022123 225.777802 115.555603 0.092832 -0.063100 0.000000
0.001757 227.555603 113.777802 0.061841 -0.063104 0.000000
0.017032 229.333298 111.111099 0.061837 -0.094141 0.000000
0.004303 231.111099 110.222198 0.061841 -0.032066 0.000000
0.009394 232.000000 108.444397 0.030849 -0.063104 0.000000
0.014486 233.777802 105.777802 0.061841 -0.094138 0.000000
0.009394 234.666702 103.111099 0.030849 -0.094141 0.000000
0.022123 239.111099 95.111107 0.154812 -0.280363 3.000000
0.006849 239.111099 95.111107 -0.000142 -0.001029 3.000000
0.039943 244.444397 88.000000 0.185803 -0.249326 3.000000
0.065400 256.888885 78.222221 0.433735 -0.342438 3.000000
0.029760 259.555511 76.444443 0.092830 -0.063103 3.000000
0.039943 263.111115 72.888893 0.123824 -0.125177 3.000000
0.075583 265.777802 67.555557 0.092832 -0.187252 3.000000
0.004303 265.777802 67.555557 -0.000142 -0.001029 3.000000
0.014486 266.666687 66.666656 0.030849 -0.032066 3.000000
0.022123 268.444489 64.888893 0.061841 -0.063102 0.000000
0.075583 272.888885 64.000000 0.154812 -0.032066 0.000000
0.001757 273.777802 64.000000 0.030850 -0.001029 0.000000
0.019577 274.666687 64.000000 0.030849 -0.001029 0.000000
0.019577 274.666687 64.000000 -0.000142 -0.001029 0.000000
0.067946 274.666687 64.000000 -0.000142 -0.001029 0.000000
0.027215 274.666687 64.000000 -0.000142 -0.001029 0.000000
0.011940 274.666687 64.000000 -0.000142 -0.001029 0.000000
0.006849 275.555511 64.888893 0.030847 0.030009 0.000000
0.017032 276.444489 65.777779 0.030852 0.030009 0.000000
0.009394 279.111115 66.666656 0.092830 0.030008 0.000000
0.017032 283.555511 69.333344 0.154812 0.092084 1.000000
0.009394 283.555511 69.333344 -0.000142 -0.001029 1.000000
0.017032 288.888885 72.888893 0.185806 0.123120 2.000000
0.006849 290.666687 74.666656 0.061841 0.061045 2.000000
0.014486 292.444489 77.333344 0.061841 0.092084 2.000000
0.001757 292.444489 77.333344 -0.000142 -0.001029 2.000000
0.022123 297.777802 81.777779 0.185804 0.154157 2.000000
-0.000788 301.333313 83.555557 0.123821 0.061046 2.000000
0.019577 304.888885 86.222221 0.123823 0.092083 2.000000
0.004303 309.333313 88.000000 0.154813 0.061046 2.000000
0.006849 309.333313 88.000000 -0.000142 -0.001029 2.000000
0.017032 322.666687 92.444443 0.464726 0.154157 2.000000
0.001757 322.666687 92.444443 -0.000142 -0.001029 2.000000
0.014486 336.888885 96.000000 0.495715 0.123120 2.000000
-0.000788 336.888885 96.000000 -0.000142 -0.001029 2.000000
0.004303 343.111115 97.777779 0.216796 0.061046 1.000000
0.014486 349.333313 98.666656 0.216795 0.030008 1.000000
0.001757 353.777802 100.444397 0.154815 0.061044 1.000000
0.014486 358.222198 101.333298 0.154812 0.030009 1.000000
0.001757 361.777802 102.222198 0.123824 0.030009 1.000000
0.006849 365.333313 103.111099 0.123821 0.030009 0.000000
0.011940 368.888885 104.000000 0.123823 0.030009 0.000000
0.001757 368.888885 104.000000 -0.000142 -0.001029 0.000000
0.017032 376.888885 107.555603 0.278778 0.123122 0.000000
0.001757 376.888885 107.555603 -0.000142 -0.001029 0.000000
0.014486 384.888885 111.111099 0.278778 0.123118 0.000000
0.001757 384.888885 111.111099 -0.000142 -0.001029 0.000000
-0.000788 388.444489 113.777802 0.123824 0.092084 0.000000
0.014486 392.000000 116.444397 0.123821 0.092080 0.000000
0.037397 398.222198 121.777802 0.216795 0.185197 0.000000
0.022123 400.888885 124.444397 0.092832 0.092080 0.000000
0.070492 411.555511 138.666702 0.371750 0.495569 0.000000
0.022123 415.111115 143.111099 0.123824 0.154156 3.000000
0.067946 426.666687 159.111099 0.402743 0.557641 3.000000
0.042489 432.888885 168.888901 0.216795 0.340381 3.000000
0.042489 436.444489 175.111099 0.123824 0.216231 3.000000
0.004303 437.333313 176.888901 0.030847 0.061047 3.000000
0.022123 436.444489 178.666702 -0.031131 0.061047 3.000000
0.006849 436.444489 178.666702 -0.000142 -0.001029 3.000000
0.006849 434.666687 179.555603 -0.062125 0.030009 3.000000
0.017032 427.555511 180.444397 -0.248073 0.030005 3.000000
0.011940 424.000000 180.444397 -0.124105 -0.001029 0.000000
0.011940 420.444489 180.444397 -0.124105 -0.001029 0.000000
0.024669 416.888885 180.444397 -0.124108 -0.001029 0.000000
0.004303 412.444489 180.444397 -0.155096 -0.001029 0.000000
0.009394 407.111115 178.666702 -0.186090 -0.063100 0.000000
0.014486 401.777802 176.888901 -0.186088 -0.063104 0.000000
0.009394 395.555511 175.111099 -0.217082 -0.063104 0.000000
0.017032 391.111115 172.444397 -0.155096 -0.094141 0.000000
0.006849 386.666687 170.666702 -0.155097 -0.063100 0.000000
0.070492 376.000000 164.444397 -0.372036 -0.218292 0.000000
0.022123 371.555511 160.000000 -0.155099 -0.156213 0.000000
0.070492 367.111115 152.000000 -0.155096 -0.280363 0.000000
0.022123 366.222198 149.333298 -0.031134 -0.094141 0.000000
0.067946 371.555511 135.111099 0.185804 -0.497623 0.000000
0.039943 396.444489 116.444397 0.867612 -0.652811 0.000000
0.042489 417.777802 105.777802 0.743644 -0.373472 0.000000
0.004303 417.777802 105.777802 -0.000142 -0.001029 2.000000
0.022123 439.111115 98.666656 0.743644 -0.249327 2.000000
0.039943 457.777802 95.111107 0.650672 -0.125177 2.000000
0.001757 457.777802 95.111107 -0.000142 -0.001029 2.000000
0.006849 471.111115 94.222221 0.464724 -0.032066 2.000000
0.073038 475.555511 98.666656 0.154812 0.154157 2.000000
0.039943 469.333313 107.555603 -0.217079 0.309345 2.000000
0.039943 449.777802 120.888901 -0.681945 0.464528 2.000000
0.029760 436.444489 128.888901 -0.465008 0.278306 2.000000
0.029760 405.333313 144.888901 -1.084833 0.557641 1.000000
0.024669 376.000000 163.555603 -1.022848 0.650753 1.000000
0.006849 362.666687 174.222198 -0.465008 0.371415 0.000000
0.011940 362.666687 174.222198 -0.000142 -0.001029 0.000000
0.001757 351.111115 184.888901 -0.403027 0.371419 0.000000
0.004303 340.444489 195.555603 -0.372034 0.371419 0.000000
0.011940 331.555511 205.333298 -0.310056 0.340378 0.000000
0.004303 323.555511 215.111099 -0.279062 0.340381 0.000000
0.014486 316.444489 223.111099 -0.248068 0.278306 0.000000
0.001757 308.444489 232.000000 -0.279062 0.309344 0.000000
0.001757 300.444489 239.111099 -0.279062 0.247268 0.000000
0.014486 292.444489 247.111099 -0.279062 0.278306 0.000000
0.001757 292.444489 247.111099 -0.000142 -0.001029 0.000000
0.014486 282.666687 253.333298 -0.341045 0.216231 0.000000
0.001757 274.666687 257.777802 -0.279062 0.154159 0.000000
0.001757 268.444489 261.333313 -0.217079 0.123119 0.000000
0.014486 264.000000 264.000000 -0.155099 0.092084 0.000000
0.004303 261.333313 265.777802 -0.093116 0.061047 0.000000
0.014486 260.444489 265.777802 -0.031131 -0.001029 1.000000
0.001757 259.555511 264.888885 -0.031136 -0.032067 1.000000
0.006849 259.555511 260.444489 -0.000142 -0.156213 2.000000
0.011940 259.555511 254.222198 -0.000142 -0.218291 2.000000
0.001757 259.555511 254.222198 -0.000142 -0.001029 2.000000
0.011940 261.333313 236.444397 0.061841 -0.621773 2.000000
0.022123 263.111115 224.888901 0.061841 -0.404510 2.000000
0.070492 265.777802 191.111099 0.092832 -1.180442 2.000000
0.039943 265.777802 175.111099 -0.000142 -0.559698 2.000000
0.004303 265.777802 168.888901 -0.000142 -0.218288 2.000000
0.001757 264.000000 163.555603 -0.062125 -0.187250 2.000000
0.011940 261.333313 159.111099 -0.093116 -0.156217 2.000000
0.004303 258.666687 155.555603 -0.093114 -0.125175 1.000000
0.017032 255.111099 152.000000 -0.124108 -0.125179 1.000000
0.001757 252.444397 148.444397 -0.093117 -0.125179 1.000000
0.017032 248.888901 145.777802 -0.124105 -0.094138 0.000000
-0.000788 248.888901 145.777802 -0.000142 -0.001029 0.000000
0.004303 244.444397 143.111099 -0.155100 -0.094141 0.000000
0.014486 240.888901 141.333298 -0.124105 -0.063104 0.000000
0.001757 237.333298 139.555603 -0.124108 -0.063100 0.000000
0.017032 232.888901 138.666702 -0.155096 -0.032066 0.000000
0.004303 228.444397 137.777802 -0.155100 -0.032066 0.000000
0.019577 224.888901 137.777802 -0.124105 -0.001029 0.000000
0.004303 219.555603 137.777802 -0.186088 -0.001029 0.000000
0.019577 210.666702 137.777802 -0.310054 -0.001029 0.000000
0.004303 210.666702 137.777802 -0.000142 -0.001029 0.000000
0.022123 201.777802 139.555603 -0.310054 0.061047 0.000000
0.004303 197.333298 140.444397 -0.155100 0.030005 0.000000
0.022123 192.888901 142.222198 -0.155096 0.061047 0.000000
0.004303 188.444397 144.000000 -0.155100 0.061047 0.000000
0.022123 183.111099 146.666702 -0.186088 0.092084 0.000000
0.004303 178.666702 149.333298 -0.155096 0.092080 0.000000
0.019577 173.333298 152.888901 -0.186091 0.123122 1.000000
0.004303 168.000000 155.555603 -0.186088 0.092084 1.000000
0.019577 155.555603 160.000000 -0.434016 0.154156 2.000000
0.004303 155.555603 160.000000 -0.000142 -0.001029 2.000000
0.006849 148.444397 161.777802 -0.248074 0.061047 2.000000
0.014486 141.333298 163.555603 -0.248071 0.061047 2.000000
0.006849 134.222198 165.333298 -0.248071 0.061043 2.000000
0.014486 127.111099 165.333298 -0.248071 -0.001029 2.000000
0.042489 111.111099 162.666702 -0.557982 -0.094138 2.000000
0.022123 106.666702 160.000000 -0.155096 -0.094141 2.000000
0.067946 96.000000 150.222198 -0.372037 -0.342438 2.000000
0.037397 87.111107 144.000000 -0.310053 -0.218288 2.000000
0.004303 82.666656 140.444397 -0.155098 -0.125179 1.000000
0.004303 82.666656 140.444397 -0.000142 -0.001029 1.000000
0.017032 73.777779 132.444397 -0.310053 -0.280363 0.000000
0.009394 73.777779 132.444397 -0.000142 -0.001029 0.000000
0.042489 63.111111 122.666702 -0.372036 -0.342435 0.000000
0.014486 59.555561 120.000000 -0.124106 -0.094141 0.000000
0.011940 56.888889 117.333298 -0.093116 -0.094141 0.000000
0.045035 50.666672 115.555603 -0.217080 -0.063100 0.000000
0.065400 42.666672 114.666702 -0.279062 -0.032066 0.000000
0.032306 38.222221 115.555603 -0.155098 0.030009 0.000000
0.039943 36.444439 120.000000 -0.062125 0.154156 0.000000
0.022123 36.444439 129.777802 -0.000142 0.340381 1.000000
0.019577 36.444439 137.777802 -0.000142 0.278306 1.000000
0.029760 36.444439 156.444397 -0.000142 0.650750 2.000000
0.017032 37.333328 166.222198 0.030849 0.340381 2.000000
0.009394 37.333328 166.222198 -0.000142 -0.001029 2.000000
0.011940 37.333328 187.555603 -0.000142 0.743866 2.000000
0.004303 37.333328 187.555603 -0.000142 -0.001029 2.000000
0.014486 36.444439 206.222198 -0.031133 0.650750 2.000000
0.001757 36.444439 206.222198 -0.000142 -0.001029 2.000000
0.004303 36.444439 214.222198 -0.000142 0.278306 2.000000
0.014486 36.444439 229.333298 -0.000142 0.526603 2.000000
0.004303 36.444439 229.333298 -0.000142 -0.001029 2.000000
0.014486 38.222221 235.555603 0.061840 0.216235 2.000000
0.001757 40.000000 241.777802 0.061840 0.216231 2.000000
0.017032 42.666672 252.444397 0.092831 0.371415 1.000000
0.009394 42.666672 252.444397 -0.000142 -0.001029 1.000000
0.019577 46.222221 264.000000 0.123822 0.402456 0.000000
0.009394 46.222221 264.000000 -0.000142 -0.001029 0.000000
0.014486 48.888889 273.777802 0.092831 0.340381 0.000000
0.042489 51.555561 281.777802 0.092831 0.278306 0.000000
0.055218 56.000000 285.333313 0.154813 0.123119 0.000000
0.052672 66.666656 288.888885 0.371751 0.123121 0.000000
0.009394 72.000000 289.777802 0.185805 0.030010 0.000000
0.067946 94.222221 288.888885 0.774636 -0.032067 0.000000
0.050126 109.333298 284.444489 0.526706 -0.156213 0.000000
0.004303 117.333298 281.777802 0.278778 -0.094141 0.000000
0.019577 132.444397 275.555511 0.526706 -0.218291 0.000000
0.004303 132.444397 275.555511 -0.000142 -0.001029 1.000000
0.014486 140.444397 272.888885 0.278778 -0.094139 1.000000
0.004303 147.555603 271.111115 0.247790 -0.063103 2.000000
0.001757 154.666702 270.222198 0.247786 -0.032067 2.000000
0.017032 160.888901 270.222198 0.216795 -0.001029 2.000000
-0.000788 166.222198 270.222198 0.185803 -0.001029 2.000000
0.014486 170.666702 271.111115 0.154815 0.030010 2.000000
-0.000788 170.666702 271.111115 -0.000142 -0.001029 2.000000
0.004303 174.222198 272.888885 0.123820 0.061046 2.000000
0.011940 177.777802 278.222198 0.123824 0.185194 2.000000
0.001757 177.777802 278.222198 -0.000142 -0.001029 2.000000
0.014486 177.777802 281.777802 -0.000142 0.123122 2.000000
-0.000788 176.888901 285.333313 -0.031134 0.123119 2.000000
0.001757 173.333298 289.777802 -0.124108 0.154159 2.000000
0.014486 169.777802 294.222198 -0.124105 0.154156 2.000000
0.004303 169.777802 294.222198 -0.000142 -0.001029 2.000000
0.004303 166.222198 298.666687 -0.124108 0.154159 1.000000
0.034852 159.111099 306.666687 -0.248071 0.278306 0.000000
0.062855 154.666702 316.444489 -0.155096 0.340381 0.000000
0.050126 157.333298 322.666687 0.092829 0.216231 0.000000
0.050126 162.666702 323.555511 0.185807 0.030006 0.000000
0.019577 166.222198 323.555511 0.123820 -0.001029 0.000000
0.045035 175.111099 321.777802 0.309769 -0.063101 0.000000
0.060309 192.000000 316.444489 0.588689 -0.187251 0.000000
-0.000788 199.111099 314.666687 0.247786 -0.063104 0.000000
0.001757 206.222198 313.777802 0.247786 -0.032066 0.000000
0.011940 213.333298 312.888885 0.247786 -0.032067 0.000000
-0.000788 213.333298 312.888885 -0.000142 -0.001029 1.000000
0.001757 221.333298 312.000000 0.278778 -0.032066 1.000000
0.014486 228.444397 312.000000 0.247786 -0.001029 2.000000
0.001757 235.555603 311.111115 0.247790 -0.032066 2.000000
-0.003334 235.555603 311.111115 -0.000142 -0.001029 2.000000
0.009394 241.777802 311.111115 0.216795 -0.001029 2.000000
-0.000788 247.111099 310.222198 0.185803 -0.032067 2.000000
-0.003334 247.111099 310.222198 -0.000142 -0.001029 2.000000
0.011940 258.666687 310.222198 0.402743 -0.001029 2.000000
-0.003334 258.666687 310.222198 -0.000142 -0.001029 2.000000
-0.003334 264.000000 309.333313 0.185804 -0.032066 2.000000
0.011940 270.222198 309.333313 0.216795 -0.001029 2.000000
-0.003334 270.222198 309.333313 -0.000142 -0.001029 2.000000
-0.000788 276.444489 309.333313 0.216798 -0.001029 2.000000
0.014486 281.777802 309.333313 0.185804 -0.001029 2.000000
-0.003334 281.777802 309.333313 -0.000142 -0.001029 2.000000
-0.000788 288.888885 309.333313 0.247786 -0.001029 2.000000
0.011940 295.111115 309.333313 0.216796 -0.001029 2.000000
0.001757 301.333313 309.333313 0.216795 -0.001029 1.000000
-0.000788 306.666687 309.333313 0.185806 -0.001029 1.000000
0.006849 306.666687 309.333313 -0.000142 -0.001029 1.000000
-0.000788 312.000000 309.333313 0.185804 -0.001029 1.000000
0.001757 318.222198 310.222198 0.216795 0.030009 0.000000
0.024669 323.555511 311.111115 0.185804 0.030010 0.000000
0.004303 328.888885 312.000000 0.185806 0.030009 0.000000
0.014486 334.222198 312.000000 0.185804 -0.001029 0.000000
0.004303 340.444489 312.000000 0.216798 -0.001029 0.000000
0.017032 346.666687 312.000000 0.216795 -0.001029 0.000000
0.009394 353.777802 312.000000 0.247787 -0.001029 0.000000
0.022123 365.333313 311.111115 0.402741 -0.032066 0.000000
0.001757 365.333313 311.111115 -0.000142 -0.001029 0.000000
0.019577 374.222198 310.222198 0.309769 -0.032067 0.000000
0.001757 374.222198 310.222198 -0.000142 -0.001029 0.000000
0.017032 382.222198 310.222198 0.278778 -0.001029 0.000000
0.004303 382.222198 310.222198 -0.000142 -0.001029 0.000000
0.019577 389.333313 310.222198 0.247787 -0.001029 0.000000
0.011940 392.000000 309.333313 0.092832 -0.032066 0.000000
-0.000788 392.000000 309.333313 -0.000142 -0.001029 0.000000
0.019577 395.555511 308.444489 0.123821 -0.032063 0.000000
0.001757 395.555511 308.444489 -0.000142 -0.001029 0.000000
0.014486 398.222198 307.555511 0.092832 -0.032069 0.000000
-0.003334 398.222198 307.555511 -0.000142 -0.001029 0.000000
0.014486 399.111115 307.555511 0.030850 -0.001029 0.000000
-0.003334 400.000000 306.666687 0.030849 -0.032063 0.000000
-0.000788 400.000000 306.666687 -0.000142 -0.001029 0.000000
0.014486 400.000000 306.666687 -0.000142 -0.001029 0.000000
-0.003334 400.000000 306.666687 -0.000142 -0.001029 0.000000
-0.003334 400.000000 306.666687 -0.000142 -0.001029 0.000000
0.017032 400.000000 306.666687 -0.000142 -0.001029 0.000000
0.004303 398.222198 306.666687 -0.062125 -0.001029 0.000000
0.006849 395.555511 306.666687 -0.093116 -0.001029 0.000000
0.019577 392.000000 306.666687 -0.124105 -0.001029 0.000000
0.001757 392.000000 306.666687 -0.000142 -0.001029 0.000000
0.011940 383.111115 305.777802 -0.310053 -0.032066 0.000000
0.004303 378.666687 305.777802 -0.155097 -0.001029 0.000000
0.014486 375.111115 304.888885 -0.124107 -0.032067 0.000000
-0.000788 375.111115 304.888885 -0.000142 -0.001029 0.000000
-0.000788 370.666687 303.111115 -0.155097 -0.063103 0.000000
0.011940 367.111115 302.222198 -0.124107 -0.032067 0.000000
-0.000788 361.777802 301.333313 -0.186088 -0.032066 0.000000
0.011940 356.444489 300.444489 -0.186088 -0.032063 0.000000
-0.000788 356.444489 300.444489 -0.000142 -0.001029 0.000000
0.001757 350.222198 299.555511 -0.217082 -0.032069 0.000000
0.009394 343.111115 298.666687 -0.248070 -0.032063 0.000000
-0.003334 335.111115 298.666687 -0.279062 -0.001029 0.000000
-0.000788 335.111115 298.666687 -0.000142 -0.001029 0.000000
0.009394 326.222198 297.777802 -0.310054 -0.032066 0.000000
-0.005880 317.333313 297.777802 -0.310053 -0.001029 0.000000
-0.000788 317.333313 297.777802 -0.000142 -0.001029 0.000000
0.011940 308.444489 297.777802 -0.310051 -0.001029 0.000000
-0.003334 300.444489 297.777802 -0.279062 -0.001029 0.000000
-0.003334 300.444489 297.777802 -0.000142 -0.001029 0.000000
-0.000788 294.222198 297.777802 -0.217082 -0.001029 0.000000
0.009394 288.888885 296.888885 -0.186088 -0.032067 0.000000
-0.000788 284.444489 296.888885 -0.155096 -0.001029 0.000000
0.001757 284.444489 296.888885 -0.000142 -0.001029 0.000000
0.009394 280.888885 296.000000 -0.124108 -0.032066 0.000000
-0.000788 277.333313 296.000000 -0.124107 -0.001029 0.000000
0.001757 277.333313 296.000000 -0.000142 -0.001029 0.000000
0.009394 271.111115 295.111115 -0.217079 -0.032066 0.000000
-0.000788 271.111115 295.111115 -0.000142 -0.001029 0.000000
-0.003334 267.555511 295.111115 -0.124108 -0.001029 0.000000
0.017032 264.000000 294.222198 -0.124105 -0.032067 0.000000
-0.000788 260.444489 294.222198 -0.124105 -0.001029 0.000000
0.011940 256.000000 294.222198 -0.155099 -0.001029 0.000000
0.006849 251.555603 294.222198 -0.155096 -0.001029 0.000000
-0.003334 251.555603 294.222198 -0.000142 -0.001029 0.000000
0.011940 248.000000 294.222198 -0.124108 -0.001029 0.000000
0.006849 244.444397 293.333313 -0.124108 -0.032066 0.000000
0.011940 241.777802 293.333313 -0.093113 -0.001029 0.000000
0.006849 239.111099 292.444489 -0.093117 -0.032063 0.000000
0.011940 237.333298 292.444489 -0.062125 -0.001029 0.000000
0.001757 236.444397 291.555511 -0.031134 -0.032069 0.000000
0.004303 236.444397 291.555511 -0.000142 -0.001029 0.000000
0.011940 235.555603 290.666687 -0.031130 -0.032063 0.000000
0.004303 235.555603 290.666687 -0.000142 -0.001029 0.000000
0.011940 232.000000 289.777802 -0.124108 -0.032066 0.000000
-0.000788 232.000000 289.777802 -0.000142 -0.001029 0.000000
0.006849 229.333298 288.888885 -0.093117 -0.032067 0.000000
0.017032 226.666702 288.000000 -0.093113 -0.032066 0.000000
0.004303 224.000000 287.111115 -0.093117 -0.032066 0.000000
0.019577 218.666702 284.444489 -0.186088 -0.094139 0.000000
0.001757 218.666702 284.444489 -0.000142 -0.001029 0.000000
0.017032 216.000000 283.555511 -0.093117 -0.032069 0.000000
0.050126 212.444397 278.222198 -0.124108 -0.187251 0.000000
0.047580 211.555603 274.666687 -0.031130 -0.125176 0.000000
0.019577 211.555603 271.111115 -0.000142 -0.125178 0.000000
0.065400 214.222198 267.555511 0.092829 -0.125179 0.000000
0.052672 229.333298 258.666687 0.526706 -0.311398 0.000000
0.014486 237.333298 255.111099 0.278778 -0.125178 0.000000
0.060309 265.777802 244.444397 0.991575 -0.373476 0.000000
-0.000788 265.777802 244.444397 -0.000142 -0.001029 3.000000
0.032306 283.555511 238.222198 0.619678 -0.218288 3.000000
0.047580 312.000000 229.333298 0.991575 -0.311401 3.000000
0.047580 333.333313 224.000000 0.743644 -0.187250 3.000000
0.045035 355.555511 219.555603 0.774635 -0.156213 3.000000
0.047580 373.333313 216.000000 0.619681 -0.125179 3.000000
0.019577 386.666687 213.333298 0.464726 -0.094141 3.000000
0.027215 392.000000 212.444397 0.185804 -0.032066 3.000000
0.014486 395.555511 212.444397 0.123821 -0.001029 3.000000
-0.000788 398.222198 212.444397 0.092832 -0.001029 3.000000
-0.000788 400.000000 212.444397 0.061841 -0.001029 0.000000
0.009394 400.000000 212.444397 -0.000142 -0.001029 0.000000
-0.003334 400.000000 212.444397 -0.000142 -0.001029 0.000000
-0.003334 399.111115 212.444397 -0.031133 -0.001029 0.000000
0.009394 396.444489 212.444397 -0.093114 -0.001029 0.000000
-0.000788 396.444489 212.444397 -0.000142 -0.001029 0.000000
-0.000788 392.000000 213.333298 -0.155099 0.030009 0.000000
0.011940 386.666687 215.111099 -0.186088 0.061047 0.000000
-0.000788 379.555511 216.000000 -0.248073 0.030009 0.000000
-0.000788 379.555511 216.000000 -0.000142 -0.001029 0.000000
0.011940 372.444489 217.777802 -0.248068 0.061047 0.000000
-0.003334 364.444489 218.666702 -0.279062 0.030009 0.000000
0.004303 364.444489 218.666702 -0.000142 -0.001029 0.000000
0.011940 345.777802 219.555603 -0.650956 0.030009 0.000000
-0.000788 345.777802 219.555603 -0.000142 -0.001029 0.000000
-0.000788 336.888885 219.555603 -0.310054 -0.001029 0.000000
0.011940 328.888885 219.555603 -0.279062 -0.001029 0.000000
-0.000788 328.888885 219.555603 -0.000142 -0.001029 0.000000
-0.000788 320.888885 219.555603 -0.279062 -0.001029 0.000000
0.011940 313.777802 219.555603 -0.248070 -0.001029 0.000000
-0.000788 306.666687 219.555603 -0.248071 -0.001029 0.000000
0.017032 300.444489 219.555603 -0.217079 -0.001029 0.000000
-0.000788 293.333313 218.666702 -0.248073 -0.032066 0.000000
0.001757 287.111115 218.666702 -0.217079 -0.001029 0.000000
0.011940 280.000000 218.666702 -0.248071 -0.001029 0.000000
-0.003334 280.000000 218.666702 -0.000142 -0.001029 0.000000
0.001757 273.777802 218.666702 -0.217079 -0.001029 0.000000
0.011940 267.555511 218.666702 -0.217082 -0.001029 0.000000
-0.003334 267.555511 218.666702 -0.000142 -0.001029 0.000000
-0.000788 261.333313 218.666702 -0.217079 -0.001029 0.000000
0.011940 256.000000 219.555603 -0.186088 0.030009 0.000000
-0.003334 251.555603 220.444397 -0.155096 0.030005 0.000000
-0.000788 251.555603 220.444397 -0.000142 -0.001029 0.000000
0.011940 244.444397 220.444397 -0.248074 -0.001029 0.000000
-0.000788 244.444397 220.444397 -0.000142 -0.001029 0.000000
-0.000788 242.666702 221.333298 -0.062121 0.030009 0.000000
0.011940 240.888901 221.333298 -0.062125 -0.001029 0.000000
-0.003334 240.888901 221.333298 -0.000142 -0.001029 0.000000
0.001757 239.111099 221.333298 -0.062125 -0.001029 0.000000
0.009394 237.333298 221.333298 -0.062125 -0.001029 0.000000
-0.003334 237.333298 221.333298 -0.000142 -0.001029 0.000000
0.001757 235.555603 221.333298 -0.062121 -0.001029 0.000000
0.009394 233.777802 222.222198 -0.062125 0.030009 0.000000
-0.003334 233.777802 222.222198 -0.000142 -0.001029 0.000000
-0.000788 231.111099 222.222198 -0.093117 -0.001029 0.000000
0.009394 228.444397 223.111099 -0.093117 0.030009 0.000000
-0.000788 224.888901 224.000000 -0.124105 0.030009 0.000000
0.014486 221.333298 225.777802 -0.124108 0.061047 0.000000
-0.003334 221.333298 225.777802 -0.000142 -0.001029 0.000000
-0.000788 217.777802 226.666702 -0.124105 0.030009 0.000000
0.009394 215.111099 227.555603 -0.093117 0.030009 0.000000
-0.000788 213.333298 228.444397 -0.062125 0.030005 0.000000
-0.000788 213.333298 228.444397 -0.000142 -0.001029 0.000000
0.009394 212.444397 228.444397 -0.031134 -0.001029 0.000000
-0.000788 211.555603 229.333298 -0.031130 0.030009 0.000000
-0.000788 211.555603 229.333298 -0.000142 -0.001029 0.000000
-0.000788 211.555603 229.333298 -0.000142 -0.001029 0.000000
0.009394 211.555603 229.333298 -0.000142 -0.001029 0.000000
-0.003334 211.555603 230.222198 -0.000142 0.030009 0.000000
-0.000788 211.555603 230.222198 -0.000142 -0.001029 0.000000
0.009394 211.555603 230.222198 -0.000142 -0.001029 0.000000
-0.003334 211.555603 230.222198 -0.000142 -0.001029 0.000000
-0.000788 211.555603 230.222198 -0.000142 -0.001029 0.000000
0.009394 211.555603 230.222198 -0.000142 -0.001029 0.000000
-0.000788 211.555603 230.222198 -0.000142 -0.001029 0.000000
-0.000788 211.555603 230.222198 -0.000142 -0.001029 0.000000
0.009394 211.555603 230.222198 -0.000142 -0.001029 0.000000
-0.003334 211.555603 230.222198 -0.000142 -0.001029 0.000000
-0.000788 213.333298 230.222198 0.061837 -0.001029 0.000000
0.011940 216.000000 230.222198 0.092832 -0.001029 0.000000
-0.000788 216.000000 230.222198 -0.000142 -0.001029 0.000000
-0.000788 219.555603 229.333298 0.123824 -0.032066 0.000000
0.009394 223.111099 228.444397 0.123820 -0.032066 0.000000
-0.003334 227.555603 227.555603 0.154815 -0.032062 0.000000
-0.000788 227.555603 227.555603 -0.000142 -0.001029 0.000000
0.011940 232.000000 226.666702 0.154812 -0.032066 0.000000
-0.003334 237.333298 224.888901 0.185803 -0.063104 0.000000
0.001757 242.666702 224.000000 0.185807 -0.032066 0.000000
0.011940 248.000000 223.111099 0.185803 -0.032066 0.000000
-0.000788 248.000000 223.111099 -0.000142 -0.001029 0.000000
0.001757 254.222198 222.222198 0.216795 -0.032066 0.000000
0.011940 259.555511 221.333298 0.185804 -0.032066 0.000000
-0.000788 264.888885 220.444397 0.185806 -0.032066 0.000000
0.011940 269.333313 219.555603 0.154813 -0.032062 0.000000
-0.000788 269.333313 219.555603 -0.000142 -0.001029 0.000000
-0.000788 274.666687 218.666702 0.185806 -0.032066 0.000000
0.009394 278.222198 217.777802 0.123821 -0.032066 0.000000
-0.005880 282.666687 217.777802 0.154815 -0.001029 0.000000
-0.000788 282.666687 217.777802 -0.000142 -0.001029 0.000000
-0.000788 287.111115 216.888901 0.154813 -0.032066 0.000000
0.009394 291.555511 216.888901 0.154812 -0.001029 0.000000
-0.003334 291.555511 216.888901 -0.000142 -0.001029 0.000000
0.001757 296.888885 216.000000 0.185806 -0.032066 0.000000
0.017032 301.333313 216.000000 0.154813 -0.001029 0.000000
0.011940 306.666687 216.000000 0.185806 -0.001029 0.000000
0.024669 317.333313 216.000000 0.371750 -0.001029 0.000000
