0.014486 194.666702 192.000000 -0.372033 -0.745920 0.000000
0.004303 182.222198 173.333298 -0.434020 -0.652811 0.000000
0.014486 168.888901 158.222198 -0.465008 -0.528660 0.000000
0.004303 152.888901 148.444397 -0.557982 -0.342438 0.000000
0.017032 137.777802 142.222198 -0.526991 -0.218288 0.000000
0.004303 122.666702 139.555603 -0.526991 -0.094138 0.000000
0.017032 109.333298 138.666702 -0.465011 -0.032066 0.000000
0.004303 97.777779 138.666702 -0.403025 -0.001029 0.000000
0.006849 87.111107 140.444397 -0.372036 0.061043 0.000000
0.017032 78.222221 144.888901 -0.310053 0.154159 1.000000
0.037397 63.111111 157.333298 -0.526991 0.433490 2.000000
0.037397 51.555561 177.777802 -0.403026 0.712829 2.000000
0.060309 44.444439 219.555603 -0.248071 1.457720 2.000000
0.042489 48.000000 249.777802 0.123822 1.054235 2.000000
0.039943 57.777779 274.666687 0.340760 0.868012 2.000000
0.047580 70.222221 290.666687 0.433733 0.557641 2.000000
0.042489 89.777779 306.666687 0.681662 0.557641 2.000000
0.047580 103.111099 311.111115 0.464724 0.154157 0.000000
0.045035 120.000000 309.333313 0.588689 -0.063104 0.000000
0.001757 128.888901 306.666687 0.309769 -0.094139 0.000000
0.019577 136.888901 302.222198 0.278778 -0.156216 0.000000
0.039943 151.111099 295.111115 0.495715 -0.249325 0.000000
-0.000788 156.444397 290.666687 0.185803 -0.156214 0.000000
0.037397 166.222198 284.444489 0.340761 -0.218288 0.000000
0.037397 176.000000 280.000000 0.340761 -0.156216 0.000000
0.055218 187.555603 274.666687 0.402744 -0.187251 0.000000
-0.000788 194.666702 271.111115 0.247786 -0.125178 0.000000
0.014486 202.666702 266.666687 0.278778 -0.156214 0.000000
0.022123 211.555603 261.333313 0.309769 -0.187253 1.000000
0.014486 231.111099 250.666702 0.681660 -0.373473 1.000000
0.001757 231.111099 250.666702 -0.000142 -0.001029 1.000000
0.011940 240.888901 245.333298 0.340761 -0.187254 2.000000
0.057763 264.888885 235.555603 0.836617 -0.342435 2.000000
0.047580 276.444489 232.888901 0.402744 -0.094141 2.000000
0.032306 287.111115 232.888901 0.371750 -0.001029 2.000000
0.001757 291.555511 232.888901 0.154812 -0.001029 2.000000
0.032306 300.444489 234.666702 0.309772 0.061047 2.000000
0.032306 305.777802 235.555603 0.185804 0.030009 2.000000
0.055218 320.888885 243.555603 0.526706 0.278306 2.000000
0.001757 327.111115 248.000000 0.216796 0.154156 0.000000
0.032306 333.333313 251.555603 0.216795 0.123122 0.000000
0.029760 346.666687 261.333313 0.464726 0.340378 0.000000
0.052672 369.777802 275.555511 0.805627 0.495565 0.000000
0.039943 385.777802 280.888885 0.557698 0.185196 0.000000
-0.000788 385.777802 280.888885 -0.000142 -0.001029 0.000000
0.001757 393.777802 282.666687 0.278778 0.061047 0.000000
0.011940 402.666687 283.555511 0.309769 0.030006 0.000000
-0.000788 402.666687 283.555511 -0.000142 -0.001029 0.000000
0.001757 410.666687 283.555511 0.278778 -0.001029 0.000000
0.009394 419.555511 283.555511 0.309767 -0.001029 0.000000
-0.000788 428.444489 284.444489 0.309772 0.030012 0.000000
0.017032 436.444489 284.444489 0.278778 -0.001029 1.000000
0.001757 443.555511 284.444489 0.247784 -0.001029 1.000000
-0.000788 450.666687 285.333313 0.247789 0.030006 1.000000
0.011940 456.000000 285.333313 0.185804 -0.001029 1.000000
-0.003334 456.000000 285.333313 -0.000142 -0.001029 1.000000
0.004303 461.333313 285.333313 0.185804 -0.001029 2.000000
0.014486 464.888885 284.444489 0.123823 -0.032063 2.000000
0.001757 467.555511 282.666687 0.092830 -0.063104 2.000000
0.017032 469.333313 279.111115 0.061841 -0.125178 2.000000
0.001757 469.333313 274.666687 -0.000142 -0.156214 2.000000
0.001757 469.333313 274.666687 -0.000142 -0.001029 2.000000
0.011940 467.555511 258.666687 -0.062125 -0.559698 2.000000
0.029760 464.000000 248.000000 -0.124105 -0.373475 2.000000
0.055218 444.444489 204.444397 -0.681945 -1.521852 2.000000
0.050126 429.333313 170.666702 -0.526993 -1.180438 2.000000
0.034852 412.444489 144.888901 -0.588971 -0.901108 1.000000
0.001757 403.555511 136.000000 -0.310056 -0.311401 0.000000
0.029760 395.555511 130.666702 -0.279062 -0.187250 0.000000
0.032306 381.333313 123.555603 -0.495999 -0.249326 0.000000
0.055218 369.777802 121.777802 -0.403025 -0.063104 0.000000
0.055218 366.222198 128.888901 -0.124108 0.247268 0.000000
-0.000788 364.444489 136.000000 -0.062122 0.247268 0.000000
0.011940 363.555511 144.888901 -0.031136 0.309344 0.000000
0.050126 358.222198 179.555603 -0.186088 1.209423 0.000000
0.052672 354.666687 202.666702 -0.124105 0.805938 0.000000
0.029760 351.111115 224.888901 -0.124107 0.774900 1.000000
0.052672 351.111115 244.444397 -0.000142 0.681787 1.000000
0.004303 352.000000 251.555603 0.030849 0.247272 2.000000
0.029760 354.666687 258.666687 0.092832 0.247268 2.000000
0.029760 356.444489 258.666687 0.061841 -0.001029 2.000000
0.047580 368.000000 242.666702 0.402741 -0.559697 2.000000
0.055218 380.444489 219.555603 0.433735 -0.807995 2.000000
0.037397 395.555511 186.666702 0.526704 -1.149405 2.000000
0.052672 424.888885 120.000000 1.022566 -2.328818 2.000000
0.032306 442.666687 84.444443 0.619681 -1.242516 0.000000
0.052672 452.444489 62.222221 0.340761 -0.776958 0.000000
0.050126 456.000000 53.333328 0.123821 -0.311400 0.000000
0.032306 456.000000 50.666672 -0.000142 -0.094140 0.000000
0.047580 456.000000 49.777779 -0.000142 -0.032066 0.000000
0.047580 453.333313 56.888889 -0.093116 0.247269 0.000000
0.019577 450.666687 64.000000 -0.093114 0.247269 0.000000
0.032306 444.444489 86.222221 -0.217079 0.774901 0.000000
0.050126 438.222198 118.222198 -0.217082 1.116309 0.000000
0.027215 432.888885 157.333298 -0.186088 1.364607 1.000000
0.009394 432.000000 176.888901 -0.031133 0.681791 2.000000
0.014486 432.000000 193.777802 -0.000142 0.588678 2.000000
0.045035 440.000000 220.444397 0.278778 0.930084 2.000000
0.045035 451.555511 234.666702 0.402741 0.495569 2.000000
0.047580 462.222198 233.777802 0.371752 -0.032066 2.000000
0.004303 462.222198 233.777802 -0.000142 -0.001029 2.000000
0.019577 463.111115 217.777802 0.030850 -0.559698 2.000000
0.037397 456.888885 191.111099 -0.217080 -0.932145 2.000000
0.039943 443.555511 154.666702 -0.465010 -1.273551 0.000000
0.057763 424.000000 117.333298 -0.681945 -1.304592 0.000000
0.034852 396.444489 88.888893 -0.960865 -0.994217 0.000000
0.022123 358.222198 72.000000 -1.332762 -0.590735 0.000000
0.011940 335.111115 65.777779 -0.805910 -0.218289 0.000000
0.001757 312.888885 62.222221 -0.774920 -0.125177 0.000000
0.014486 292.444489 58.666672 -0.712936 -0.125177 0.000000
0.039943 263.111115 50.666672 -1.022850 -0.280363 0.000000
0.045035 245.333298 41.777779 -0.619966 -0.311400 0.000000
0.004303 238.222198 37.333328 -0.248071 -0.156215 0.000000
0.027215 232.888901 32.888889 -0.186088 -0.156214 0.000000
0.006849 229.333298 30.222219 -0.124108 -0.094140 1.000000
0.022123 223.111099 27.555559 -0.217079 -0.094140 2.000000
0.045035 215.111099 28.444441 -0.279062 0.030008 2.000000
0.045035 203.555603 34.666672 -0.403025 0.216232 2.000000
0.045035 190.222198 42.666672 -0.465011 0.278306 2.000000
0.047580 170.666702 53.333328 -0.681944 0.371417 2.000000
0.045035 156.444397 59.555561 -0.496003 0.216232 2.000000
0.004303 147.555603 62.222221 -0.310050 0.092083 2.000000
0.019577 137.777802 66.666656 -0.341045 0.154157 2.000000
0.006849 125.333298 72.000000 -0.434020 0.185195 2.000000
0.017032 112.888901 78.222221 -0.434016 0.216232 0.000000
0.004303 98.666656 85.333344 -0.496001 0.247269 0.000000
0.017032 83.555557 93.333344 -0.526991 0.278306 0.000000
0.004303 69.333344 102.222198 -0.496000 0.309342 0.000000
0.004303 56.888889 110.222198 -0.434018 0.278306 0.000000
0.017032 45.333328 117.333298 -0.403027 0.247268 0.000000
0.004303 37.333328 124.444397 -0.279062 0.247268 0.000000
0.014486 30.222219 131.555603 -0.248071 0.247272 0.000000
0.001757 24.888889 137.777802 -0.186089 0.216231 0.000000
0.024669 23.111111 144.000000 -0.062124 0.216231 0.000000
0.006849 22.222219 149.333298 -0.031133 0.185193 0.000000
0.022123 22.222219 153.777802 -0.000142 0.154159 0.000000
0.009394 22.222219 159.111099 -0.000142 0.185193 0.000000
0.019577 24.000000 168.000000 0.061840 0.309344 0.000000
0.050126 26.666670 176.888901 0.092831 0.309344 1.000000
0.047580 41.777779 186.666702 0.526707 0.340381 1.000000
0.019577 50.666672 187.555603 0.309769 0.030009 2.000000
0.009394 60.444439 187.555603 0.340760 -0.001029 2.000000
0.019577 72.000000 184.888901 0.402742 -0.094141 2.000000
0.050126 96.000000 175.111099 0.836618 -0.342438 2.000000
0.052672 131.555603 155.555603 1.239504 -0.683844 2.000000
0.009394 142.222198 148.444397 0.371749 -0.249329 2.000000
0.022123 162.666702 131.555603 0.712655 -0.590732 2.000000
0.006849 162.666702 131.555603 -0.000142 -0.001029 2.000000
0.017032 183.111099 110.222198 0.712652 -0.745923 2.000000
0.004303 183.111099 110.222198 -0.000142 -0.001029 2.000000
0.022123 202.666702 88.888893 0.681664 -0.745920 0.000000
0.009394 212.444397 80.000000 0.340757 -0.311400 0.000000
0.017032 220.444397 72.000000 0.278778 -0.280363 0.000000
0.006849 226.666702 65.777779 0.216799 -0.218289 0.000000
0.011940 232.000000 60.444439 0.185803 -0.187252 0.000000
-0.000788 234.666702 56.000000 0.092832 -0.156214 0.000000
0.017032 236.444397 52.444439 0.061837 -0.125177 0.000000
0.001757 236.444397 52.444439 -0.000142 -0.001029 0.000000
0.006849 236.444397 45.333328 -0.000142 -0.249326 0.000000
0.014486 235.555603 42.666672 -0.031130 -0.094140 0.000000
0.039943 231.111099 40.000000 -0.155100 -0.094140 0.000000
0.042489 220.444397 46.222221 -0.372037 0.216232 0.000000
0.037397 206.222198 66.666656 -0.495999 0.712826 0.000000
0.027215 192.888901 96.000000 -0.465008 1.023199 1.000000
0.017032 188.444397 113.777802 -0.155100 0.619716 1.000000
0.039943 181.333298 151.111099 -0.248071 1.302532 1.000000
0.006849 178.666702 168.888901 -0.093113 0.619716 2.000000
0.019577 176.888901 186.666702 -0.062125 0.619716 2.000000
0.045035 170.666702 225.777802 -0.217079 1.364607 2.000000
0.001757 166.222198 247.111099 -0.155100 0.743862 2.000000
0.017032 162.666702 267.555511 -0.124105 0.712825 2.000000
0.004303 158.222198 287.111115 -0.155100 0.681791 2.000000
0.019577 153.777802 303.111115 -0.155096 0.557641 2.000000
0.004303 151.111099 315.555511 -0.093117 0.433490 2.000000
0.017032 150.222198 324.444489 -0.031134 0.309346 2.000000
0.001757 150.222198 329.777802 -0.000142 0.185194 2.000000
0.006849 150.222198 331.555511 -0.000142 0.061043 2.000000
0.019577 151.111099 331.555511 0.030849 -0.001029 0.000000
0.006849 153.777802 329.777802 0.092832 -0.063101 0.000000
0.014486 157.333298 326.222198 0.123820 -0.125179 0.000000
0.001757 160.888901 320.888885 0.123824 -0.187251 0.000000
0.014486 164.444397 315.555511 0.123820 -0.187253 0.000000
0.001757 167.111099 311.111115 0.092832 -0.156213 0.000000
0.004303 167.111099 311.111115 -0.000142 -0.001029 0.000000
0.011940 174.222198 303.111115 0.247786 -0.280363 0.000000
0.037397 181.333298 293.333313 0.247786 -0.342438 0.000000
0.057763 189.333298 279.111115 0.278778 -0.497623 0.000000
0.034852 199.111099 258.666687 0.340761 -0.714883 0.000000
0.055218 221.333298 221.333298 0.774635 -1.304592 0.000000
0.034852 239.111099 201.777802 0.619681 -0.683844 1.000000
0.045035 255.111099 191.111099 0.557698 -0.373476 1.000000
0.006849 262.222198 186.666702 0.247786 -0.156213 2.000000
0.014486 268.444489 184.000000 0.216798 -0.094141 2.000000
-0.000788 268.444489 184.000000 -0.000142 -0.001029 2.000000
0.032306 280.888885 178.666702 0.433732 -0.187250 2.000000
0.052672 299.555511 168.888901 0.650670 -0.342438 2.000000
0.037397 307.555511 165.333298 0.278778 -0.125179 2.000000
0.050126 309.333313 165.333298 0.061841 -0.001029 2.000000
0.055218 298.666687 174.222198 -0.372034 0.309344 2.000000
-0.000788 277.333313 191.111099 -0.743930 0.588678 0.000000
0.009394 277.333313 191.111099 -0.000142 -0.001029 0.000000
0.045035 233.777802 214.222198 -1.518705 0.805938 0.000000
0.052672 197.333298 227.555603 -1.270780 0.464532 0.000000
0.052672 136.000000 243.555603 -2.138528 0.557641 0.000000
0.027215 115.555603 248.888901 -0.712936 0.185193 0.000000
-0.000788 96.888893 255.111099 -0.650957 0.216231 0.000000
0.024669 80.888893 262.222198 -0.557982 0.247268 0.000000
0.047580 59.555561 281.777802 -0.743929 0.681791 0.000000
0.014486 59.555561 287.111115 -0.000142 0.185194 1.000000
0.017032 63.111111 293.333313 0.123822 0.216231 1.000000
0.022123 71.111107 297.777802 0.278778 0.154159 2.000000
0.014486 81.777779 302.222198 0.371751 0.154156 2.000000
0.032306 111.111099 304.888885 1.022564 0.092084 2.000000
0.047580 164.444397 299.555511 1.859323 -0.187253 2.000000
0.052672 199.111099 289.777802 1.208512 -0.342435 2.000000
0.034852 226.666702 278.222198 0.960584 -0.404514 2.000000
0.022123 237.333298 272.888885 0.371749 -0.187251 2.000000
0.014486 245.333298 265.777802 0.278778 -0.249325 2.000000
0.034852 252.444397 235.555603 0.247786 -1.056292 0.000000
0.052672 238.222198 204.444397 -0.495999 -1.087333 0.000000
0.032306 214.222198 170.666702 -0.836902 -1.180438 0.000000
0.052672 189.333298 139.555603 -0.867894 -1.087329 0.000000
0.001757 178.666702 127.111099 -0.372033 -0.435551 0.000000
0.039943 160.888901 109.333298 -0.619965 -0.621773 0.000000
0.032306 147.555603 102.222198 -0.465008 -0.249326 0.000000
0.055218 136.000000 103.111099 -0.403028 0.030009 0.000000
0.037397 126.222198 120.000000 -0.341045 0.588678 0.000000
0.004303 123.555603 135.111099 -0.093113 0.526603 1.000000
0.014486 122.666702 154.666702 -0.031134 0.681791 1.000000
0.024669 126.222198 197.333298 0.123820 1.488753 2.000000
0.014486 132.444397 218.666702 0.216795 0.743866 2.000000
0.034852 148.444397 264.000000 0.557698 1.581866 2.000000
0.052672 166.222198 304.888885 0.619681 1.426681 2.000000
0.001757 176.000000 320.000000 0.340761 0.526604 2.000000
0.014486 185.777802 332.444489 0.340761 0.433493 2.000000
0.062855 221.333298 344.888885 1.239500 0.433490 2.000000
0.037397 248.888901 333.333313 0.960584 -0.404512 2.000000
0.001757 263.111115 321.777802 0.495715 -0.404510 0.000000
0.014486 277.333313 307.555511 0.495715 -0.497626 0.000000
0.052672 307.555511 266.666687 1.053555 -1.428736 0.000000
0.034852 338.666687 218.666702 1.084549 -1.677036 0.000000
0.055218 380.444489 167.111099 1.456441 -1.801186 0.000000
0.034852 392.000000 159.111099 0.402741 -0.280363 0.000000
-0.000788 403.555511 152.000000 0.402741 -0.249326 0.000000
0.034852 423.111115 143.111099 0.681664 -0.311401 0.000000
0.037397 437.333313 136.888901 0.495715 -0.218288 1.000000
0.027215 447.111115 128.000000 0.340761 -0.311401 2.000000
0.014486 450.666687 121.777802 0.123823 -0.218288 2.000000
0.029760 453.333313 115.555603 0.092830 -0.218288 2.000000
0.055218 455.111115 98.666656 0.061841 -0.590737 2.000000
0.047580 450.666687 91.555557 -0.155097 -0.249326 2.000000
0.034852 442.666687 86.222221 -0.279062 -0.187252 2.000000
0.060309 430.222198 80.000000 -0.434019 -0.218289 0.000000
0.037397 420.444489 73.777779 -0.341042 -0.218289 0.000000
0.050126 410.666687 65.777779 -0.341045 -0.280363 0.000000
0.001757 405.333313 61.333328 -0.186090 -0.156215 0.000000
0.011940 398.222198 56.000000 -0.248071 -0.187251 0.000000
0.050126 378.666687 42.666672 -0.681945 -0.466586 0.000000
0.055218 367.111115 37.333328 -0.403027 -0.187252 0.000000
0.032306 360.888885 34.666672 -0.217080 -0.094140 0.000000
0.001757 360.888885 34.666672 -0.000142 -0.001029 0.000000
0.027215 358.222198 32.888889 -0.093116 -0.063103 0.000000
0.034852 358.222198 32.000000 -0.000142 -0.032066 1.000000
0.060309 364.444489 27.555559 0.216798 -0.156214 2.000000
0.032306 370.666687 24.888889 0.216795 -0.094140 2.000000
0.001757 378.666687 23.111111 0.278778 -0.063103 2.000000
0.001757 385.777802 22.222219 0.247787 -0.032066 2.000000
0.011940 392.888885 21.333330 0.247786 -0.032066 2.000000
0.047580 407.111115 21.333330 0.495716 -0.001029 2.000000
0.057763 429.333313 28.444441 0.774635 0.247269 2.000000
0.037397 447.111115 36.444439 0.619681 0.278306 2.000000
0.062855 470.222198 53.333328 0.805626 0.588678 0.000000
0.024669 475.555511 60.444439 0.185804 0.247269 0.000000
0.009394 480.000000 69.333344 0.154815 0.309344 0.000000
0.017032 482.666687 78.222221 0.092832 0.309343 0.000000
0.045035 484.444489 99.555557 0.061841 0.743864 0.000000
0.042489 477.333313 106.666702 -0.248073 0.247270 0.000000
0.039943 464.888885 108.444397 -0.434017 0.061043 0.000000
0.037397 443.555511 104.000000 -0.743930 -0.156213 0.000000
0.052672 412.444489 92.444443 -1.084828 -0.404512 0.000000
0.034852 376.888885 78.222221 -1.239788 -0.497623 1.000000
0.055218 326.222198 52.444439 -1.766636 -0.901107 2.000000
0.019577 312.000000 43.555561 -0.495999 -0.311400 2.000000
0.014486 298.666687 35.555561 -0.465008 -0.280363 2.000000
0.042489 278.222198 21.333330 -0.712939 -0.497624 2.000000
0.034852 261.333313 13.333330 -0.588973 -0.280363 2.000000
0.055218 241.777802 12.444440 -0.681945 -0.032066 2.000000
0.034852 236.444397 20.444441 -0.186091 0.278306 3.000000
0.017032 236.444397 26.666670 -0.000142 0.216232 0.000000
0.024669 240.000000 33.777779 0.123824 0.247269 0.000000
0.029760 252.444397 49.777779 0.433732 0.557641 0.000000
0.052672 278.222198 78.222221 0.898601 0.992161 0.000000
0.050126 300.444489 98.666656 0.774638 0.712826 0.000000
0.034852 322.666687 121.777802 0.774635 0.805939 0.000000
0.055218 342.222198 146.666702 0.681661 0.868013 0.000000
0.032306 355.555511 168.888901 0.464724 0.774900 0.000000
0.001757 360.000000 178.666702 0.154815 0.340381 1.000000
0.001757 362.666687 185.777802 0.092832 0.247268 1.000000
0.017032 364.444489 192.000000 0.061841 0.216231 2.000000
0.001757 364.444489 197.333298 -0.000142 0.185193 2.000000
0.011940 364.444489 200.888901 -0.000142 0.123122 2.000000
0.001757 364.444489 200.888901 -0.000142 -0.001029 2.000000
0.001757 361.777802 205.333298 -0.093116 0.154156 2.000000
0.014486 358.222198 209.777802 -0.124108 0.154159 2.000000
0.004303 352.888885 214.222198 -0.186088 0.154156 2.000000
0.017032 346.666687 219.555603 -0.217079 0.185197 2.000000
-0.000788 339.555511 224.888901 -0.248073 0.185193 2.000000
0.014486 331.555511 229.333298 -0.279062 0.154156 2.000000
0.001757 322.666687 233.777802 -0.310051 0.154159 2.000000
0.004303 314.666687 237.333298 -0.279062 0.123118 2.000000
0.019577 307.555511 239.111099 -0.248073 0.061047 2.000000
0.004303 300.444489 240.000000 -0.248068 0.030009 2.000000
0.014486 294.222198 240.000000 -0.217082 -0.001029 2.000000
0.006849 287.111115 238.222198 -0.248070 -0.063104 1.000000
0.032306 280.888885 233.777802 -0.217080 -0.156213 1.000000
0.006849 267.555511 221.333298 -0.465010 -0.435551 0.000000
0.011940 262.222198 213.333298 -0.186088 -0.280363 0.000000
0.050126 249.777802 190.222198 -0.434016 -0.807995 0.000000
0.034852 235.555603 162.666702 -0.495999 -0.963179 0.000000
0.055218 216.888901 137.777802 -0.650957 -0.870070 0.000000
0.039943 194.666702 120.000000 -0.774919 -0.621773 0.000000
0.004303 183.111099 114.666702 -0.403028 -0.187250 0.000000
0.014486 172.444397 110.222198 -0.372037 -0.156217 0.000000
0.052672 145.777802 106.666702 -0.929873 -0.125175 1.000000
0.034852 134.222198 111.111099 -0.403028 0.154156 1.000000
0.004303 130.666702 115.555603 -0.124105 0.154159 2.000000
0.032306 128.888901 121.777802 -0.062125 0.216231 2.000000
0.052672 132.444397 148.444397 0.123820 0.930084 2.000000
0.032306 144.888901 169.777802 0.433735 0.743866 2.000000
0.039943 161.777802 191.111099 0.588689 0.743862 2.000000
0.062855 182.222198 215.111099 0.712652 0.836975 2.000000
0.019577 202.666702 241.777802 0.712655 0.930088 1.000000
0.001757 211.555603 254.222198 0.309769 0.433490 1.000000
0.004303 211.555603 254.222198 -0.000142 -0.001029 0.000000
0.022123 227.555603 278.222198 0.557698 0.836975 0.000000
-0.000788 227.555603 278.222198 -0.000142 -0.001029 0.000000
0.017032 240.000000 297.777802 0.433732 0.681791 0.000000
0.055218 251.555603 313.777802 0.402744 0.557641 0.000000
0.039943 261.333313 327.111115 0.340758 0.464528 0.000000
0.039943 268.444489 336.888885 0.247789 0.340380 0.000000
0.004303 271.111115 340.444489 0.092830 0.123122 0.000000
0.034852 273.777802 345.777802 0.092832 0.185194 0.000000
0.032306 272.888885 348.444489 -0.031134 0.092084 0.000000
0.047580 270.222198 349.333313 -0.093116 0.030006 0.000000
0.004303 269.333313 347.555511 -0.031133 -0.063104 1.000000
0.034852 270.222198 336.888885 0.030849 -0.373473 1.000000
0.001757 270.222198 336.888885 -0.000142 -0.001029 2.000000
0.017032 278.222198 316.444489 0.278778 -0.714882 2.000000
0.050126 289.777802 291.555511 0.402744 -0.870073 2.000000
0.034852 300.444489 265.777802 0.371752 -0.901104 2.000000
0.050126 311.111115 240.000000 0.371750 -0.901108 2.000000
0.001757 315.555511 224.888901 0.154812 -0.528660 2.000000
0.014486 320.888885 209.777802 0.185806 -0.528660 2.000000
0.060309 336.000000 168.000000 0.526707 -1.459777 2.000000
0.032306 342.222198 153.777802 0.216795 -0.497623 1.000000
0.022123 343.111115 152.000000 0.030850 -0.063104 0.000000
0.009394 343.111115 151.111099 -0.000142 -0.032066 0.000000
0.057763 320.888885 157.333298 -0.774920 0.216231 0.000000
0.034852 298.666687 168.888901 -0.774919 0.402456 0.000000
0.001757 298.666687 168.888901 -0.000142 -0.001029 0.000000
0.011940 271.111115 185.777802 -0.960867 0.588678 0.000000
0.001757 271.111115 185.777802 -0.000142 -0.001029 0.000000
0.001757 253.333298 195.555603 -0.619966 0.340381 0.000000
0.011940 233.777802 208.888901 -0.681944 0.464528 0.000000
-0.000788 212.444397 224.000000 -0.743931 0.526603 0.000000
0.011940 188.444397 242.666702 -0.836902 0.650753 0.000000
0.001757 188.444397 242.666702 -0.000142 -0.001029 0.000000
0.001757 164.444397 262.222198 -0.836902 0.681787 0.000000
0.014486 139.555603 281.777802 -0.867890 0.681791 0.000000
0.001757 116.444397 301.333313 -0.805914 0.681788 0.000000
0.014486 96.888893 318.222198 -0.681945 0.588678 0.000000
0.001757 81.777779 333.333313 -0.526991 0.526604 0.000000
0.006849 72.888893 344.888885 -0.310053 0.402455 1.000000
0.017032 67.555557 352.888885 -0.186089 0.278306 1.000000
0.001757 65.777779 358.222198 -0.062124 0.185194 2.000000
0.014486 65.777779 360.000000 -0.000142 0.061047 2.000000
0.004303 66.666656 360.000000 0.030849 -0.001029 2.000000
0.029760 70.222221 359.111115 0.123823 -0.032066 2.000000
0.055218 85.333344 337.777802 0.526707 -0.745920 2.000000
0.034852 96.000000 313.777802 0.371751 -0.839032 2.000000
0.052672 110.222198 280.888885 0.495715 -1.149405 2.000000
0.034852 128.888901 248.888901 0.650672 -1.118366 2.000000
0.037397 151.111099 223.111099 0.774635 -0.901108 0.000000
0.004303 162.666702 213.333298 0.402744 -0.342438 0.000000
0.034852 185.777802 198.222198 0.805626 -0.528660 0.000000
0.034852 208.000000 188.444397 0.774635 -0.342438 0.000000
0.001757 208.000000 188.444397 -0.000142 -0.001029 0.000000
0.034852 224.888901 185.777802 0.588689 -0.094138 0.000000
0.057763 242.666702 195.555603 0.619681 0.340381 0.000000
0.034852 252.444397 213.333298 0.340757 0.619712 0.000000
0.055218 261.333313 236.444397 0.309770 0.805938 0.000000
0.034852 273.777802 257.777802 0.433735 0.743866 0.000000
0.034852 288.888885 276.444489 0.526706 0.650753 1.000000
0.001757 296.888885 284.444489 0.278778 0.278306 1.000000
0.034852 312.888885 296.000000 0.557698 0.402453 2.000000
0.050126 327.111115 304.000000 0.495716 0.278306 2.000000
0.034852 336.888885 307.555511 0.340760 0.123119 2.000000
0.052672 343.111115 306.666687 0.216796 -0.032063 2.000000
0.001757 344.888885 303.111115 0.061840 -0.125178 2.000000
0.029760 345.777802 289.777802 0.030850 -0.466585 2.000000
0.032306 345.777802 280.000000 -0.000142 -0.342438 2.000000
0.052672 348.444489 233.777802 0.092832 -1.614961 2.000000
0.034852 353.777802 189.333298 0.185804 -1.552889 0.000000
0.055218 355.555511 147.555603 0.061838 -1.459773 0.000000
-0.000788 354.666687 131.555603 -0.031131 -0.559698 0.000000
0.009394 351.111115 119.111099 -0.124107 -0.435551 0.000000
-0.000788 346.666687 110.222198 -0.155097 -0.311401 0.000000
0.047580 338.666687 99.555557 -0.279062 -0.373474 0.000000
0.042489 335.111115 95.111107 -0.124107 -0.156215 0.000000
0.045035 334.222198 98.666656 -0.031134 0.123120 0.000000
0.042489 333.333313 120.000000 -0.031133 0.743864 0.000000
0.042489 321.777802 184.888901 -0.403025 2.264686 0.000000
0.042489 307.555511 229.333298 -0.496002 1.550829 1.000000
0.042489 294.222198 265.777802 -0.465008 1.271498 1.000000
0.011940 287.111115 280.888885 -0.248070 0.526603 2.000000
0.014486 280.000000 294.222198 -0.248071 0.464528 2.000000
0.001757 272.888885 305.777802 -0.248071 0.402456 2.000000
0.039943 260.444489 323.555511 -0.434016 0.619713 2.000000
0.042489 252.444397 335.111115 -0.279065 0.402456 2.000000
0.006849 249.777802 338.666687 -0.093113 0.123121 2.000000
0.029760 248.888901 343.111115 -0.031134 0.154157 2.000000
0.039943 248.888901 344.888885 -0.000142 0.061046 2.000000
0.037397 260.444489 344.000000 0.402743 -0.032066 2.000000
0.039943 276.444489 336.000000 0.557698 -0.280363 0.000000
0.057763 295.111115 321.777802 0.650670 -0.497623 0.000000
0.029760 316.444489 300.444489 0.743646 -0.745920 0.000000
0.047580 336.888885 273.777802 0.712652 -0.932145 0.000000
0.060309 362.666687 232.888901 0.898601 -1.428739 0.000000
0.022123 370.666687 219.555603 0.278778 -0.466585 0.000000
0.014486 384.888885 192.000000 0.495715 -0.963183 0.000000
0.022123 391.111115 178.666702 0.216796 -0.466585 0.000000
0.047580 401.777802 154.666702 0.371752 -0.839032 0.000000
0.006849 405.333313 146.666702 0.123821 -0.280363 1.000000
0.024669 408.888885 137.777802 0.123823 -0.311401 2.000000
0.042489 404.444489 134.222198 -0.155096 -0.125179 2.000000
0.039943 389.333313 130.666702 -0.526993 -0.125175 2.000000
0.004303 377.777802 129.777802 -0.403025 -0.032066 2.000000
0.014486 364.444489 128.000000 -0.465008 -0.063104 2.000000
0.004303 348.444489 126.222198 -0.557982 -0.063104 2.000000
0.014486 330.666687 122.666702 -0.619965 -0.125175 2.000000
0.006849 310.222198 119.111099 -0.712939 -0.125179 2.000000
0.017032 289.777802 115.555603 -0.712936 -0.125175 2.000000
0.004303 270.222198 111.111099 -0.681948 -0.156217 2.000000
0.019577 251.555603 107.555603 -0.650953 -0.125175 2.000000
0.004303 235.555603 104.000000 -0.557982 -0.125179 2.000000
0.006849 220.444397 100.444397 -0.526994 -0.125179 2.000000
0.017032 208.888901 96.888893 -0.403025 -0.125175 2.000000
0.009394 200.000000 95.111107 -0.310054 -0.063103 0.000000
0.017032 192.888901 92.444443 -0.248071 -0.094140 0.000000
0.006849 189.333298 90.666656 -0.124108 -0.063103 0.000000
0.017032 186.666702 88.888893 -0.093113 -0.063102 0.000000
0.045035 184.000000 86.222221 -0.093117 -0.094140 0.000000
0.039943 184.000000 85.333344 -0.000142 -0.032065 0.000000
0.057763 184.888901 90.666656 0.030849 0.185194 0.000000
0.037397 186.666702 112.000000 0.061841 0.743864 0.000000
0.045035 184.888901 156.444397 -0.062125 1.550829 0.000000
0.042489 182.222198 181.333298 -0.093117 0.868013 0.000000
0.045035 182.222198 203.555603 -0.000142 0.774904 1.000000
0.004303 182.222198 214.222198 -0.000142 0.371415 1.000000
0.014486 182.222198 224.888901 -0.000142 0.371419 1.000000
0.006849 184.000000 234.666702 0.061841 0.340381 2.000000
0.017032 186.666702 243.555603 0.092832 0.309344 2.000000
0.004303 188.444397 250.666702 0.061837 0.247268 2.000000
0.017032 191.111099 256.888885 0.092832 0.216230 2.000000
0.004303 193.777802 260.444489 0.092832 0.123122 2.000000
0.019577 196.444397 261.333313 0.092829 0.030006 2.000000
0.004303 199.111099 261.333313 0.092832 -0.001029 2.000000
0.001757 202.666702 257.777802 0.123824 -0.125176 2.000000
0.014486 206.222198 251.555603 0.123820 -0.218288 2.000000
0.009394 208.888901 243.555603 0.092832 -0.280363 2.000000
0.019577 211.555603 232.888901 0.092832 -0.373476 2.000000
0.006849 212.444397 221.333298 0.030846 -0.404514 2.000000
0.022123 211.555603 192.000000 -0.031130 -1.025254 1.000000
0.047580 202.666702 160.888901 -0.310054 -1.087329 0.000000
0.045035 189.333298 135.111099 -0.465011 -0.901108 0.000000
0.039943 172.444397 114.666702 -0.588974 -0.714882 0.000000
0.004303 162.666702 106.666702 -0.341041 -0.280363 0.000000
0.039943 144.888901 96.000000 -0.619965 -0.373476 0.000000
0.045035 129.777802 88.000000 -0.526991 -0.280363 0.000000
0.042489 119.111099 82.666656 -0.372037 -0.187252 0.000000
0.017032 115.555603 81.777779 -0.124105 -0.032065 0.000000
0.006849 113.777802 80.000000 -0.062125 -0.063103 0.000000
0.034852 112.000000 79.111107 -0.062125 -0.032066 1.000000
0.039943 112.000000 77.333344 -0.000142 -0.063102 1.000000
0.057763 112.000000 77.333344 -0.000142 -0.001029 2.000000
0.034852 112.000000 77.333344 -0.000142 -0.001029 2.000000
0.050126 108.444397 78.222221 -0.124108 0.030008 2.000000
0.034852 101.333298 84.444443 -0.248071 0.216232 2.000000
0.057763 90.666656 96.000000 -0.372035 0.402455 2.000000
0.052672 80.000000 107.555603 -0.372035 0.402456 2.000000
0.034852 64.888893 125.333298 -0.526991 0.619712 2.000000
0.006849 55.111111 136.888901 -0.341045 0.402456 0.000000
0.017032 44.444439 149.333298 -0.372036 0.433490 0.000000
0.004303 34.666672 163.555603 -0.341044 0.495569 0.000000
0.019577 24.888889 176.888901 -0.341045 0.464528 0.000000
0.062855 10.666670 214.222198 -0.496000 1.302532 0.000000
0.042489 12.444440 232.888901 0.061840 0.650753 0.000000
0.006849 16.000000 240.000000 0.123822 0.247268 0.000000
0.019577 27.555559 246.222198 0.402742 0.216231 0.000000
-0.000788 27.555559 246.222198 -0.000142 -0.001029 0.000000
0.022123 43.555561 244.444397 0.557698 -0.063104 0.000000
0.004303 43.555561 244.444397 -0.000142 -0.001029 0.000000
0.022123 62.222221 232.000000 0.650671 -0.435547 0.000000
0.006849 73.777779 223.111099 0.402742 -0.311401 0.000000
0.017032 87.111107 213.333298 0.464724 -0.342438 0.000000
0.001757 103.111099 202.666702 0.557698 -0.373472 0.000000
0.017032 120.888901 192.888901 0.619681 -0.342438 1.000000
0.006849 138.666702 184.000000 0.619681 -0.311401 1.000000
0.014486 156.444397 176.888901 0.619677 -0.249326 1.000000
0.001757 173.333298 171.555603 0.588689 -0.187250 1.000000
0.022123 187.555603 168.000000 0.495719 -0.125179 2.000000
0.001757 201.777802 167.111099 0.495715 -0.032066 2.000000
0.017032 213.333298 167.111099 0.402740 -0.001029 2.000000
0.006849 224.000000 170.666702 0.371752 0.123122 2.000000
0.039943 239.111099 182.222198 0.526706 0.402453 2.000000
0.039943 248.000000 199.111099 0.309769 0.588678 2.000000
0.057763 248.000000 232.888901 -0.000142 1.178385 2.000000
0.037397 236.444397 258.666687 -0.403028 0.899050 1.000000
0.039943 219.555603 282.666687 -0.588970 0.836975 0.000000
0.055218 202.666702 301.333313 -0.588974 0.650751 0.000000
0.034852 190.222198 312.888885 -0.434020 0.402455 0.000000
0.047580 182.222198 318.222198 -0.279062 0.185194 0.000000
0.047580 177.777802 319.111115 -0.155096 0.030010 0.000000
0.050126 177.777802 317.333313 -0.000142 -0.063104 0.000000
0.047580 184.888901 309.333313 0.247786 -0.280363 0.000000
0.032306 200.000000 295.111115 0.526706 -0.497623 0.000000
0.029760 223.111099 270.222198 0.805626 -0.870070 1.000000
-0.003334 223.111099 270.222198 -0.000142 -0.001029 1.000000
0.045035 269.333313 216.000000 1.611395 -1.894296 1.000000
0.034852 295.111115 179.555603 0.898601 -1.273551 2.000000
0.001757 295.111115 179.555603 -0.000142 -0.001029 2.000000
-0.003334 304.000000 163.555603 0.309769 -0.559698 2.000000
0.014486 311.111115 152.000000 0.247787 -0.404514 2.000000
-0.000788 311.111115 152.000000 -0.000142 -0.001029 2.000000
0.032306 320.888885 137.777802 0.340760 -0.497623 2.000000
0.052672 329.777802 131.555603 0.309770 -0.218288 2.000000
0.052672 336.888885 132.444397 0.247786 0.030005 2.000000
0.037397 346.666687 143.111099 0.340761 0.371419 2.000000
0.004303 352.888885 152.000000 0.216795 0.309344 3.000000
0.019577 359.111115 164.444397 0.216796 0.433490 3.000000
0.004303 365.333313 178.666702 0.216795 0.495569 0.000000
0.017032 371.555511 195.555603 0.216795 0.588678 0.000000
0.001757 377.777802 213.333298 0.216798 0.619712 0.000000
0.017032 384.000000 232.888901 0.216795 0.681791 0.000000
0.001757 389.333313 253.333298 0.185804 0.712825 0.000000
0.017032 394.666687 272.888885 0.185806 0.681790 0.000000
-0.000788 398.222198 290.666687 0.123821 0.619716 0.000000
0.004303 402.666687 306.666687 0.154815 0.557641 0.000000
0.017032 405.333313 319.111115 0.092830 0.433491 0.000000
0.001757 407.111115 329.777802 0.061841 0.371418 0.000000
0.017032 408.888885 336.888885 0.061840 0.247268 0.000000
0.004303 409.777802 342.222198 0.030850 0.185194 0.000000
0.017032 410.666687 344.000000 0.030849 0.061047 0.000000
0.001757 410.666687 345.777802 -0.000142 0.061047 0.000000
0.034852 410.666687 344.888885 -0.000142 -0.032067 1.000000
0.004303 410.666687 344.888885 -0.000142 -0.001029 1.000000
0.029760 409.777802 333.333313 -0.031133 -0.404512 1.000000
0.032306 409.777802 306.666687 -0.000142 -0.932142 2.000000
0.009394 409.777802 288.000000 -0.000142 -0.652810 2.000000
0.045035 411.555511 242.666702 0.061838 -1.583923 2.000000
0.029760 415.111115 196.444397 0.123824 -1.614965 2.000000
0.047580 416.888885 160.888901 0.061840 -1.242514 2.000000
0.052672 417.777802 138.666702 0.030850 -0.776957 2.000000
0.032306 416.000000 129.777802 -0.062125 -0.311401 2.000000
0.052672 414.222198 127.111099 -0.062125 -0.094141 2.000000
0.032306 408.000000 135.111099 -0.217079 0.278306 1.000000
0.001757 408.000000 135.111099 -0.000142 -0.001029 1.000000
0.011940 395.555511 160.000000 -0.434019 0.868013 0.000000
0.001757 395.555511 160.000000 -0.000142 -0.001029 0.000000
0.029760 379.555511 199.111099 -0.557982 1.364607 0.000000
0.004303 369.777802 220.444397 -0.341042 0.743862 0.000000
0.037397 360.000000 243.555603 -0.341045 0.805941 0.000000
0.042489 329.777802 309.333313 -1.053839 2.295720 0.000000
0.001757 329.777802 309.333313 -0.000142 -0.001029 0.000000
0.017032 316.444489 337.777802 -0.465008 0.992163 0.000000
0.001757 316.444489 337.777802 -0.000142 -0.001029 0.000000
0.019577 310.222198 353.777802 -0.217082 0.557641 0.000000
-0.000788 310.222198 353.777802 -0.000142 -0.001029 0.000000
0.001757 308.444489 358.222198 -0.062122 0.154156 0.000000
0.019577 307.555511 364.444489 -0.031136 0.216234 0.000000
0.004303 307.555511 364.444489 -0.000142 -0.001029 0.000000
0.019577 307.555511 367.111115 -0.000142 0.092082 0.000000
0.004303 307.555511 369.777802 -0.000142 0.092084 1.000000
0.017032 307.555511 373.333313 -0.000142 0.123119 1.000000
-0.000788 307.555511 373.333313 -0.000142 -0.001029 1.000000
0.017032 307.555511 376.000000 -0.000142 0.092084 2.000000
0.004303 307.555511 376.000000 -0.000142 -0.001029 2.000000
-0.000788 307.555511 376.000000 -0.000142 -0.001029 2.000000
0.014486 307.555511 376.000000 -0.000142 -0.001029 2.000000
0.001757 307.555511 374.222198 -0.000142 -0.063104 2.000000
0.032306 306.666687 360.000000 -0.031131 -0.497623 2.000000
0.052672 308.444489 331.555511 0.061841 -0.994220 2.000000
0.055218 312.888885 288.000000 0.154812 -1.521849 2.000000
0.029760 316.444489 234.666702 0.123824 -1.863258 2.000000
0.047580 314.666687 171.555603 -0.062125 -2.204668 2.000000
0.037397 307.555511 148.444397 -0.248073 -0.807998 0.000000
0.011940 304.000000 140.444397 -0.124105 -0.280363 0.000000
0.006849 304.000000 140.444397 -0.000142 -0.001029 0.000000
0.001757 300.444489 134.222198 -0.124105 -0.218288 0.000000
0.052672 295.111115 123.555603 -0.186090 -0.373472 0.000000
0.027215 295.111115 122.666702 -0.000142 -0.032066 0.000000
0.045035 295.111115 127.111099 -0.000142 0.154156 0.000000
0.050126 302.222198 160.000000 0.247786 1.147347 0.000000
0.052672 311.111115 184.888901 0.309770 0.868013 0.000000
0.045035 338.666687 208.888901 0.960583 0.836975 1.000000
0.014486 350.222198 212.444397 0.402741 0.123118 1.000000
-0.000788 350.222198 212.444397 -0.000142 -0.001029 1.000000
0.001757 362.666687 214.222198 0.433735 0.061047 1.000000
0.014486 375.111115 214.222198 0.433733 -0.001029 1.000000
0.001757 385.777802 212.444397 0.371752 -0.063104 2.000000
0.017032 397.333313 208.888901 0.402741 -0.125175 2.000000
0.001757 407.111115 204.444397 0.340761 -0.156217 2.000000
0.004303 416.888885 200.000000 0.340760 -0.156213 2.000000
0.011940 425.777802 194.666702 0.309770 -0.187250 2.000000
0.004303 425.777802 194.666702 -0.000142 -0.001029 2.000000
0.014486 441.777802 183.111099 0.557698 -0.404514 2.000000
-0.000788 441.777802 183.111099 -0.000142 -0.001029 2.000000
0.004303 448.000000 177.777802 0.216795 -0.187250 2.000000
0.019577 457.777802 171.555603 0.340761 -0.218288 2.000000
0.004303 457.777802 171.555603 -0.000142 -0.001029 2.000000
0.019577 464.000000 168.888901 0.216795 -0.094141 2.000000
0.006849 464.000000 168.888901 -0.000142 -0.001029 2.000000
0.019577 465.777802 168.000000 0.061841 -0.032066 2.000000
0.011940 464.888885 168.000000 -0.031134 -0.001029 0.000000
0.019577 461.333313 169.777802 -0.124107 0.061047 0.000000
0.042489 446.222198 176.888901 -0.526991 0.247268 0.000000
0.047580 416.888885 193.777802 -1.022848 0.588678 0.000000
0.042489 400.000000 206.222198 -0.588973 0.433490 0.000000
0.045035 383.111115 217.777802 -0.588973 0.402456 0.000000
0.065400 351.111115 241.777802 -1.115822 0.836975 0.000000
0.037397 326.222198 266.666687 -0.867894 0.868012 0.000000
0.039943 306.666687 296.000000 -0.681945 1.023198 0.000000
0.001757 299.555511 309.333313 -0.248073 0.464528 0.000000
0.014486 295.111115 320.888885 -0.155096 0.402455 1.000000
0.004303 292.444489 329.777802 -0.093114 0.309344 1.000000
0.037397 291.555511 337.777802 -0.031136 0.278306 2.000000
0.050126 290.666687 347.555511 -0.031131 0.340378 2.000000
0.032306 290.666687 348.444489 -0.000142 0.030012 2.000000
0.055218 290.666687 340.444489 -0.000142 -0.280363 2.000000
0.034852 291.555511 320.888885 0.030847 -0.683848 2.000000
0.057763 291.555511 262.222198 -0.000142 -2.049483 2.000000
0.032306 291.555511 234.666702 -0.000142 -0.963179 2.000000
0.001757 285.333313 177.777802 -0.217079 -1.987408 3.000000
0.037397 280.888885 152.000000 -0.155097 -0.901108 0.000000
0.037397 269.333313 117.333298 -0.403027 -1.211480 0.000000
0.037397 255.111099 98.666656 -0.496000 -0.652808 0.000000
0.004303 246.222198 93.333344 -0.310054 -0.187251 0.000000
0.032306 227.555603 88.888893 -0.650953 -0.156215 0.000000
0.014486 219.555603 88.888893 -0.279062 -0.001029 0.000000
0.004303 212.444397 92.444443 -0.248074 0.123120 0.000000
0.004303 212.444397 92.444443 -0.000142 -0.001029 0.000000
0.011940 200.000000 108.444397 -0.434016 0.557639 0.000000
0.004303 200.000000 108.444397 -0.000142 -0.001029 0.000000
0.014486 193.777802 136.000000 -0.217079 0.961126 0.000000
0.004303 193.777802 136.000000 -0.000142 -0.001029 0.000000
0.017032 192.888901 168.000000 -0.031134 1.116310 0.000000
0.001757 192.888901 168.000000 -0.000142 -0.001029 0.000000
0.006849 193.777802 183.111099 0.030849 0.526603 0.000000
0.011940 195.555603 196.444397 0.061841 0.464528 1.000000
0.009394 197.333298 209.777802 0.061837 0.464532 1.000000
0.024669 200.000000 235.555603 0.092832 0.899050 2.000000
0.019577 200.888901 248.000000 0.030849 0.433490 2.000000
0.004303 202.666702 259.555511 0.061841 0.402453 2.000000
0.050126 205.333298 276.444489 0.092829 0.588681 2.000000
0.052672 210.666702 287.111115 0.185807 0.371416 2.000000
0.045035 214.222198 287.111115 0.123820 -0.001029 2.000000
0.042489 220.444397 280.888885 0.216795 -0.218289 2.000000
0.042489 234.666702 256.000000 0.495719 -0.870069 2.000000
0.022123 242.666702 243.555603 0.278778 -0.435547 0.000000
0.009394 250.666702 229.333298 0.278778 -0.497626 0.000000
0.042489 272.000000 198.222198 0.743643 -1.087329 0.000000
0.034852 296.888885 167.111099 0.867609 -1.087329 0.000000
0.055218 325.333313 138.666702 0.991573 -0.994217 0.000000
0.032306 352.000000 114.666702 0.929592 -0.839032 0.000000
0.060309 380.444489 87.111107 0.991575 -0.963182 0.000000
0.014486 386.666687 80.888893 0.216795 -0.218288 0.000000
-0.000788 386.666687 80.888893 -0.000142 -0.001029 0.000000
0.050126 392.888885 72.000000 0.216795 -0.311400 0.000000
0.032306 392.888885 72.000000 -0.000142 -0.001029 1.000000
0.001757 392.000000 75.555557 -0.031133 0.123120 1.000000
0.014486 390.222198 81.777779 -0.062125 0.216232 2.000000
0.001757 390.222198 81.777779 -0.000142 -0.001029 2.000000
0.052672 385.777802 114.666702 -0.155096 1.147348 2.000000
0.047580 387.555511 148.444397 0.061838 1.178381 2.000000
0.027215 393.777802 184.000000 0.216798 1.240460 2.000000
0.001757 397.333313 200.000000 0.123821 0.557641 2.000000
0.039943 400.888885 213.333298 0.123823 0.464528 2.000000
0.045035 409.777802 234.666702 0.309770 0.743866 2.000000
0.014486 411.555511 236.444397 0.061838 0.061043 2.000000
0.009394 412.444489 236.444397 0.030852 -0.001029 2.000000
0.017032 413.333313 234.666702 0.030847 -0.063100 0.000000
0.006849 414.222198 228.444397 0.030849 -0.218292 0.000000
0.017032 415.111115 218.666702 0.030850 -0.342435 0.000000
0.006849 416.888885 206.222198 0.061840 -0.435551 0.000000
0.017032 420.444489 171.555603 0.123824 -1.211476 0.000000
0.006849 420.444489 171.555603 -0.000142 -0.001029 0.000000
0.017032 425.777802 129.777802 0.185804 -1.459777 0.000000
0.006849 425.777802 129.777802 -0.000142 -0.001029 0.000000
0.006849 428.444489 111.111099 0.092832 -0.652811 0.000000
0.022123 429.333313 85.333344 0.030847 -0.901106 0.000000
0.017032 427.555511 76.444443 -0.062125 -0.311401 0.000000
0.006849 424.888885 68.444443 -0.093114 -0.280363 0.000000
0.004303 421.333313 61.333328 -0.124107 -0.249326 0.000000
0.019577 418.666687 56.000000 -0.093114 -0.187251 0.000000
0.065400 413.333313 46.222221 -0.186090 -0.342438 0.000000
0.017032 412.444489 45.333328 -0.031131 -0.032066 1.000000
0.004303 412.444489 45.333328 -0.000142 -0.001029 1.000000
0.017032 412.444489 45.333328 -0.000142 -0.001029 2.000000
0.004303 412.444489 45.333328 -0.000142 -0.001029 2.000000
0.057763 416.000000 58.666672 0.123821 0.464529 2.000000
0.034852 417.777802 75.555557 0.061841 0.588678 2.000000
0.037397 421.333313 100.444397 0.123821 0.868011 2.000000
0.062855 427.555511 133.333298 0.216795 1.147347 2.000000
0.037397 437.333313 170.666702 0.340761 1.302535 2.000000
0.034852 448.000000 203.555603 0.371752 1.147347 2.000000
0.004303 453.333313 217.777802 0.185804 0.495565 0.000000
0.014486 457.777802 230.222198 0.154815 0.433490 0.000000
0.006849 461.333313 240.888901 0.123821 0.371419 0.000000
0.034852 465.777802 256.000000 0.154815 0.526603 0.000000
0.037397 466.666687 260.444489 0.030849 0.154159 0.000000
0.060309 461.333313 258.666687 -0.186090 -0.063104 0.000000
0.014486 447.111115 247.111099 -0.495999 -0.404513 0.000000
-0.000788 447.111115 247.111099 -0.000142 -0.001029 0.000000
0.014486 424.888885 224.000000 -0.774920 -0.807995 0.000000
0.001757 424.888885 224.000000 -0.000142 -0.001029 0.000000
0.004303 412.444489 208.888901 -0.434016 -0.528660 0.000000
0.014486 399.111115 190.222198 -0.465010 -0.652811 0.000000
0.001757 384.888885 169.777802 -0.496000 -0.714882 0.000000
0.017032 371.555511 148.444397 -0.465010 -0.745923 0.000000
0.001757 358.222198 128.888901 -0.465008 -0.683844 1.000000
0.004303 345.777802 111.111099 -0.434016 -0.621773 1.000000
0.011940 332.444489 96.000000 -0.465008 -0.528660 1.000000
0.001757 332.444489 96.000000 -0.000142 -0.001029 1.000000
0.017032 309.333313 75.555557 -0.805913 -0.714884 2.000000
0.001757 309.333313 75.555557 -0.000142 -0.001029 2.000000
0.001757 299.555511 69.333344 -0.341045 -0.218288 2.000000
0.014486 290.666687 64.888893 -0.310051 -0.156215 2.000000
0.004303 283.555511 61.333328 -0.248073 -0.125178 2.000000
0.037397 273.777802 60.444439 -0.341042 -0.032066 2.000000
0.037397 268.444489 68.444443 -0.186088 0.278306 2.000000
0.060309 267.555511 103.111099 -0.031136 1.209421 2.000000
0.032306 267.555511 120.888901 -0.000142 0.619716 2.000000
0.057763 276.444489 182.222198 0.309772 2.140535 2.000000
0.024669 284.444489 221.333298 0.278778 1.364607 0.000000
0.006849 288.888885 240.000000 0.154812 0.650753 0.000000
0.045035 296.888885 276.444489 0.278778 1.271497 0.000000
0.034852 305.777802 305.777802 0.309770 1.023198 0.000000
0.042489 316.444489 328.000000 0.371752 0.774900 0.000000
0.042489 329.777802 342.222198 0.464724 0.495565 0.000000
0.060309 342.222198 349.333313 0.433732 0.247269 0.000000
0.037397 353.777802 351.111115 0.402744 0.061047 0.000000
0.034852 362.666687 349.333313 0.309769 -0.063104 0.000000
0.055218 379.555511 334.222198 0.588687 -0.528661 1.000000
0.032306 393.777802 312.000000 0.495718 -0.776957 1.000000
0.034852 409.777802 280.888885 0.557698 -1.087330 2.000000
0.001757 409.777802 280.888885 -0.000142 -0.001029 2.000000
0.047580 429.333313 239.111099 0.681661 -1.459776 2.000000
0.042489 432.888885 218.666702 0.123823 -0.714882 2.000000
0.050126 426.666687 200.888901 -0.217079 -0.621773 2.000000
0.029760 411.555511 184.888901 -0.526993 -0.559698 2.000000
0.052672 392.888885 172.444397 -0.650954 -0.435551 2.000000
0.047580 358.222198 165.333298 -1.208796 -0.249326 2.000000
0.014486 344.888885 164.444397 -0.465008 -0.032066 0.000000
0.011940 330.666687 164.444397 -0.495999 -0.001029 0.000000
0.022123 315.555511 166.222198 -0.526993 0.061047 0.000000
-0.000788 299.555511 169.777802 -0.557982 0.123122 0.000000
0.050126 271.111115 180.444397 -0.991856 0.371415 0.000000
0.055218 248.000000 204.444397 -0.805911 0.836975 0.000000
0.029760 246.222198 226.666702 -0.062125 0.774904 0.000000
0.029760 252.444397 251.555603 0.216795 0.868013 0.000000
0.001757 252.444397 251.555603 -0.000142 -0.001029 0.000000
0.014486 259.555511 263.111115 0.247787 0.402453 0.000000
-0.000788 266.666687 274.666687 0.247789 0.402455 0.000000
0.004303 275.555511 286.222198 0.309767 0.402453 0.000000
0.014486 285.333313 296.000000 0.340761 0.340381 0.000000
0.004303 296.000000 304.888885 0.371752 0.309343 0.000000
0.014486 307.555511 312.888885 0.402741 0.278306 0.000000
0.001757 307.555511 312.888885 -0.000142 -0.001029 1.000000
0.001757 319.111115 320.000000 0.402744 0.247269 1.000000
0.014486 342.222198 330.666687 0.805626 0.371418 2.000000
0.006849 342.222198 330.666687 -0.000142 -0.001029 2.000000
0.009394 352.888885 333.333313 0.371752 0.092082 2.000000
0.004303 361.777802 335.111115 0.309770 0.061047 2.000000
0.019577 370.666687 335.111115 0.309769 -0.001029 2.000000
0.009394 377.777802 335.111115 0.247787 -0.001029 2.000000
0.017032 390.222198 329.777802 0.433732 -0.187251 2.000000
0.006849 390.222198 329.777802 -0.000142 -0.001029 2.000000
0.019577 397.333313 319.111115 0.247787 -0.373475 2.000000
0.006849 397.333313 319.111115 -0.000142 -0.001029 2.000000
0.014486 399.111115 300.444489 0.061841 -0.652808 2.000000
0.006849 399.111115 287.111115 -0.000142 -0.466588 2.000000
0.001757 399.111115 287.111115 -0.000142 -0.001029 2.000000
0.017032 397.333313 256.000000 -0.062125 -1.087330 2.000000
0.004303 397.333313 256.000000 -0.000142 -0.001029 2.000000
0.022123 394.666687 224.000000 -0.093114 -1.118367 0.000000
0.009394 394.666687 208.888901 -0.000142 -0.528660 0.000000
0.039943 393.777802 182.222198 -0.031133 -0.932145 0.000000
0.034852 389.333313 161.777802 -0.155099 -0.714882 0.000000
0.060309 372.444489 147.555603 -0.588971 -0.497623 0.000000
0.032306 364.444489 146.666702 -0.279062 -0.032066 0.000000
0.057763 341.333313 156.444397 -0.805913 0.340378 0.000000
0.034852 328.888885 173.333298 -0.434017 0.588678 0.000000
0.057763 320.888885 193.777802 -0.279062 0.712829 0.000000
0.011940 314.666687 213.333298 -0.217079 0.681787 0.000000
0.004303 314.666687 213.333298 -0.000142 -0.001029 0.000000
0.014486 305.777802 232.888901 -0.310053 0.681791 1.000000
0.001757 305.777802 232.888901 -0.000142 -0.001029 1.000000
0.004303 300.444489 242.666702 -0.186088 0.340381 2.000000
0.022123 293.333313 251.555603 -0.248073 0.309344 2.000000
0.057763 267.555511 280.000000 -0.898885 0.992159 2.000000
0.050126 253.333298 294.222198 -0.496000 0.495565 2.000000
0.029760 240.888901 302.222198 -0.434016 0.278306 2.000000
0.050126 220.444397 306.666687 -0.712940 0.154159 2.000000
0.017032 212.444397 307.555511 -0.279062 0.030006 2.000000
0.009394 204.444397 308.444489 -0.279062 0.030012 2.000000
0.014486 195.555603 310.222198 -0.310050 0.061043 0.000000
0.006849 187.555603 312.888885 -0.279062 0.092084 0.000000
0.014486 179.555603 316.444489 -0.279062 0.123122 0.000000
0.006849 173.333298 319.111115 -0.217083 0.092082 0.000000
0.001757 168.000000 321.777802 -0.186088 0.092084 0.000000
0.019577 165.333298 322.666687 -0.093117 0.030009 0.000000
0.004303 162.666702 323.555511 -0.093113 0.030006 0.000000
0.017032 160.888901 323.555511 -0.062125 -0.001029 0.000000
0.009394 160.000000 321.777802 -0.031134 -0.063101 0.000000
0.017032 158.222198 318.222198 -0.062125 -0.125179 0.000000
0.009394 157.333298 313.777802 -0.031134 -0.156213 0.000000
0.017032 152.888901 303.111115 -0.155096 -0.373475 0.000000
0.011940 150.222198 296.000000 -0.093117 -0.249326 0.000000
0.014486 148.444397 288.000000 -0.062125 -0.280363 0.000000
0.009394 145.777802 280.000000 -0.093113 -0.280363 0.000000
0.014486 143.111099 271.111115 -0.093117 -0.311400 0.000000
0.009394 141.333298 261.333313 -0.062125 -0.342438 1.000000
0.017032 140.444397 251.555603 -0.031134 -0.342435 1.000000
0.006849 139.555603 240.000000 -0.031130 -0.404514 1.000000
0.042489 139.555603 216.888901 -0.000142 -0.807995 2.000000
0.037397 139.555603 192.000000 -0.000142 -0.870070 2.000000
0.055218 131.555603 153.777802 -0.279062 -1.335626 2.000000
0.032306 128.000000 143.111099 -0.124108 -0.373476 2.000000
0.057763 112.888901 122.666702 -0.526991 -0.714882 2.000000
0.037397 102.222198 118.222198 -0.372037 -0.156217 2.000000
0.034852 91.555557 118.222198 -0.372035 -0.001029 2.000000
0.004303 85.333344 121.777802 -0.217080 0.123122 2.000000
0.014486 78.222221 127.111099 -0.248071 0.185193 0.000000
0.011940 70.222221 135.111099 -0.279062 0.278306 0.000000
0.024669 62.222221 145.777802 -0.279062 0.371419 0.000000
0.060309 37.333328 183.111099 -0.867893 1.302532 0.000000
0.034852 23.111111 215.111099 -0.496000 1.116310 0.000000
0.050126 14.222220 252.444397 -0.310053 1.302532 0.000000
0.037397 12.444440 286.222198 -0.062124 1.178385 0.000000
0.001757 12.444440 301.333313 -0.000142 0.526604 0.000000
0.014486 14.222220 314.666687 0.061840 0.464531 0.000000
0.004303 16.888889 327.111115 0.092831 0.433491 0.000000
0.011940 20.444441 338.666687 0.123822 0.402455 0.000000
0.004303 24.000000 348.444489 0.123822 0.340381 0.000000
0.017032 28.444441 356.444489 0.154813 0.278306 1.000000
0.004303 32.000000 362.666687 0.123822 0.216231 1.000000
0.004303 36.444439 367.111115 0.154813 0.154157 1.000000
0.011940 40.888889 368.888885 0.154814 0.061046 1.000000
0.001757 45.333328 368.888885 0.154813 -0.001029 2.000000
0.014486 49.777779 368.000000 0.154814 -0.032066 2.000000
-0.000788 49.777779 368.000000 -0.000142 -0.001029 2.000000
0.001757 54.222221 364.444489 0.154813 -0.125176 2.000000
0.017032 58.666672 359.111115 0.154814 -0.187253 2.000000
0.001757 63.111111 352.000000 0.154813 -0.249326 2.000000
0.017032 66.666656 344.000000 0.123822 -0.280363 2.000000
0.001757 69.333344 333.333313 0.092832 -0.373475 2.000000
0.060309 76.444443 287.111115 0.247786 -1.614961 2.000000
0.029760 78.222221 267.555511 0.061840 -0.683848 2.000000
0.055218 85.333344 208.000000 0.247787 -2.080518 2.000000
0.042489 89.777779 174.222198 0.154813 -1.180442 0.000000
0.075583 91.555557 131.555603 0.061840 -1.490811 0.000000
0.037397 90.666656 111.111099 -0.031134 -0.714886 0.000000
0.045035 88.000000 88.000000 -0.093115 -0.807995 0.000000
0.045035 88.000000 77.333344 -0.000142 -0.373474 0.000000
0.032306 88.888893 73.777779 0.030849 -0.125178 0.000000
0.045035 94.222221 67.555557 0.185804 -0.218289 0.000000
0.042489 99.555557 66.666656 0.185805 -0.032066 1.000000
0.014486 104.888901 69.333344 0.185805 0.092084 1.000000
0.009394 111.111099 72.888893 0.216795 0.123120 1.000000
0.067946 138.666702 87.111107 0.960584 0.495566 2.000000
0.050126 170.666702 99.555557 1.115538 0.433492 2.000000
0.001757 170.666702 99.555557 -0.000142 -0.001029 2.000000
0.022123 190.222198 108.444397 0.681660 0.309342 2.000000
0.037397 207.111099 120.000000 0.588689 0.402456 2.000000
0.029760 214.222198 127.111099 0.247786 0.247268 2.000000
0.014486 221.333298 135.111099 0.247786 0.278306 2.000000
0.009394 227.555603 142.222198 0.216799 0.247268 2.000000
0.047580 246.222198 159.111099 0.650669 0.588678 0.000000
0.047580 256.000000 161.777802 0.340761 0.092084 0.000000
0.014486 260.444489 161.777802 0.154815 -0.001029 0.000000
0.006849 264.000000 160.000000 0.123821 -0.063104 0.000000
0.037397 272.000000 153.777802 0.278778 -0.218288 0.000000
0.042489 279.111115 145.777802 0.247787 -0.280363 0.000000
0.039943 288.000000 136.000000 0.309769 -0.342438 0.000000
0.019577 299.555511 125.333298 0.402741 -0.373476 0.000000
0.029760 306.666687 120.000000 0.247789 -0.187250 0.000000
0.037397 324.444489 108.444397 0.619681 -0.404514 0.000000
0.019577 341.333313 99.555557 0.588687 -0.311399 1.000000
0.006849 348.444489 96.000000 0.247789 -0.125177 1.000000
0.019577 355.555511 93.333344 0.247784 -0.094140 2.000000
0.006849 361.777802 90.666656 0.216798 -0.094141 2.000000
0.014486 368.000000 88.000000 0.216795 -0.094140 2.000000
0.006849 368.000000 88.000000 -0.000142 -0.001029 2.000000
0.017032 380.444489 83.555557 0.433735 -0.156214 2.000000
0.004303 386.666687 81.777779 0.216795 -0.063103 2.000000
0.024669 392.888885 79.111107 0.216795 -0.094140 2.000000
0.014486 408.000000 75.555557 0.526707 -0.125177 2.000000
0.062855 424.888885 73.777779 0.588689 -0.063103 2.000000
0.032306 441.777802 74.666656 0.588690 0.030008 2.000000
0.019577 448.888885 77.333344 0.247786 0.092084 0.000000
0.006849 455.111115 80.888893 0.216796 0.123120 0.000000
0.019577 464.000000 90.666656 0.309769 0.340380 0.000000
0.004303 464.000000 90.666656 -0.000142 -0.001029 0.000000
0.014486 470.222198 103.111099 0.216795 0.433492 0.000000
0.006849 470.222198 103.111099 -0.000142 -0.001029 0.000000
0.019577 475.555511 117.333298 0.185804 0.495565 0.000000
0.006849 477.333313 125.333298 0.061841 0.278306 0.000000
0.017032 478.222198 132.444397 0.030849 0.247268 0.000000
0.006849 478.222198 140.444397 -0.000142 0.278306 0.000000
0.042489 476.444489 155.555603 -0.062122 0.526607 0.000000
0.037397 471.111115 170.666702 -0.186090 0.526603 0.000000
0.042489 465.777802 185.777802 -0.186088 0.526603 1.000000
0.047580 459.555511 204.444397 -0.217082 0.650750 2.000000
0.062855 454.222198 212.444397 -0.186088 0.278306 2.000000
0.034852 444.444489 216.888901 -0.341042 0.154159 2.000000
0.037397 428.444489 217.777802 -0.557982 0.030009 2.000000
0.014486 417.777802 216.000000 -0.372036 -0.063104 2.000000
0.001757 408.000000 213.333298 -0.341045 -0.094141 2.000000
0.004303 398.222198 210.666702 -0.341045 -0.094138 2.000000
0.037397 384.000000 208.000000 -0.495999 -0.094141 2.000000
0.039943 375.111115 208.000000 -0.310053 -0.001029 2.000000
0.014486 372.444489 210.666702 -0.093114 0.092084 3.000000
0.027215 371.555511 213.333298 -0.031136 0.092080 0.000000
0.029760 371.555511 223.111099 -0.000142 0.340381 0.000000
0.029760 376.000000 235.555603 0.154815 0.433494 0.000000
0.004303 378.666687 243.555603 0.092832 0.278306 0.000000
0.052672 385.777802 262.222198 0.247787 0.650750 0.000000
0.037397 393.777802 286.222198 0.278778 0.836975 0.000000
0.017032 397.333313 297.777802 0.123821 0.402456 0.000000
0.001757 400.888885 309.333313 0.123823 0.402453 0.000000
0.029760 405.333313 328.000000 0.154813 0.650753 0.000000
0.006849 406.222198 335.111115 0.030849 0.247269 0.000000
0.032306 406.222198 340.444489 -0.000142 0.185196 0.000000
0.014486 403.555511 348.444489 -0.093116 0.278306 1.000000
0.024669 400.888885 352.000000 -0.093114 0.123119 1.000000
0.034852 394.666687 358.222198 -0.217079 0.216231 2.000000
0.004303 391.111115 360.888885 -0.124107 0.092084 2.000000
0.011940 388.444489 362.666687 -0.093114 0.061047 2.000000
-0.000788 388.444489 362.666687 -0.000142 -0.001029 2.000000
0.050126 377.777802 369.777802 -0.372036 0.247269 2.000000
0.042489 368.888885 372.444489 -0.310054 0.092084 2.000000
0.014486 363.555511 373.333313 -0.186090 0.030006 2.000000
0.004303 356.444489 374.222198 -0.248068 0.030009 2.000000
0.062855 328.888885 370.666687 -0.960868 -0.125176 2.000000
0.032306 312.000000 360.000000 -0.588973 -0.373475 1.000000
0.034852 299.555511 340.444489 -0.434019 -0.683845 0.000000
0.006849 299.555511 340.444489 -0.000142 -0.001029 0.000000
0.027215 289.777802 312.888885 -0.341042 -0.963183 0.000000
0.050126 278.222198 283.555511 -0.403028 -1.025257 0.000000
0.052672 265.777802 254.222198 -0.434016 -1.025255 0.000000
0.011940 252.444397 225.777802 -0.465011 -0.994217 0.000000
0.006849 246.222198 211.555603 -0.217079 -0.497623 0.000000
0.039943 236.444397 185.777802 -0.341045 -0.901108 0.000000
0.045035 229.333298 168.000000 -0.248071 -0.621773 0.000000
0.032306 220.444397 163.555603 -0.310054 -0.156213 1.000000
0.004303 214.222198 163.555603 -0.217079 -0.001029 1.000000
0.027215 208.000000 168.000000 -0.217079 0.154156 2.000000
-0.000788 200.000000 173.333298 -0.279062 0.185193 2.000000
0.039943 184.000000 187.555603 -0.557982 0.495569 2.000000
0.042489 168.000000 204.444397 -0.557982 0.588674 2.000000
0.045035 156.444397 228.444397 -0.403028 0.836975 2.000000
0.045035 149.333298 265.777802 -0.248071 1.302535 2.000000
0.045035 147.555603 332.444489 -0.062121 2.326761 2.000000
0.011940 150.222198 352.888885 0.092829 0.712825 2.000000
0.014486 154.666702 370.666687 0.154815 0.619716 0.000000
0.042489 166.222198 397.333313 0.402740 0.930085 0.000000
0.042489 178.666702 408.000000 0.433735 0.371418 0.000000
0.045035 191.111099 408.000000 0.433732 -0.001029 0.000000
0.057763 217.777802 384.000000 0.929592 -0.839032 0.000000
0.039943 243.555603 353.777802 0.898601 -1.056292 0.000000
0.039943 273.777802 316.444489 1.053555 -1.304589 0.000000
0.014486 302.222198 286.222198 0.991572 -1.056295 2.000000
0.011940 302.222198 286.222198 -0.000142 -0.001029 2.000000
0.045035 327.111115 266.666687 0.867610 -0.683845 2.000000
0.037397 346.666687 254.222198 0.681663 -0.435551 2.000000
0.042489 363.555511 241.777802 0.588687 -0.435547 2.000000
0.062855 366.222198 232.000000 0.092832 -0.342438 2.000000
0.032306 363.555511 229.333298 -0.093116 -0.094141 1.000000
0.050126 353.777802 224.000000 -0.341042 -0.187250 0.000000
0.050126 326.222198 216.000000 -0.960868 -0.280363 0.000000
0.042489 308.444489 211.555603 -0.619962 -0.156213 0.000000
0.047580 296.888885 207.111099 -0.403028 -0.156217 0.000000
0.034852 290.666687 202.666702 -0.217079 -0.156213 0.000000
0.065400 287.111115 196.444397 -0.124107 -0.218292 0.000000
0.027215 286.222198 193.777802 -0.031134 -0.094138 0.000000
0.045035 286.222198 192.888901 -0.000142 -0.032066 0.000000
-0.000788 286.222198 192.888901 -0.000142 -0.001029 3.000000
0.027215 284.444489 192.000000 -0.062122 -0.032066 3.000000
0.050126 275.555511 192.000000 -0.310056 -0.001029 3.000000
0.042489 265.777802 192.888901 -0.341042 0.030009 3.000000
