0.050126 69.333344 304.888885 0.340760 0.216231 0.000000
0.050126 86.222221 312.888885 0.588689 0.278306 0.000000
0.032306 92.444443 315.555511 0.216796 0.092082 0.000000
0.052672 107.555603 318.222198 0.526708 0.092084 0.000000
0.052672 118.222198 314.666687 0.371749 -0.125176 0.000000
0.001757 125.333298 311.111115 0.247786 -0.125178 0.000000
0.014486 133.333298 306.666687 0.278778 -0.156214 1.000000
0.001757 142.222198 302.222198 0.309769 -0.156216 1.000000
0.011940 152.000000 296.888885 0.340761 -0.187251 1.000000
0.001757 162.666702 290.666687 0.371752 -0.218288 2.000000
-0.000788 162.666702 290.666687 -0.000142 -0.001029 2.000000
0.017032 184.888901 280.888885 0.774635 -0.342438 2.000000
-0.000788 184.888901 280.888885 -0.000142 -0.001029 2.000000
0.014486 210.666702 273.777802 0.898601 -0.249325 2.000000
-0.000788 210.666702 273.777802 -0.000142 -0.001029 2.000000
0.001757 223.111099 272.000000 0.433732 -0.063104 2.000000
0.014486 235.555603 271.111115 0.433735 -0.032066 2.000000
-0.000788 235.555603 271.111115 -0.000142 -0.001029 2.000000
0.004303 248.000000 271.111115 0.433732 -0.001029 2.000000
0.011940 257.777802 271.111115 0.340761 -0.001029 2.000000
0.001757 266.666687 271.111115 0.309769 -0.001029 2.000000
0.011940 274.666687 272.000000 0.278778 0.030009 2.000000
0.001757 280.888885 272.888885 0.216795 0.030009 2.000000
-0.000788 286.222198 272.888885 0.185804 -0.001029 2.000000
0.014486 291.555511 273.777802 0.185804 0.030010 1.000000
0.001757 291.555511 273.777802 -0.000142 -0.001029 1.000000
0.014486 295.111115 273.777802 0.123824 -0.001029 1.000000
-0.000788 299.555511 273.777802 0.154812 -0.001029 1.000000
0.004303 304.000000 273.777802 0.154815 -0.001029 1.000000
0.014486 309.333313 273.777802 0.185804 -0.001029 0.000000
0.001757 314.666687 272.888885 0.185806 -0.032067 0.000000
0.014486 320.888885 271.111115 0.216795 -0.063103 0.000000
0.001757 327.111115 269.333313 0.216796 -0.063104 0.000000
-0.000788 327.111115 269.333313 -0.000142 -0.001029 0.000000
0.011940 334.222198 267.555511 0.247786 -0.063104 0.000000
0.006849 340.444489 266.666687 0.216798 -0.032063 0.000000
0.019577 352.888885 265.777802 0.433732 -0.032066 0.000000
0.001757 352.888885 265.777802 -0.000142 -0.001029 0.000000
0.017032 364.444489 266.666687 0.402744 0.030009 0.000000
0.009394 364.444489 266.666687 -0.000142 -0.001029 0.000000
0.042489 379.555511 272.000000 0.526704 0.185194 0.000000
0.042489 387.555511 276.444489 0.278778 0.154159 0.000000
0.039943 392.000000 281.777802 0.154815 0.185194 0.000000
0.057763 396.444489 288.888885 0.154815 0.247268 0.000000
0.034852 399.111115 296.888885 0.092830 0.278306 0.000000
0.006849 400.000000 301.333313 0.030849 0.154157 1.000000
0.019577 400.888885 311.111115 0.030849 0.340381 1.000000
0.004303 400.888885 311.111115 -0.000142 -0.001029 2.000000
0.017032 400.888885 320.888885 -0.000142 0.340380 2.000000
0.050126 400.888885 328.888885 -0.000142 0.278306 2.000000
0.052672 402.666687 333.333313 0.061841 0.154157 2.000000
0.001757 403.555511 335.111115 0.030847 0.061047 2.000000
0.011940 405.333313 336.000000 0.061841 0.030009 2.000000
0.037397 408.000000 336.888885 0.092832 0.030009 2.000000
-0.000788 408.888885 336.888885 0.030849 -0.001029 2.000000
0.045035 412.444489 336.888885 0.123824 -0.001029 2.000000
0.001757 415.111115 336.888885 0.092830 -0.001029 1.000000
0.014486 418.666687 335.111115 0.123823 -0.063103 1.000000
-0.000788 422.222198 333.333313 0.123821 -0.063104 1.000000
0.011940 427.555511 328.888885 0.185804 -0.156214 0.000000
0.001757 427.555511 328.888885 -0.000142 -0.001029 0.000000
0.050126 439.111115 312.000000 0.402744 -0.590735 0.000000
0.037397 441.777802 296.888885 0.092832 -0.528661 0.000000
0.050126 442.666687 280.888885 0.030849 -0.559698 0.000000
0.032306 444.444489 262.222198 0.061841 -0.652810 0.000000
0.062855 452.444489 229.333298 0.278778 -1.149405 0.000000
0.037397 456.888885 217.777802 0.154812 -0.404510 0.000000
0.006849 464.888885 199.111099 0.278778 -0.652811 1.000000
0.019577 468.444489 192.888901 0.123824 -0.218288 1.000000
0.004303 468.444489 192.888901 -0.000142 -0.001029 1.000000
0.017032 473.777802 184.888901 0.185804 -0.280363 2.000000
0.006849 475.555511 183.111099 0.061838 -0.063104 2.000000
0.014486 476.444489 183.111099 0.030852 -0.001029 2.000000
0.004303 477.333313 183.111099 0.030847 -0.001029 2.000000
0.017032 478.222198 183.111099 0.030849 -0.001029 2.000000
0.004303 478.222198 185.777802 -0.000142 0.092084 2.000000
0.022123 479.111115 188.444397 0.030850 0.092080 2.000000
0.001757 479.111115 192.000000 -0.000142 0.123122 2.000000
0.004303 479.111115 192.000000 -0.000142 -0.001029 2.000000
0.027215 480.888885 200.000000 0.061840 0.278306 2.000000
0.014486 480.888885 204.444397 -0.000142 0.154156 2.000000
0.004303 480.888885 208.888901 -0.000142 0.154159 1.000000
0.004303 480.888885 212.444397 -0.000142 0.123118 1.000000
0.017032 479.111115 216.000000 -0.062124 0.123122 1.000000
0.004303 475.555511 218.666702 -0.124108 0.092084 0.000000
0.034852 466.666687 221.333298 -0.310051 0.092080 0.000000
0.037397 456.888885 222.222198 -0.341045 0.030009 0.000000
0.052672 448.888885 218.666702 -0.279062 -0.125175 0.000000
0.029760 443.555511 209.777802 -0.186090 -0.311401 0.000000
0.050126 437.333313 185.777802 -0.217079 -0.839032 0.000000
0.052672 429.333313 164.444397 -0.279062 -0.745923 0.000000
0.014486 423.111115 152.888901 -0.217079 -0.404510 0.000000
0.004303 416.888885 143.111099 -0.217080 -0.342438 1.000000
0.045035 404.444489 128.000000 -0.434016 -0.528660 1.000000
0.001757 398.222198 122.666702 -0.217082 -0.187250 2.000000
0.029760 390.222198 114.666702 -0.279062 -0.280363 2.000000
0.032306 386.666687 112.000000 -0.124105 -0.094141 2.000000
0.050126 377.777802 111.111099 -0.310053 -0.032066 2.000000
0.050126 371.555511 112.888901 -0.217082 0.061047 2.000000
0.047580 365.333313 118.222198 -0.217079 0.185193 2.000000
0.001757 362.666687 121.777802 -0.093114 0.123122 2.000000
0.011940 360.000000 125.333298 -0.093116 0.123118 2.000000
0.001757 357.333313 129.777802 -0.093116 0.154159 1.000000
0.014486 354.666687 133.333298 -0.093114 0.123118 1.000000
0.004303 352.888885 136.000000 -0.062125 0.092084 0.000000
0.001757 352.888885 136.000000 -0.000142 -0.001029 0.000000
0.011940 346.666687 141.333298 -0.217079 0.185193 0.000000
0.001757 346.666687 141.333298 -0.000142 -0.001029 0.000000
0.014486 343.111115 143.111099 -0.124107 0.061047 0.000000
-0.000788 338.666687 144.888901 -0.155097 0.061047 0.000000
-0.000788 333.333313 145.777802 -0.186090 0.030009 0.000000
0.011940 327.111115 146.666702 -0.217079 0.030009 0.000000
-0.000788 327.111115 146.666702 -0.000142 -0.001029 0.000000
0.017032 310.222198 148.444397 -0.588974 0.061043 0.000000
-0.000788 310.222198 148.444397 -0.000142 -0.001029 0.000000
0.004303 301.333313 149.333298 -0.310053 0.030009 0.000000
0.019577 284.444489 152.000000 -0.588971 0.092084 0.000000
0.001757 284.444489 152.000000 -0.000142 -0.001029 0.000000
0.019577 270.222198 153.777802 -0.496002 0.061047 0.000000
0.004303 270.222198 153.777802 -0.000142 -0.001029 0.000000
0.014486 256.888885 155.555603 -0.465008 0.061047 0.000000
0.006849 256.888885 155.555603 -0.000142 -0.001029 0.000000
0.001757 250.666702 156.444397 -0.217079 0.030005 0.000000
0.017032 238.222198 157.333298 -0.434020 0.030009 0.000000
0.004303 238.222198 157.333298 -0.000142 -0.001029 0.000000
0.024669 226.666702 159.111099 -0.403025 0.061047 1.000000
0.004303 226.666702 159.111099 -0.000142 -0.001029 1.000000
0.017032 216.000000 161.777802 -0.372037 0.092084 1.000000
0.006849 212.444397 163.555603 -0.124108 0.061047 1.000000
0.017032 209.777802 165.333298 -0.093113 0.061043 2.000000
0.004303 209.777802 165.333298 -0.000142 -0.001029 2.000000
0.017032 208.000000 168.888901 -0.062125 0.123122 2.000000
0.001757 208.000000 170.666702 -0.000142 0.061047 2.000000
0.032306 208.000000 172.444397 -0.000142 0.061043 2.000000
0.055218 215.111099 177.777802 0.247786 0.185197 2.000000
0.052672 222.222198 182.222198 0.247786 0.154156 2.000000
0.034852 234.666702 188.444397 0.433735 0.216231 2.000000
0.057763 261.333313 201.777802 0.929589 0.464532 1.000000
0.022123 271.111115 208.000000 0.340761 0.216231 1.000000
0.042489 304.000000 225.777802 1.146529 0.619716 0.000000
0.009394 304.000000 225.777802 -0.000142 -0.001029 0.000000
0.039943 328.000000 238.222198 0.836618 0.433490 0.000000
0.017032 351.111115 248.888901 0.805627 0.371419 0.000000
0.006849 360.888885 254.222198 0.340760 0.185193 0.000000
0.039943 374.222198 264.000000 0.464724 0.340381 0.000000
0.042489 379.555511 271.111115 0.185804 0.247269 0.000000
0.039943 376.888885 275.555511 -0.093114 0.154156 0.000000
0.062855 352.000000 278.222198 -0.867893 0.092084 1.000000
0.024669 340.444489 276.444489 -0.403025 -0.063101 1.000000
0.006849 325.333313 272.888885 -0.526993 -0.125179 2.000000
0.014486 310.222198 268.444489 -0.526991 -0.156213 2.000000
0.004303 293.333313 264.000000 -0.588973 -0.156216 2.000000
0.014486 275.555511 260.444489 -0.619965 -0.125176 2.000000
0.001757 256.888885 256.888885 -0.650954 -0.125179 2.000000
0.001757 238.222198 255.111099 -0.650956 -0.063103 2.000000
0.014486 219.555603 254.222198 -0.650953 -0.032066 2.000000
0.001757 219.555603 254.222198 -0.000142 -0.001029 2.000000
0.014486 186.666702 257.777802 -1.146814 0.123122 2.000000
0.001757 186.666702 257.777802 -0.000142 -0.001029 2.000000
0.004303 173.333298 263.111115 -0.465011 0.185194 2.000000
0.011940 161.777802 268.444489 -0.403025 0.185196 2.000000
0.009394 152.000000 273.777802 -0.341045 0.185194 2.000000
0.022123 139.555603 286.222198 -0.434016 0.433490 1.000000
0.006849 136.888901 292.444489 -0.093117 0.216234 0.000000
0.017032 135.111099 298.666687 -0.062125 0.216231 0.000000
0.047580 135.111099 309.333313 -0.000142 0.371416 0.000000
0.045035 137.777802 317.333313 0.092832 0.278306 0.000000
0.065400 143.111099 320.000000 0.185803 0.092084 0.000000
0.039943 152.888901 314.666687 0.340761 -0.187251 0.000000
0.042489 166.222198 300.444489 0.464723 -0.497623 0.000000
0.037397 184.888901 278.222198 0.650672 -0.776960 0.000000
0.019577 207.111099 248.000000 0.774635 -1.056292 1.000000
0.006849 207.111099 248.000000 -0.000142 -0.001029 1.000000
0.004303 230.222198 216.000000 0.805626 -1.118367 2.000000
0.014486 240.000000 201.777802 0.340761 -0.497623 2.000000
0.004303 240.000000 201.777802 -0.000142 -0.001029 2.000000
0.014486 252.444397 178.666702 0.433732 -0.807995 2.000000
0.004303 252.444397 178.666702 -0.000142 -0.001029 2.000000
0.014486 257.777802 160.000000 0.185807 -0.652811 2.000000
0.001757 257.777802 160.000000 -0.000142 -0.001029 2.000000
0.004303 257.777802 152.000000 -0.000142 -0.280363 2.000000
0.014486 257.777802 144.888901 -0.000142 -0.249326 2.000000
0.004303 256.000000 138.666702 -0.062125 -0.218288 2.000000
0.017032 254.222198 134.222198 -0.062125 -0.156217 2.000000
0.001757 251.555603 131.555603 -0.093113 -0.094138 2.000000
0.014486 249.777802 129.777802 -0.062125 -0.063104 2.000000
0.004303 247.111099 128.000000 -0.093117 -0.063104 2.000000
0.009394 243.555603 127.111099 -0.124105 -0.032066 2.000000
0.019577 239.111099 127.111099 -0.155100 -0.001029 1.000000
0.017032 226.666702 127.111099 -0.434016 -0.001029 0.000000
0.006849 226.666702 127.111099 -0.000142 -0.001029 0.000000
0.055218 204.444397 127.111099 -0.774923 -0.001029 0.000000
0.034852 188.444397 128.888901 -0.557982 0.061047 0.000000
0.055218 173.333298 132.444397 -0.526991 0.123118 0.000000
0.032306 160.000000 137.777802 -0.465008 0.185197 0.000000
0.052672 143.111099 147.555603 -0.588974 0.340381 0.000000
0.014486 137.777802 152.000000 -0.186088 0.154156 0.000000
0.001757 131.555603 157.333298 -0.217079 0.185193 1.000000
0.004303 131.555603 157.333298 -0.000142 -0.001029 1.000000
0.014486 121.777802 168.888901 -0.341045 0.402456 1.000000
-0.000788 121.777802 168.888901 -0.000142 -0.001029 1.000000
0.001757 118.222198 175.111099 -0.124108 0.216231 2.000000
0.014486 116.444397 181.333298 -0.062125 0.216231 2.000000
-0.000788 116.444397 181.333298 -0.000142 -0.001029 2.000000
0.017032 115.555603 192.000000 -0.031130 0.371419 2.000000
0.001757 118.222198 196.444397 0.092829 0.154156 2.000000
0.014486 122.666702 200.000000 0.154815 0.123122 2.000000
-0.000788 122.666702 200.000000 -0.000142 -0.001029 2.000000
0.001757 128.000000 202.666702 0.185803 0.092084 2.000000
0.014486 135.111099 205.333298 0.247786 0.092080 2.000000
-0.000788 143.111099 206.222198 0.278778 0.030009 2.000000
0.001757 143.111099 206.222198 -0.000142 -0.001029 2.000000
0.011940 152.000000 207.111099 0.309769 0.030009 2.000000
0.001757 162.666702 207.111099 0.371752 -0.001029 2.000000
0.011940 173.333298 207.111099 0.371749 -0.001029 2.000000
-0.000788 184.000000 205.333298 0.371752 -0.063104 2.000000
0.004303 195.555603 204.444397 0.402744 -0.032066 1.000000
0.014486 207.111099 203.555603 0.402740 -0.032062 1.000000
0.001757 217.777802 201.777802 0.371752 -0.063104 1.000000
-0.000788 217.777802 201.777802 -0.000142 -0.001029 1.000000
0.014486 230.222198 200.888901 0.433732 -0.032066 0.000000
0.004303 241.777802 200.000000 0.402744 -0.032066 0.000000
0.014486 252.444397 198.222198 0.371749 -0.063104 0.000000
0.001757 264.000000 198.222198 0.402744 -0.001029 0.000000
-0.000788 273.777802 197.333298 0.340761 -0.032066 0.000000
0.009394 282.666687 196.444397 0.309769 -0.032066 0.000000
-0.000788 282.666687 196.444397 -0.000142 -0.001029 0.000000
-0.000788 291.555511 196.444397 0.309767 -0.001029 0.000000
0.011940 299.555511 196.444397 0.278778 -0.001029 0.000000
0.001757 306.666687 196.444397 0.247789 -0.001029 0.000000
0.014486 313.777802 196.444397 0.247787 -0.001029 0.000000
0.001757 313.777802 196.444397 -0.000142 -0.001029 0.000000
0.001757 320.888885 196.444397 0.247786 -0.001029 0.000000
0.011940 327.111115 196.444397 0.216796 -0.001029 0.000000
0.001757 332.444489 196.444397 0.185806 -0.001029 0.000000
0.014486 337.777802 196.444397 0.185804 -0.001029 0.000000
-0.000788 342.222198 196.444397 0.154812 -0.001029 0.000000
-0.000788 342.222198 196.444397 -0.000142 -0.001029 0.000000
0.011940 349.333313 194.666702 0.247787 -0.063100 0.000000
-0.000788 349.333313 194.666702 -0.000142 -0.001029 0.000000
-0.000788 353.777802 192.000000 0.154815 -0.094141 0.000000
0.011940 357.333313 189.333298 0.123821 -0.094141 0.000000
0.001757 360.888885 185.777802 0.123823 -0.125175 0.000000
0.001757 360.888885 185.777802 -0.000142 -0.001029 0.000000
0.014486 364.444489 182.222198 0.123824 -0.125179 0.000000
0.001757 367.111115 179.555603 0.092830 -0.094138 0.000000
0.019577 374.222198 174.222198 0.247786 -0.187254 0.000000
0.004303 374.222198 174.222198 -0.000142 -0.001029 0.000000
0.014486 377.777802 171.555603 0.123824 -0.094138 0.000000
0.006849 381.333313 169.777802 0.123821 -0.063104 0.000000
0.011940 387.555511 164.444397 0.216795 -0.187254 0.000000
0.006849 387.555511 164.444397 -0.000142 -0.001029 0.000000
0.039943 390.222198 156.444397 0.092832 -0.280363 0.000000
0.065400 392.888885 136.888901 0.092832 -0.683844 0.000000
0.045035 395.555511 120.000000 0.092830 -0.590735 0.000000
0.017032 400.888885 104.888901 0.185806 -0.528660 1.000000
0.009394 403.555511 99.555557 0.092830 -0.187252 1.000000
0.011940 406.222198 93.333344 0.092832 -0.218288 2.000000
0.006849 408.000000 88.000000 0.061841 -0.187252 2.000000
0.050126 412.444489 77.333344 0.154815 -0.373474 2.000000
0.039943 416.000000 66.666656 0.123821 -0.373475 2.000000
0.060309 419.555511 56.000000 0.123821 -0.373474 2.000000
0.042489 421.333313 54.222221 0.061841 -0.063103 2.000000
0.034852 421.333313 54.222221 -0.000142 -0.001029 1.000000
0.029760 421.333313 54.222221 -0.000142 -0.001029 1.000000
0.004303 421.333313 54.222221 -0.000142 -0.001029 1.000000
0.017032 423.111115 55.111111 0.061841 0.030009 0.000000
0.001757 423.111115 55.111111 -0.000142 -0.001029 0.000000
0.034852 424.888885 56.000000 0.061840 0.030009 0.000000
0.047580 424.888885 56.888889 -0.000142 0.030009 0.000000
0.050126 422.222198 63.111111 -0.093116 0.216232 0.000000
0.032306 417.777802 71.111107 -0.155096 0.278306 0.000000
0.050126 416.888885 79.111107 -0.031134 0.278306 0.000000
0.034852 418.666687 84.444443 0.061841 0.185195 0.000000
0.001757 418.666687 84.444443 -0.000142 -0.001029 0.000000
0.011940 424.888885 85.333344 0.216795 0.030009 1.000000
0.022123 427.555511 85.333344 0.092830 -0.001029 2.000000
0.024669 430.222198 80.888893 0.092832 -0.156215 2.000000
0.001757 430.222198 80.888893 -0.000142 -0.001029 2.000000
0.011940 430.222198 78.222221 -0.000142 -0.094140 2.000000
0.001757 425.777802 73.777779 -0.155096 -0.156214 2.000000
0.001757 418.666687 70.222221 -0.248071 -0.125177 2.000000
0.011940 408.888885 67.555557 -0.341045 -0.094140 2.000000
0.001757 408.888885 67.555557 -0.000142 -0.001029 2.000000
0.014486 384.000000 66.666656 -0.867893 -0.032066 2.000000
-0.000788 384.000000 66.666656 -0.000142 -0.001029 2.000000
-0.000788 368.888885 70.222221 -0.526991 0.123120 2.000000
0.011940 352.888885 73.777779 -0.557982 0.123120 2.000000
-0.000788 336.888885 79.111107 -0.557982 0.185194 2.000000
0.001757 336.888885 79.111107 -0.000142 -0.001029 2.000000
0.011940 313.777802 89.777779 -0.805910 0.371418 2.000000
0.001757 313.777802 89.777779 -0.000142 -0.001029 1.000000
0.014486 305.777802 95.111107 -0.279062 0.185194 1.000000
0.004303 299.555511 101.333298 -0.217082 0.216231 0.000000
0.001757 295.111115 106.666702 -0.155096 0.185197 0.000000
0.017032 293.333313 111.111099 -0.062125 0.154156 0.000000
0.004303 292.444489 116.444397 -0.031131 0.185193 0.000000
0.032306 292.444489 120.000000 -0.000142 0.123122 0.000000
0.052672 295.111115 129.777802 0.092830 0.340381 0.000000
0.034852 302.222198 135.111099 0.247786 0.185193 0.000000
0.055218 312.000000 140.444397 0.340761 0.185193 0.000000
0.034852 323.555511 142.222198 0.402741 0.061047 0.000000
0.039943 344.000000 141.333298 0.712655 -0.032066 1.000000
0.004303 344.000000 141.333298 -0.000142 -0.001029 1.000000
0.017032 360.888885 136.888901 0.588689 -0.156213 2.000000
0.001757 360.888885 136.888901 -0.000142 -0.001029 2.000000
0.032306 380.444489 131.555603 0.681664 -0.187250 2.000000
0.060309 407.111115 125.333298 0.929590 -0.218292 2.000000
0.014486 413.333313 124.444397 0.216795 -0.032066 2.000000
0.004303 413.333313 124.444397 -0.000142 -0.001029 2.000000
0.057763 419.555511 120.000000 0.216795 -0.156213 2.000000
0.032306 414.222198 110.222198 -0.186088 -0.342438 2.000000
0.042489 400.888885 95.111107 -0.465008 -0.528660 2.000000
0.019577 382.222198 78.222221 -0.650956 -0.590735 0.000000
0.014486 372.444489 69.333344 -0.341042 -0.311400 0.000000
0.045035 349.333313 52.444439 -0.805913 -0.590735 0.000000
0.039943 320.888885 40.888889 -0.991857 -0.404512 0.000000
0.017032 306.666687 37.333328 -0.495999 -0.125177 0.000000
0.006849 291.555511 35.555561 -0.526993 -0.063103 0.000000
0.045035 264.888885 35.555561 -0.929874 -0.001029 0.000000
0.042489 243.555603 40.888889 -0.743927 0.185194 0.000000
0.042489 224.000000 58.666672 -0.681948 0.619715 0.000000
0.042489 219.555603 75.555557 -0.155096 0.588678 1.000000
0.037397 221.333298 98.666656 0.061837 0.805938 2.000000
0.004303 224.888901 112.000000 0.123824 0.464529 2.000000
0.037397 231.111099 140.444397 0.216795 0.992159 2.000000
0.019577 232.888901 152.888901 0.061841 0.433494 2.000000
0.006849 232.888901 165.333298 -0.000142 0.433490 2.000000
0.055218 228.444397 183.111099 -0.155100 0.619716 2.000000
0.034852 219.555603 192.000000 -0.310050 0.309344 1.000000
0.019577 209.777802 193.777802 -0.341045 0.061047 0.000000
0.006849 209.777802 193.777802 -0.000142 -0.001029 0.000000
0.042489 200.000000 185.777802 -0.341045 -0.280363 0.000000
0.045035 183.111099 154.666702 -0.588974 -1.087329 0.000000
0.042489 167.111099 126.222198 -0.557982 -0.994220 0.000000
0.062855 133.333298 92.444443 -1.177805 -1.180441 0.000000
0.017032 119.111099 86.222221 -0.495999 -0.218289 0.000000
0.006849 104.000000 82.666656 -0.526991 -0.125178 0.000000
0.052672 75.555557 80.888893 -0.991858 -0.063102 1.000000
0.022123 56.000000 81.777779 -0.681947 0.030009 2.000000
0.004303 50.666672 84.444443 -0.186089 0.092083 2.000000
0.014486 47.111111 87.111107 -0.124107 0.092083 2.000000
0.001757 47.111111 87.111107 -0.000142 -0.001029 2.000000
0.014486 45.333328 95.111107 -0.062125 0.278306 2.000000
0.001757 45.333328 95.111107 -0.000142 -0.001029 2.000000
0.014486 49.777779 104.888901 0.154814 0.340381 2.000000
0.004303 49.777779 104.888901 -0.000142 -0.001029 2.000000
0.001757 52.444439 111.111099 0.092831 0.216231 2.000000
0.014486 56.000000 117.333298 0.123822 0.216231 2.000000
0.001757 59.555561 123.555603 0.123822 0.216235 2.000000
0.019577 62.222221 130.666702 0.092831 0.247268 2.000000
0.001757 65.777779 137.777802 0.123822 0.247268 2.000000
0.004303 69.333344 144.000000 0.123823 0.216231 1.000000
0.022123 72.000000 150.222198 0.092831 0.216231 1.000000
0.017032 75.555557 155.555603 0.123822 0.185197 0.000000
0.009394 78.222221 159.111099 0.092831 0.123118 0.000000
0.019577 82.666656 165.333298 0.154813 0.216231 0.000000
0.011940 84.444443 167.111099 0.061840 0.061047 0.000000
0.017032 85.333344 169.777802 0.030849 0.092084 0.000000
0.009394 86.222221 171.555603 0.030849 0.061047 0.000000
0.019577 87.111107 174.222198 0.030849 0.092080 0.000000
0.004303 88.000000 176.888901 0.030849 0.092084 0.000000
0.017032 88.888893 179.555603 0.030849 0.092084 0.000000
0.006849 89.777779 182.222198 0.030849 0.092080 0.000000
0.014486 90.666656 184.888901 0.030849 0.092084 0.000000
0.006849 91.555557 187.555603 0.030849 0.092084 0.000000
0.006849 92.444443 190.222198 0.030849 0.092080 0.000000
0.019577 93.333344 199.111099 0.030849 0.309344 0.000000
0.006849 93.333344 199.111099 -0.000142 -0.001029 0.000000
0.017032 93.333344 210.666702 -0.000142 0.402456 1.000000
0.011940 93.333344 217.777802 -0.000142 0.247268 1.000000
0.017032 93.333344 225.777802 -0.000142 0.278306 2.000000
0.001757 93.333344 233.777802 -0.000142 0.278306 2.000000
0.039943 91.555557 249.777802 -0.062125 0.557641 2.000000
0.037397 87.111107 266.666687 -0.155098 0.588678 2.000000
0.037397 79.111107 282.666687 -0.279062 0.557641 2.000000
0.067946 68.444443 296.000000 -0.372035 0.464528 2.000000
0.039943 51.555561 312.888885 -0.588973 0.588678 2.000000
0.014486 46.222221 319.111115 -0.186089 0.216232 2.000000
0.006849 41.777779 323.555511 -0.155098 0.154156 2.000000
0.017032 38.222221 328.000000 -0.124107 0.154159 1.000000
0.006849 34.666672 331.555511 -0.124106 0.123119 1.000000
0.065400 29.333330 336.888885 -0.186089 0.185196 0.000000
0.032306 29.333330 336.888885 -0.000142 -0.001029 0.000000
0.045035 39.111111 316.444489 0.340760 -0.714882 0.000000
0.034852 57.777779 290.666687 0.650671 -0.901108 0.000000
0.060309 85.333344 260.444489 0.960583 -1.056292 0.000000
0.034852 120.888901 232.888901 1.239502 -0.963182 0.000000
0.017032 159.111099 212.444397 1.332475 -0.714886 0.000000
0.001757 159.111099 212.444397 -0.000142 -0.001029 1.000000
0.001757 177.777802 204.444397 0.650672 -0.280363 1.000000
0.011940 195.555603 198.222198 0.619681 -0.218288 2.000000
0.001757 212.444397 193.777802 0.588686 -0.156213 2.000000
0.014486 227.555603 191.111099 0.526710 -0.094141 2.000000
0.004303 240.000000 190.222198 0.433732 -0.032066 2.000000
0.001757 240.000000 190.222198 -0.000142 -0.001029 2.000000
0.011940 250.666702 190.222198 0.371752 -0.001029 2.000000
0.001757 257.777802 191.111099 0.247786 0.030009 2.000000
0.017032 262.222198 192.888901 0.154812 0.061047 2.000000
0.004303 264.000000 196.444397 0.061841 0.123118 2.000000
0.024669 262.222198 205.333298 -0.062125 0.309344 2.000000
0.004303 262.222198 205.333298 -0.000142 -0.001029 2.000000
0.001757 256.888885 212.444397 -0.186088 0.247268 2.000000
0.019577 246.222198 228.444397 -0.372036 0.557641 1.000000
0.047580 240.000000 246.222198 -0.217079 0.619716 0.000000
0.042489 238.222198 264.000000 -0.062125 0.619716 0.000000
0.037397 238.222198 276.444489 -0.000142 0.433493 0.000000
0.006849 238.222198 280.888885 -0.000142 0.154156 0.000000
0.042489 239.111099 287.111115 0.030849 0.216232 0.000000
0.039943 239.111099 290.666687 -0.000142 0.123121 0.000000
0.039943 239.111099 291.555511 -0.000142 0.030006 0.000000
0.017032 239.111099 292.444489 -0.000142 0.030012 0.000000
0.004303 239.111099 292.444489 -0.000142 -0.001029 0.000000
0.062855 239.111099 285.333313 -0.000142 -0.249328 1.000000
0.032306 236.444397 272.000000 -0.093117 -0.466585 1.000000
0.014486 232.000000 261.333313 -0.155096 -0.373475 2.000000
0.022123 228.444397 248.000000 -0.124108 -0.466585 2.000000
0.029760 216.888901 216.000000 -0.403025 -1.118367 2.000000
0.060309 197.333298 168.888901 -0.681948 -1.645999 2.000000
0.047580 181.333298 145.777802 -0.557982 -0.807995 2.000000
0.037397 163.555603 127.111099 -0.619962 -0.652811 2.000000
0.039943 147.555603 114.666702 -0.557982 -0.435547 2.000000
0.039943 138.666702 107.555603 -0.310054 -0.249326 1.000000
0.039943 136.888901 105.777802 -0.062125 -0.063104 0.000000
0.001757 137.777802 105.777802 0.030849 -0.001029 0.000000
0.037397 150.222198 110.222198 0.433732 0.154156 0.000000
0.011940 160.888901 114.666702 0.371752 0.154159 0.000000
0.004303 174.222198 120.000000 0.464723 0.185193 0.000000
0.055218 209.777802 131.555603 1.239504 0.402456 0.000000
0.017032 255.111099 144.888901 1.580403 0.464528 0.000000
-0.000788 255.111099 144.888901 -0.000142 -0.001029 0.000000
0.001757 279.111115 154.666702 0.836618 0.340381 0.000000
0.011940 301.333313 165.333298 0.774635 0.371415 0.000000
0.001757 301.333313 165.333298 -0.000142 -0.001029 0.000000
0.014486 342.222198 192.000000 1.425449 0.930088 1.000000
0.001757 342.222198 192.000000 -0.000142 -0.001029 1.000000
-0.000788 359.111115 205.333298 0.588690 0.464528 1.000000
0.011940 373.333313 218.666702 0.495715 0.464532 1.000000
-0.003334 384.000000 231.111099 0.371752 0.433490 1.000000
0.001757 392.888885 241.777802 0.309769 0.371419 1.000000
0.014486 398.222198 250.666702 0.185804 0.309344 2.000000
-0.000788 398.222198 250.666702 -0.000142 -0.001029 2.000000
0.011940 402.666687 256.888885 0.154815 0.216230 2.000000
0.006849 404.444489 260.444489 0.061841 0.123122 2.000000
0.001757 405.333313 262.222198 0.030847 0.061043 2.000000
0.024669 405.333313 262.222198 -0.000142 -0.001029 2.000000
0.004303 403.555511 258.666687 -0.062125 -0.125176 2.000000
0.014486 400.000000 253.333298 -0.124105 -0.187254 2.000000
0.006849 396.444489 245.333298 -0.124105 -0.280363 2.000000
0.039943 387.555511 222.222198 -0.310056 -0.807995 2.000000
0.039943 377.777802 196.444397 -0.341042 -0.901108 2.000000
0.017032 370.666687 177.777802 -0.248071 -0.652807 1.000000
0.004303 370.666687 177.777802 -0.000142 -0.001029 1.000000
0.019577 362.666687 163.555603 -0.279062 -0.497623 0.000000
0.009394 358.222198 157.333298 -0.155099 -0.218292 0.000000
0.057763 344.888885 144.000000 -0.465008 -0.466585 0.000000
0.037397 322.666687 135.111099 -0.774919 -0.311401 0.000000
0.011940 310.222198 133.333298 -0.434019 -0.063104 0.000000
0.001757 296.000000 133.333298 -0.495999 -0.001029 0.000000
0.004303 283.555511 135.111099 -0.434019 0.061047 0.000000
0.014486 272.000000 140.444397 -0.403025 0.185193 0.000000
0.001757 262.222198 148.444397 -0.341045 0.278306 0.000000
0.014486 253.333298 159.111099 -0.310054 0.371419 0.000000
0.001757 246.222198 172.444397 -0.248071 0.464528 0.000000
0.004303 246.222198 172.444397 -0.000142 -0.001029 0.000000
0.011940 240.000000 186.666702 -0.217079 0.495569 0.000000
-0.000788 235.555603 203.555603 -0.155096 0.588678 0.000000
0.011940 231.111099 221.333298 -0.155100 0.619712 0.000000
-0.000788 228.444397 240.000000 -0.093117 0.650753 0.000000
0.001757 225.777802 257.777802 -0.093113 0.619716 1.000000
0.011940 223.111099 274.666687 -0.093117 0.588678 1.000000
0.001757 223.111099 274.666687 -0.000142 -0.001029 2.000000
0.001757 220.444397 288.888885 -0.093117 0.495565 2.000000
0.014486 219.555603 301.333313 -0.031130 0.433491 2.000000
0.001757 218.666702 311.111115 -0.031134 0.340381 2.000000
0.052672 219.555603 323.555511 0.030849 0.433490 2.000000
0.034852 225.777802 325.333313 0.216795 0.061047 2.000000
0.055218 249.777802 304.888885 0.836618 -0.714883 2.000000
0.029760 262.222198 291.555511 0.433732 -0.466588 2.000000
0.060309 319.111115 238.222198 1.983290 -1.863258 1.000000
0.027215 364.444489 208.000000 1.580406 -1.056292 1.000000
0.001757 385.777802 196.444397 0.743644 -0.404514 0.000000
0.032306 405.333313 186.666702 0.681661 -0.342435 0.000000
0.014486 440.888885 172.444397 1.239503 -0.497626 0.000000
0.001757 440.888885 172.444397 -0.000142 -0.001029 0.000000
0.004303 455.111115 167.111099 0.495716 -0.187250 0.000000
0.014486 467.555511 162.666702 0.433732 -0.156213 0.000000
0.001757 478.222198 160.888901 0.371752 -0.063104 0.000000
0.017032 486.222198 159.111099 0.278778 -0.063104 0.000000
0.001757 492.444489 159.111099 0.216798 -0.001029 0.000000
0.004303 497.777802 159.111099 0.185804 -0.001029 0.000000
0.009394 502.222198 160.000000 0.154812 0.030009 0.000000
0.004303 502.222198 160.000000 -0.000142 -0.001029 0.000000
0.011940 505.777802 161.777802 0.123824 0.061047 0.000000
-0.000788 509.333313 163.555603 0.123821 0.061047 0.000000
0.019577 514.666687 167.111099 0.185806 0.123118 1.000000
0.009394 514.666687 167.111099 -0.000142 -0.001029 1.000000
-0.003334 515.555481 168.000000 0.030846 0.030009 1.000000
0.011940 515.555481 168.000000 -0.000142 -0.001029 1.000000
0.001757 513.777771 167.111099 -0.062122 -0.032066 2.000000
0.060309 503.111115 160.000000 -0.372035 -0.249326 2.000000
0.029760 489.777802 147.555603 -0.465008 -0.435547 2.000000
0.055218 475.555511 120.000000 -0.496002 -0.963183 2.000000
0.034852 466.666687 96.000000 -0.310051 -0.839032 2.000000
0.057763 452.444489 68.444443 -0.495999 -0.963181 2.000000
0.017032 432.888885 44.444439 -0.681948 -0.839032 1.000000
0.006849 432.888885 44.444439 -0.000142 -0.001029 0.000000
0.050126 408.000000 27.555559 -0.867893 -0.590735 0.000000
0.034852 398.222198 27.555559 -0.341045 -0.001029 0.000000
0.052672 389.333313 45.333328 -0.310053 0.619715 0.000000
0.032306 376.888885 88.888893 -0.434017 1.519793 0.000000
0.057763 365.333313 151.111099 -0.403027 2.171573 0.000000
0.027215 360.888885 208.000000 -0.155097 1.985351 0.000000
0.001757 360.888885 231.111099 -0.000142 0.805938 0.000000
0.014486 361.777802 249.777802 0.030850 0.650753 1.000000
0.006849 364.444489 265.777802 0.092832 0.557641 1.000000
0.050126 373.333313 288.000000 0.309767 0.774900 2.000000
0.009394 373.333313 288.000000 -0.000142 -0.001029 2.000000
0.001757 376.000000 288.888885 0.092832 0.030009 2.000000
0.050126 382.222198 281.777802 0.216795 -0.249325 2.000000
0.029760 390.222198 262.222198 0.278778 -0.683848 2.000000
-0.000788 393.777802 248.000000 0.123824 -0.497623 2.000000
0.050126 404.444489 205.333298 0.371752 -1.490814 2.000000
0.032306 410.666687 155.555603 0.216795 -1.739108 2.000000
0.014486 410.666687 135.111099 -0.000142 -0.714886 1.000000
0.024669 409.777802 120.000000 -0.031133 -0.528660 1.000000
0.014486 400.000000 103.111099 -0.341045 -0.590735 0.000000
0.001757 400.000000 103.111099 -0.000142 -0.001029 0.000000
0.045035 369.777802 93.333344 -1.053839 -0.342437 0.000000
0.047580 333.333313 94.222221 -1.270779 0.030008 0.000000
0.047580 292.444489 104.000000 -1.425731 0.340380 0.000000
0.057763 251.555603 139.555603 -1.425733 1.240460 0.000000
0.014486 246.222198 156.444397 -0.186091 0.588674 0.000000
0.004303 246.222198 174.222198 -0.000142 0.619716 0.000000
0.045035 260.444489 210.666702 0.495718 1.271498 2.000000
0.050126 292.444489 240.888901 1.115538 1.054235 2.000000
0.027215 335.111115 258.666687 1.487430 0.619715 2.000000
0.050126 372.444489 263.111115 1.301486 0.154157 2.000000
0.042489 394.666687 246.222198 0.774635 -0.590736 2.000000
0.045035 384.888885 214.222198 -0.341045 -1.118367 2.000000
0.011940 371.555511 192.000000 -0.465010 -0.776957 0.000000
0.024669 351.111115 170.666702 -0.712936 -0.745920 0.000000
0.032306 296.000000 139.555603 -1.921591 -1.087329 0.000000
0.050126 232.888901 131.555603 -2.200511 -0.280363 0.000000
0.045035 163.555603 144.000000 -2.417448 0.433490 0.000000
0.047580 143.111099 162.666702 -0.712940 0.650753 0.000000
0.045035 144.000000 187.555603 0.030849 0.868013 0.000000
0.047580 173.333298 219.555603 1.022563 1.116310 0.000000
0.022123 227.555603 254.222198 1.890319 1.209419 2.000000
0.006849 259.555511 269.333313 1.115535 0.526604 2.000000
0.034852 323.555511 289.777802 2.231218 0.712828 2.000000
0.057763 376.888885 292.444489 1.859326 0.092084 2.000000
0.037397 425.777802 265.777802 1.704370 -0.932145 2.000000
0.039943 434.666687 248.000000 0.309769 -0.621773 2.000000
0.014486 438.222198 204.444397 0.123821 -1.521852 2.000000
0.001757 438.222198 204.444397 -0.000142 -0.001029 2.000000
0.006849 417.777802 165.333298 -0.712936 -1.366664 0.000000
0.039943 402.666687 152.000000 -0.526991 -0.466585 0.000000
0.042489 348.444489 128.888901 -1.890599 -0.807995 0.000000
0.039943 328.888885 123.555603 -0.681948 -0.187250 0.000000
0.073038 248.888901 105.777802 -2.789342 -0.621773 0.000000
0.022123 230.222198 101.333298 -0.650957 -0.156217 0.000000
0.017032 199.111099 95.111107 -1.084831 -0.218288 1.000000
0.001757 199.111099 95.111107 -0.000142 -0.001029 1.000000
0.014486 187.555603 94.222221 -0.403025 -0.032066 2.000000
0.024669 174.222198 97.777779 -0.465011 0.123120 2.000000
0.034852 171.555603 112.888901 -0.093113 0.526604 2.000000
0.060309 181.333298 137.777802 0.340757 0.868013 2.000000
0.034852 206.222198 163.555603 0.867609 0.899050 2.000000
0.034852 242.666702 182.222198 1.270495 0.650750 2.000000
0.057763 303.111115 195.555603 2.107252 0.464532 2.000000
0.014486 319.111115 198.222198 0.557698 0.092080 0.000000
0.006849 331.555511 201.777802 0.433732 0.123122 0.000000
0.052672 341.333313 213.333298 0.340761 0.402453 0.000000
0.034852 330.666687 230.222198 -0.372034 0.588678 0.000000
0.070492 280.000000 253.333298 -1.766636 0.805938 0.000000
0.027215 230.222198 256.000000 -1.735645 0.092084 0.000000
0.014486 206.222198 252.444397 -0.836902 -0.125179 0.000000
0.006849 185.777802 245.333298 -0.712936 -0.249326 1.000000
0.019577 169.777802 232.888901 -0.557982 -0.435547 1.000000
0.004303 157.333298 216.000000 -0.434020 -0.590735 2.000000
0.017032 149.333298 195.555603 -0.279062 -0.714882 2.000000
0.004303 143.111099 171.555603 -0.217079 -0.839032 2.000000
0.014486 138.666702 146.666702 -0.155096 -0.870070 2.000000
0.027215 133.333298 104.000000 -0.186091 -1.490814 2.000000
0.039943 130.666702 79.111107 -0.093113 -0.870070 2.000000
0.039943 125.333298 64.888893 -0.186091 -0.497623 2.000000
0.017032 123.555603 60.444439 -0.062121 -0.156215 2.000000
0.001757 120.888901 57.777779 -0.093117 -0.094140 2.000000
0.014486 120.000000 55.111111 -0.031134 -0.094140 2.000000
0.004303 119.111099 54.222221 -0.031134 -0.032066 0.000000
0.009394 118.222198 53.333328 -0.031134 -0.032066 0.000000
0.034852 118.222198 52.444439 -0.000142 -0.032066 0.000000
0.037397 118.222198 51.555561 -0.000142 -0.032065 0.000000
0.060309 118.222198 49.777779 -0.000142 -0.063103 0.000000
0.039943 116.444397 51.555561 -0.062125 0.061046 0.000000
0.039943 114.666702 55.111111 -0.062121 0.123120 0.000000
0.017032 111.111099 68.444443 -0.124108 0.464529 2.000000
0.009394 111.111099 77.333344 -0.000142 0.309344 2.000000
0.057763 109.333298 102.222198 -0.062125 0.868011 2.000000
0.039943 105.777802 136.888901 -0.124105 1.209423 2.000000
0.032306 104.000000 175.111099 -0.062125 1.333569 2.000000
0.060309 108.444397 216.000000 0.154812 1.426682 2.000000
0.009394 111.111099 224.888901 0.092832 0.309344 2.000000
0.011940 114.666702 232.000000 0.123824 0.247268 1.000000
0.014486 118.222198 240.000000 0.123820 0.278306 1.000000
0.009394 121.777802 247.111099 0.123824 0.247268 0.000000
0.045035 128.888901 260.444489 0.247786 0.464531 0.000000
0.039943 137.777802 269.333313 0.309769 0.309341 0.000000
0.073038 163.555603 268.444489 0.898601 -0.032063 0.000000
0.029760 170.666702 264.000000 0.247786 -0.156216 0.000000
0.042489 186.666702 253.333298 0.557698 -0.373476 0.000000
0.017032 201.777802 243.555603 0.526706 -0.342435 0.000000
0.009394 209.777802 239.111099 0.278778 -0.156217 2.000000
0.039943 228.444397 231.111099 0.650669 -0.280363 2.000000
0.011940 238.222198 227.555603 0.340761 -0.125175 2.000000
0.004303 248.888901 224.000000 0.371752 -0.125179 2.000000
0.017032 258.666687 221.333298 0.340760 -0.094141 2.000000
0.022123 268.444489 218.666702 0.340761 -0.094138 2.000000
0.037397 284.444489 216.888901 0.557698 -0.063104 2.000000
0.057763 298.666687 218.666702 0.495715 0.061047 2.000000
0.037397 304.888885 222.222198 0.216795 0.123118 1.000000
0.045035 313.777802 226.666702 0.309770 0.154159 0.000000
0.045035 323.555511 231.111099 0.340758 0.154156 0.000000
0.047580 341.333313 237.333298 0.619681 0.216231 0.000000
0.045035 351.111115 241.777802 0.340761 0.154159 0.000000
0.045035 358.222198 245.333298 0.247786 0.123118 0.000000
0.042489 366.222198 248.888901 0.278778 0.123122 0.000000
0.019577 375.111115 251.555603 0.309770 0.092084 1.000000
0.011940 380.444489 252.444397 0.185806 0.030005 1.000000
0.017032 385.777802 253.333298 0.185804 0.030009 2.000000
0.011940 392.000000 254.222198 0.216795 0.030009 2.000000
0.042489 404.444489 254.222198 0.433735 -0.001029 2.000000
0.014486 410.666687 254.222198 0.216795 -0.001029 2.000000
0.004303 416.000000 251.555603 0.185804 -0.094138 2.000000
0.014486 422.222198 248.888901 0.216795 -0.094141 2.000000
0.004303 427.555511 244.444397 0.185804 -0.156217 2.000000
0.017032 432.888885 238.222198 0.185806 -0.218288 2.000000
0.004303 438.222198 232.000000 0.185804 -0.218288 2.000000
0.004303 443.555511 225.777802 0.185804 -0.218288 2.000000
0.017032 447.111115 220.444397 0.123824 -0.187254 2.000000
0.004303 450.666687 216.000000 0.123823 -0.156213 1.000000
0.014486 453.333313 213.333298 0.092830 -0.094141 1.000000
0.004303 456.000000 210.666702 0.092832 -0.094138 0.000000
0.019577 457.777802 209.777802 0.061841 -0.032066 0.000000
0.009394 458.666687 208.000000 0.030849 -0.063104 0.000000
0.017032 458.666687 203.555603 -0.000142 -0.156213 0.000000
0.011940 458.666687 203.555603 -0.000142 -0.001029 0.000000
0.017032 449.777802 193.777802 -0.310053 -0.342438 0.000000
0.014486 442.666687 186.666702 -0.248071 -0.249326 0.000000
0.057763 416.000000 155.555603 -0.929876 -1.087329 0.000000
0.047580 398.222198 136.888901 -0.619965 -0.652811 0.000000
0.045035 381.333313 121.777802 -0.588973 -0.528660 1.000000
0.045035 361.777802 109.333298 -0.681945 -0.435551 1.000000
0.034852 336.888885 96.888893 -0.867894 -0.435548 2.000000
0.014486 323.555511 90.666656 -0.465010 -0.218289 2.000000
0.022123 300.444489 80.000000 -0.805908 -0.373474 2.000000
0.001757 300.444489 80.000000 -0.000142 -0.001029 2.000000
0.004303 292.444489 74.666656 -0.279062 -0.187252 2.000000
0.014486 280.888885 68.444443 -0.403028 -0.218288 2.000000
0.004303 280.888885 68.444443 -0.000142 -0.001029 2.000000
0.017032 276.444489 66.666656 -0.155096 -0.063103 2.000000
0.006849 272.000000 64.888893 -0.155099 -0.063102 2.000000
0.017032 261.333313 64.888893 -0.372036 -0.001029 2.000000
0.004303 261.333313 64.888893 -0.000142 -0.001029 2.000000
0.019577 246.222198 64.888893 -0.526991 -0.001029 2.000000
0.001757 246.222198 64.888893 -0.000142 -0.001029 2.000000
0.006849 230.222198 65.777779 -0.557982 0.030009 0.000000
0.014486 230.222198 65.777779 -0.000142 -0.001029 0.000000
0.006849 223.111099 65.777779 -0.248071 -0.001029 0.000000
0.019577 214.222198 65.777779 -0.310054 -0.001029 0.000000
0.006849 211.555603 65.777779 -0.093113 -0.001029 0.000000
0.014486 208.888901 66.666656 -0.093117 0.030008 0.000000
0.004303 208.888901 66.666656 -0.000142 -0.001029 0.000000
0.017032 203.555603 70.222221 -0.186088 0.123120 0.000000
0.006849 200.888901 72.000000 -0.093117 0.061046 0.000000
0.011940 198.222198 75.555557 -0.093117 0.123120 0.000000
0.001757 198.222198 75.555557 -0.000142 -0.001029 0.000000
0.006849 195.555603 80.000000 -0.093113 0.154157 0.000000
0.019577 190.222198 88.888893 -0.186091 0.309343 0.000000
0.006849 188.444397 94.222221 -0.062125 0.185194 0.000000
0.034852 188.444397 99.555557 -0.000142 0.185195 0.000000
0.073038 188.444397 120.888901 -0.000142 0.743864 0.000000
0.027215 188.444397 124.444397 -0.000142 0.123118 0.000000
0.017032 188.444397 132.444397 -0.000142 0.278306 0.000000
0.004303 188.444397 132.444397 -0.000142 -0.001029 0.000000
0.019577 188.444397 139.555603 -0.000142 0.247272 2.000000
0.009394 191.111099 141.333298 0.092832 0.061043 2.000000
0.019577 194.666702 142.222198 0.123824 0.030009 2.000000
0.011940 200.000000 142.222198 0.185803 -0.001029 2.000000
0.017032 206.222198 139.555603 0.216795 -0.094138 2.000000
0.022123 220.444397 129.777802 0.495715 -0.342438 2.000000
0.006849 220.444397 129.777802 -0.000142 -0.001029 2.000000
0.019577 230.222198 117.333298 0.340761 -0.435551 2.000000
0.009394 232.000000 110.222198 0.061841 -0.249326 2.000000
0.019577 232.000000 104.000000 -0.000142 -0.218288 2.000000
0.006849 231.111099 98.666656 -0.031134 -0.187252 2.000000
0.019577 223.111099 90.666656 -0.279062 -0.280363 2.000000
0.006849 223.111099 90.666656 -0.000142 -0.001029 2.000000
0.022123 208.888901 87.111107 -0.495999 -0.125177 1.000000
0.004303 208.888901 87.111107 -0.000142 -0.001029 1.000000
0.006849 200.000000 86.222221 -0.310054 -0.032066 1.000000
0.014486 181.333298 88.000000 -0.650957 0.061046 0.000000
0.006849 181.333298 88.000000 -0.000142 -0.001029 0.000000
0.011940 172.444397 89.777779 -0.310054 0.061046 0.000000
0.001757 166.222198 93.333344 -0.217079 0.123120 0.000000
0.014486 161.777802 97.777779 -0.155096 0.154157 0.000000
0.004303 160.000000 102.222198 -0.062125 0.154156 0.000000
0.004303 160.000000 107.555603 -0.000142 0.185197 0.000000
0.014486 165.333298 111.111099 0.185803 0.123118 0.000000
0.004303 174.222198 113.777802 0.309769 0.092084 0.000000
0.017032 187.555603 114.666702 0.464727 0.030009 0.000000
0.001757 206.222198 113.777802 0.650669 -0.032066 0.000000
0.019577 228.444397 109.333298 0.774635 -0.156217 0.000000
0.022123 278.222198 98.666656 1.735361 -0.373474 0.000000
0.034852 304.000000 96.000000 0.898601 -0.094140 0.000000
0.019577 349.333313 95.111107 1.580404 -0.032066 2.000000
0.009394 367.111115 99.555557 0.619681 0.154158 2.000000
0.055218 389.333313 113.777802 0.774635 0.495567 2.000000
0.045035 394.666687 133.333298 0.185806 0.681787 2.000000
0.045035 386.666687 160.888901 -0.279062 0.961126 2.000000
0.014486 383.111115 168.888901 -0.124107 0.278306 2.000000
0.011940 379.555511 176.888901 -0.124108 0.278306 2.000000
0.057763 371.555511 200.888901 -0.279062 0.836975 1.000000
0.047580 369.777802 217.777802 -0.062122 0.588678 0.000000
0.062855 369.777802 235.555603 -0.000142 0.619716 0.000000
0.009394 369.777802 239.111099 -0.000142 0.123118 0.000000
0.034852 370.666687 240.888901 0.030849 0.061047 0.000000
0.070492 372.444489 239.111099 0.061841 -0.063104 0.000000
0.027215 374.222198 236.444397 0.061838 -0.094141 0.000000
0.032306 377.777802 229.333298 0.123824 -0.249326 0.000000
0.011940 378.666687 226.666702 0.030849 -0.094138 0.000000
0.024669 380.444489 222.222198 0.061841 -0.156217 1.000000
0.062855 382.222198 211.555603 0.061838 -0.373472 1.000000
-0.000788 382.222198 211.555603 -0.000142 -0.001029 2.000000
0.004303 384.000000 206.222198 0.061841 -0.187254 2.000000
0.052672 393.777802 179.555603 0.340761 -0.932141 2.000000
0.029760 400.888885 165.333298 0.247786 -0.497626 2.000000
0.055218 429.333313 115.555603 0.991573 -1.739108 2.000000
0.062855 456.000000 83.555557 0.929592 -1.118369 2.000000
-0.000788 456.000000 83.555557 -0.000142 -0.001029 2.000000
0.001757 462.222198 78.222221 0.216795 -0.187252 2.000000
0.052672 467.555511 72.000000 0.185804 -0.218289 2.000000
0.014486 468.444489 72.000000 0.030852 -0.001029 0.000000
0.006849 468.444489 72.000000 -0.000142 -0.001029 0.000000
0.042489 459.555511 86.222221 -0.310056 0.495566 0.000000
0.050126 450.666687 110.222198 -0.310051 0.836974 0.000000
0.014486 448.000000 125.333298 -0.093116 0.526603 0.000000
-0.000788 447.111115 142.222198 -0.031133 0.588678 0.000000
0.001757 447.111115 142.222198 -0.000142 -0.001029 0.000000
0.011940 446.222198 174.222198 -0.031134 1.116310 0.000000
-0.000788 446.222198 174.222198 -0.000142 -0.001029 0.000000
0.014486 448.000000 204.444397 0.061841 1.054235 0.000000
-0.000788 448.000000 204.444397 -0.000142 -0.001029 0.000000
0.001757 449.777802 218.666702 0.061841 0.495569 0.000000
0.014486 450.666687 232.000000 0.030849 0.464528 0.000000
-0.000788 450.666687 232.000000 -0.000142 -0.001029 0.000000
0.017032 452.444489 256.888885 0.061841 0.868012 1.000000
0.004303 452.444489 266.666687 -0.000142 0.340381 1.000000
0.004303 452.444489 266.666687 -0.000142 -0.001029 2.000000
0.017032 450.666687 280.888885 -0.062125 0.495565 2.000000
0.004303 450.666687 280.888885 -0.000142 -0.001029 2.000000
0.014486 444.444489 288.888885 -0.217079 0.278306 2.000000
0.004303 444.444489 288.888885 -0.000142 -0.001029 2.000000
0.014486 440.000000 290.666687 -0.155099 0.061047 2.000000
0.022123 428.444489 292.444489 -0.403025 0.061047 2.000000
0.065400 406.222198 286.222198 -0.774922 -0.218291 2.000000
0.022123 399.111115 280.000000 -0.248070 -0.218288 2.000000
0.034852 384.888885 263.111115 -0.496000 -0.590735 1.000000
0.014486 376.888885 251.555603 -0.279062 -0.404510 1.000000
0.001757 369.777802 239.111099 -0.248070 -0.435551 0.000000
0.004303 361.777802 226.666702 -0.279062 -0.435547 0.000000
0.050126 344.888885 207.111099 -0.588974 -0.683848 0.000000
0.032306 325.333313 200.000000 -0.681947 -0.249326 0.000000
0.052672 307.555511 201.777802 -0.619965 0.061047 0.000000
0.067946 291.555511 223.111099 -0.557982 0.743862 0.000000
0.022123 286.222198 243.555603 -0.186088 0.712829 0.000000
0.065400 280.000000 270.222198 -0.217079 0.930084 0.000000
0.022123 277.333313 276.444489 -0.093116 0.216234 1.000000
0.022123 268.444489 286.222198 -0.310051 0.340378 2.000000
0.011940 264.000000 288.888885 -0.155099 0.092084 2.000000
0.045035 249.777802 290.666687 -0.495999 0.061047 2.000000
0.039943 231.111099 281.777802 -0.650957 -0.311400 2.000000
0.042489 209.777802 265.777802 -0.743928 -0.559698 2.000000
0.042489 182.222198 244.444397 -0.960868 -0.745923 2.000000
0.075583 120.000000 223.111099 -2.169519 -0.745920 1.000000
0.014486 105.777802 223.111099 -0.495999 -0.001029 0.000000
0.009394 92.444443 225.777802 -0.465010 0.092084 0.000000
0.037397 73.777779 232.000000 -0.650955 0.216231 0.000000
0.027215 68.444443 234.666702 -0.186089 0.092084 0.000000
0.067946 63.111111 239.111099 -0.186089 0.154156 0.000000
0.039943 69.333344 237.333298 0.216796 -0.063104 0.000000
0.024669 88.000000 226.666702 0.650671 -0.373472 0.000000
0.073038 136.000000 200.000000 1.673378 -0.932145 0.000000
0.004303 154.666702 191.111099 0.650672 -0.311401 0.000000
0.024669 187.555603 176.000000 1.146529 -0.528660 1.000000
0.050126 211.555603 168.000000 0.836618 -0.280363 2.000000
0.009394 218.666702 165.333298 0.247786 -0.094141 2.000000
0.052672 221.333298 163.555603 0.092829 -0.063100 2.000000
0.062855 193.777802 162.666702 -0.960864 -0.032066 2.000000
0.047580 162.666702 160.888901 -1.084831 -0.063104 2.000000
0.045035 102.222198 156.444397 -2.107540 -0.156217 2.000000
0.001757 102.222198 156.444397 -0.000142 -0.001029 2.000000
0.024669 57.777779 156.444397 -1.549697 -0.001029 1.000000
0.004303 37.333328 157.333298 -0.712938 0.030009 1.000000
0.022123 18.666670 160.000000 -0.650955 0.092084 0.000000
0.004303 1.777778 163.555603 -0.588973 0.123122 0.000000
0.029760 -23.111111 172.444397 -0.867893 0.309340 0.000000
0.011940 -31.111111 177.777802 -0.279062 0.185197 0.000000
0.029760 -40.000000 189.333298 -0.310053 0.402453 0.000000
0.037397 -40.888889 197.333298 -0.031133 0.278306 0.000000
0.034852 -38.222221 216.000000 0.092831 0.650753 0.000000
0.014486 -32.888889 226.666702 0.185804 0.371419 0.000000
0.034852 -20.444441 245.333298 0.433734 0.650750 0.000000
0.039943 -9.777778 256.000000 0.371751 0.371419 0.000000
0.045035 0.000000 259.555511 0.340760 0.123119 1.000000
0.055218 7.111111 250.666702 0.247787 -0.311398 2.000000
0.024669 11.555560 242.666702 0.154814 -0.280363 2.000000
0.032306 26.666670 221.333298 0.526707 -0.745923 2.000000
0.052672 56.000000 184.888901 1.022564 -1.273551 2.000000
0.011940 64.888893 174.222198 0.309769 -0.373476 2.000000
0.045035 77.333344 154.666702 0.433734 -0.683844 2.000000
0.024669 85.333344 136.888901 0.278778 -0.621773 1.000000
0.022123 88.000000 128.000000 0.092831 -0.311401 1.000000
0.004303 91.555557 118.222198 0.123822 -0.342438 0.000000
0.027215 96.000000 108.444397 0.154813 -0.342438 0.000000
0.004303 101.333298 99.555557 0.185803 -0.311399 0.000000
0.014486 107.555603 90.666656 0.216799 -0.311401 0.000000
0.011940 113.777802 82.666656 0.216795 -0.280363 0.000000
0.022123 125.333298 68.444443 0.402740 -0.497623 0.000000
0.011940 128.888901 63.111111 0.123824 -0.187252 0.000000
0.022123 131.555603 59.555561 0.092832 -0.125177 0.000000
0.009394 133.333298 56.888889 0.061837 -0.094140 0.000000
0.019577 134.222198 54.222221 0.030849 -0.094140 0.000000
0.006849 134.222198 54.222221 -0.000142 -0.001029 0.000000
0.019577 134.222198 53.333328 -0.000142 -0.032066 0.000000
0.011940 134.222198 55.111111 -0.000142 0.061046 1.000000
0.019577 134.222198 60.444439 -0.000142 0.185194 1.000000
0.019577 135.111099 68.444443 0.030849 0.278306 1.000000
0.009394 142.222198 88.000000 0.247786 0.681789 2.000000
0.024669 147.555603 99.555557 0.185807 0.402455 2.000000
0.022123 153.777802 111.111099 0.216795 0.402454 2.000000
0.065400 170.666702 148.444397 0.588689 1.302532 2.000000
0.024669 177.777802 173.333298 0.247786 0.868013 2.000000
0.073038 184.888901 204.444397 0.247786 1.085272 2.000000
0.037397 192.888901 217.777802 0.278778 0.464532 2.000000
0.001757 198.222198 221.333298 0.185803 0.123118 1.000000
0.001757 198.222198 221.333298 -0.000142 -0.001029 1.000000
0.014486 212.444397 222.222198 0.495715 0.030009 1.000000
0.006849 221.333298 220.444397 0.309769 -0.063104 0.000000
0.017032 230.222198 216.888901 0.309769 -0.125175 0.000000
0.006849 239.111099 213.333298 0.309769 -0.125179 0.000000
0.017032 248.000000 208.888901 0.309769 -0.156213 0.000000
0.006849 256.888885 203.555603 0.309769 -0.187250 0.000000
0.017032 264.888885 198.222198 0.278778 -0.187254 0.000000
0.006849 273.777802 193.777802 0.309770 -0.156213 0.000000
0.011940 282.666687 188.444397 0.309769 -0.187254 0.000000
0.001757 292.444489 184.000000 0.340761 -0.156213 0.000000
0.004303 302.222198 179.555603 0.340758 -0.156213 0.000000
0.017032 312.888885 175.111099 0.371752 -0.156217 0.000000
0.001757 312.888885 175.111099 -0.000142 -0.001029 0.000000
0.017032 336.888885 168.000000 0.836618 -0.249326 0.000000
0.004303 348.444489 165.333298 0.402744 -0.094141 0.000000
0.006849 348.444489 165.333298 -0.000142 -0.001029 0.000000
0.017032 368.000000 160.000000 0.681661 -0.187250 1.000000
0.006849 376.000000 157.333298 0.278778 -0.094141 1.000000
0.014486 383.111115 155.555603 0.247787 -0.063100 1.000000
0.001757 383.111115 155.555603 -0.000142 -0.001029 2.000000
0.014486 390.222198 152.000000 0.247786 -0.125179 2.000000
-0.000788 397.333313 148.444397 0.247787 -0.125179 2.000000
0.001757 404.444489 144.000000 0.247789 -0.156213 2.000000
0.011940 410.666687 139.555603 0.216795 -0.156213 2.000000
0.001757 416.888885 135.111099 0.216795 -0.156217 2.000000
0.011940 422.222198 131.555603 0.185804 -0.125175 2.000000
0.001757 422.222198 131.555603 -0.000142 -0.001029 2.000000
0.004303 426.666687 128.000000 0.154815 -0.125179 2.000000
0.014486 429.333313 125.333298 0.092830 -0.094141 2.000000
0.004303 431.111115 124.444397 0.061841 -0.032066 2.000000
0.014486 432.000000 123.555603 0.030849 -0.032062 2.000000
0.019577 432.000000 121.777802 -0.000142 -0.063104 2.000000
0.065400 411.555511 116.444397 -0.712939 -0.187254 1.000000
0.024669 400.000000 116.444397 -0.403025 -0.001029 1.000000
0.014486 387.555511 116.444397 -0.434019 -0.001029 0.000000
0.032306 363.555511 122.666702 -0.836902 0.216235 0.000000
0.022123 352.000000 128.888901 -0.403025 0.216231 0.000000
0.075583 313.777802 184.888901 -1.332759 1.954314 0.000000
0.039943 297.777802 224.888901 -0.557982 1.395644 0.000000
0.042489 285.333313 262.222198 -0.434019 1.302532 0.000000
0.004303 281.777802 278.222198 -0.124105 0.557641 0.000000
0.017032 279.111115 291.555511 -0.093116 0.464528 0.000000
0.034852 277.333313 311.111115 -0.062125 0.681791 1.000000
0.037397 277.333313 320.888885 -0.000142 0.340380 1.000000
0.014486 277.333313 322.666687 -0.000142 0.061047 2.000000
0.037397 277.333313 320.888885 -0.000142 -0.063104 2.000000
0.039943 280.000000 306.666687 0.092832 -0.497623 2.000000
0.024669 282.666687 295.111115 0.092832 -0.404512 2.000000
0.067946 294.222198 233.777802 0.402741 -2.142593 2.000000
0.050126 299.555511 152.888901 0.185804 -2.825412 2.000000
0.022123 296.888885 133.333298 -0.093114 -0.683848 2.000000
0.014486 284.444489 111.111099 -0.434016 -0.776957 1.000000
0.006849 284.444489 111.111099 -0.000142 -0.001029 1.000000
0.011940 264.888885 103.111099 -0.681948 -0.280363 0.000000
0.004303 264.888885 103.111099 -0.000142 -0.001029 0.000000
0.011940 253.333298 103.111099 -0.403028 -0.001029 0.000000
0.022123 225.777802 108.444397 -0.960864 0.185193 0.000000
0.067946 186.666702 137.777802 -1.363751 1.023201 0.000000
0.024669 164.444397 168.888901 -0.774923 1.085272 0.000000
0.011940 164.444397 168.888901 -0.000142 -0.001029 0.000000
0.037397 147.555603 200.000000 -0.588970 1.085272 0.000000
0.050126 142.222198 236.444397 -0.186091 1.271494 0.000000
0.017032 146.666702 245.333298 0.154815 0.309344 1.000000
0.062855 177.777802 254.222198 1.084546 0.309344 2.000000
0.052672 241.777802 234.666702 2.231218 -0.683844 2.000000
0.001757 241.777802 234.666702 -0.000142 -0.001029 2.000000
-0.000788 269.333313 227.555603 0.960581 -0.249326 2.000000
0.011940 299.555511 222.222198 1.053555 -0.187254 2.000000
0.001757 299.555511 222.222198 -0.000142 -0.001029 2.000000
0.009394 357.333313 217.777802 2.014281 -0.156213 2.000000
0.001757 357.333313 217.777802 -0.000142 -0.001029 2.000000
0.004303 384.000000 217.777802 0.929592 -0.001029 2.000000
0.014486 407.111115 219.555603 0.805627 0.061047 2.000000
0.001757 427.555511 222.222198 0.712652 0.092080 2.000000
0.017032 444.444489 224.888901 0.588692 0.092084 2.000000
0.004303 458.666687 228.444397 0.495715 0.123118 2.000000
0.022123 469.333313 232.888901 0.371750 0.154159 1.000000
0.001757 476.444489 236.444397 0.247789 0.123118 1.000000
0.006849 481.777802 240.000000 0.185804 0.123122 1.000000
0.017032 484.444489 243.555603 0.092832 0.123122 0.000000
0.001757 484.444489 246.222198 -0.000142 0.092080 0.000000
0.014486 481.777802 248.888901 -0.093116 0.092084 0.000000
0.004303 476.444489 248.888901 -0.186088 -0.001029 0.000000
0.017032 468.444489 248.888901 -0.279062 -0.001029 0.000000
0.037397 449.777802 241.777802 -0.650956 -0.249326 0.000000
0.029760 430.222198 229.333298 -0.681948 -0.435551 0.000000
0.067946 403.555511 204.444397 -0.929876 -0.870070 0.000000
0.024669 396.444489 196.444397 -0.248068 -0.280363 1.000000
0.067946 380.444489 184.888901 -0.557982 -0.404510 1.000000
0.039943 370.666687 186.666702 -0.341045 0.061047 2.000000
0.024669 360.888885 200.888901 -0.341045 0.495565 2.000000
0.073038 348.444489 246.222198 -0.434016 1.581866 2.000000
0.034852 342.222198 281.777802 -0.217082 1.240460 2.000000
0.024669 339.555511 298.666687 -0.093116 0.588678 2.000000
0.011940 334.222198 328.000000 -0.186088 1.023198 2.000000
0.001757 334.222198 328.000000 -0.000142 -0.001029 2.000000
0.014486 331.555511 340.444489 -0.093116 0.433493 2.000000
0.001757 328.000000 352.000000 -0.124105 0.402453 1.000000
0.009394 323.555511 360.888885 -0.155099 0.309343 1.000000
0.029760 313.777802 373.333313 -0.341042 0.433491 0.000000
0.011940 310.222198 375.111115 -0.124108 0.061047 0.000000
0.024669 305.777802 375.111115 -0.155096 -0.001029 0.000000
0.067946 294.222198 359.111115 -0.403028 -0.559698 0.000000
0.024669 283.555511 328.000000 -0.372036 -1.087330 0.000000
0.067946 252.444397 256.888885 -1.084831 -2.484003 0.000000
0.024669 237.333298 233.777802 -0.526991 -0.807994 0.000000
0.014486 220.444397 215.111099 -0.588974 -0.652811 0.000000
0.034852 166.222198 187.555603 -1.890599 -0.963179 1.000000
0.034852 149.333298 186.666702 -0.588974 -0.032066 1.000000
0.001757 133.333298 186.666702 -0.557982 -0.001029 2.000000
0.034852 104.888901 194.666702 -0.991856 0.278306 2.000000
0.001757 104.888901 194.666702 -0.000142 -0.001029 2.000000
-0.000788 94.222221 200.888901 -0.372036 0.216231 2.000000
0.067946 72.000000 230.222198 -0.774920 1.023197 2.000000
0.050126 64.888893 256.888885 -0.248071 0.930087 2.000000
0.017032 64.000000 284.444489 -0.031133 0.961126 2.000000
0.022123 65.777779 296.000000 0.061840 0.402453 2.000000
0.019577 69.333344 305.777802 0.123823 0.340381 2.000000
0.006849 78.222221 320.000000 0.309769 0.495565 1.000000
0.024669 81.777779 324.444489 0.123822 0.154159 0.000000
0.039943 88.000000 329.777802 0.216796 0.185194 0.000000
0.001757 88.888893 330.666687 0.030849 0.030009 0.000000
0.009394 89.777779 330.666687 0.030849 -0.001029 0.000000
0.073038 90.666656 330.666687 0.030849 -0.001029 0.000000
0.039943 90.666656 328.000000 -0.000142 -0.094141 0.000000
0.042489 90.666656 316.444489 -0.000142 -0.404510 0.000000
0.037397 90.666656 297.777802 -0.000142 -0.652810 0.000000
0.027215 87.111107 269.333313 -0.124106 -0.994220 1.000000
0.067946 71.111107 216.000000 -0.557982 -1.863258 1.000000
0.039943 58.666672 186.666702 -0.434017 -1.025254 2.000000
0.004303 58.666672 186.666702 -0.000142 -0.001029 2.000000
0.009394 53.333328 176.888901 -0.186089 -0.342438 2.000000
0.078129 36.444439 152.888901 -0.588973 -0.839032 2.000000
0.039943 33.777779 150.222198 -0.093115 -0.094141 2.000000
0.039943 34.666672 150.222198 0.030849 -0.001029 2.000000
0.042489 46.222221 158.222198 0.402742 0.278306 2.000000
0.047580 69.333344 170.666702 0.805627 0.433494 0.000000
0.027215 102.222198 183.111099 1.146528 0.433490 0.000000
0.062855 168.888901 205.333298 2.324192 0.774900 0.000000
0.022123 191.111099 212.444397 0.774635 0.247268 0.000000
0.017032 210.666702 218.666702 0.681664 0.216235 0.000000
0.039943 248.888901 226.666702 1.332475 0.278306 0.000000
0.034852 254.222198 226.666702 0.185803 -0.001029 0.000000
0.022123 256.000000 219.555603 0.061841 -0.249326 0.000000
0.014486 253.333298 212.444397 -0.093117 -0.249329 0.000000
0.001757 248.000000 202.666702 -0.186088 -0.342435 0.000000
0.017032 241.777802 191.111099 -0.217079 -0.404514 1.000000
0.006849 234.666702 176.888901 -0.248071 -0.497623 1.000000
0.017032 228.444397 160.000000 -0.217083 -0.590735 1.000000
0.006849 221.333298 140.444397 -0.248071 -0.683848 2.000000
0.022123 214.222198 120.888901 -0.248071 -0.683844 2.000000
0.004303 208.000000 102.222198 -0.217079 -0.652811 2.000000
