0.014486 328.888885 205.333298 0.278778 0.526603 0.000000
0.004303 328.888885 205.333298 -0.000142 -0.001029 0.000000
0.017032 344.000000 230.222198 0.526707 0.868013 0.000000
0.004303 350.222198 240.000000 0.216795 0.340381 0.000000
0.017032 355.555511 247.111099 0.185804 0.247268 0.000000
0.004303 360.888885 251.555603 0.185806 0.154159 0.000000
0.019577 365.333313 254.222198 0.154813 0.092080 0.000000
0.006849 370.666687 255.111099 0.185806 0.030009 0.000000
0.006849 376.000000 255.111099 0.185804 -0.001029 0.000000
0.022123 381.333313 252.444397 0.185804 -0.094141 0.000000
0.004303 387.555511 248.000000 0.216795 -0.156213 0.000000
0.014486 393.777802 242.666702 0.216798 -0.187250 0.000000
0.006849 400.000000 235.555603 0.216795 -0.249326 1.000000
0.014486 406.222198 227.555603 0.216795 -0.280363 1.000000
0.006849 412.444489 218.666702 0.216798 -0.311401 1.000000
0.017032 416.888885 209.777802 0.154812 -0.311401 2.000000
0.004303 420.444489 199.111099 0.123824 -0.373476 2.000000
0.017032 422.222198 175.111099 0.061838 -0.839032 2.000000
0.004303 422.222198 175.111099 -0.000142 -0.001029 2.000000
0.017032 420.444489 161.777802 -0.062122 -0.466585 2.000000
0.001757 416.888885 150.222198 -0.124108 -0.404514 2.000000
0.001757 411.555511 138.666702 -0.186090 -0.404510 2.000000
0.017032 407.111115 128.888901 -0.155096 -0.342438 2.000000
0.001757 403.555511 120.000000 -0.124108 -0.311401 2.000000
0.014486 400.888885 112.888901 -0.093114 -0.249326 2.000000
0.004303 398.222198 105.777802 -0.093116 -0.249326 2.000000
0.014486 396.444489 99.555557 -0.062122 -0.218290 2.000000
0.006849 394.666687 93.333344 -0.062125 -0.218288 2.000000
0.004303 394.666687 93.333344 -0.000142 -0.001029 2.000000
0.019577 392.000000 80.000000 -0.093116 -0.466587 2.000000
0.004303 390.222198 73.777779 -0.062125 -0.218289 2.000000
0.017032 390.222198 67.555557 -0.000142 -0.218289 0.000000
0.006849 389.333313 62.222221 -0.031133 -0.187252 0.000000
0.032306 390.222198 55.111111 0.030849 -0.249326 0.000000
0.057763 393.777802 52.444439 0.123824 -0.094140 0.000000
0.042489 401.777802 54.222221 0.278778 0.061046 0.000000
0.039943 413.333313 64.888893 0.402741 0.371418 0.000000
0.037397 427.555511 80.000000 0.495715 0.526603 0.000000
0.045035 452.444489 104.000000 0.867612 0.836975 0.000000
0.045035 467.555511 120.000000 0.526704 0.557641 0.000000
0.017032 474.666687 128.000000 0.247789 0.278306 0.000000
0.004303 480.888885 134.222198 0.216795 0.216231 0.000000
0.006849 486.222198 140.444397 0.185804 0.216231 0.000000
0.022123 490.666687 145.777802 0.154815 0.185197 1.000000
0.004303 495.111115 150.222198 0.154813 0.154156 2.000000
0.042489 500.444489 156.444397 0.185806 0.216231 2.000000
0.039943 502.222198 161.777802 0.061838 0.185197 2.000000
0.055218 496.888885 176.000000 -0.186088 0.495565 2.000000
0.060309 476.444489 200.000000 -0.712936 0.836975 2.000000
0.004303 476.444489 200.000000 -0.000142 -0.001029 2.000000
0.045035 457.777802 216.888901 -0.650956 0.588678 2.000000
0.052672 419.555511 242.666702 -1.332762 0.899050 2.000000
0.019577 389.333313 263.111115 -1.053839 0.712825 0.000000
0.014486 376.000000 273.777802 -0.465008 0.371418 0.000000
0.067946 348.444489 301.333313 -0.960865 0.961122 0.000000
0.042489 342.222198 308.444489 -0.217082 0.247271 0.000000
0.029760 342.222198 309.333313 -0.000142 0.030006 0.000000
0.042489 355.555511 303.111115 0.464724 -0.218288 0.000000
0.045035 374.222198 290.666687 0.650672 -0.435548 0.000000
0.037397 399.111115 276.444489 0.867610 -0.497623 0.000000
0.034852 411.555511 270.222198 0.433732 -0.218291 0.000000
0.057763 450.666687 264.888885 1.363469 -0.187251 0.000000
0.027215 472.888885 265.777802 0.774635 0.030010 2.000000
0.011940 482.666687 267.555511 0.340761 0.061043 2.000000
0.060309 502.222198 271.111115 0.681661 0.123122 2.000000
0.009394 505.777802 272.000000 0.123824 0.030009 2.000000
0.047580 507.555511 272.000000 0.061838 -0.001029 2.000000
0.052672 502.222198 267.555511 -0.186088 -0.156216 2.000000
0.052672 482.666687 255.111099 -0.681945 -0.435548 2.000000
0.024669 469.333313 243.555603 -0.465010 -0.404510 3.000000
0.024669 464.000000 236.444397 -0.186088 -0.249329 3.000000
0.006849 458.666687 228.444397 -0.186088 -0.280363 0.000000
0.052672 448.888885 212.444397 -0.341045 -0.559698 0.000000
0.022123 439.111115 195.555603 -0.341044 -0.590732 0.000000
0.006849 434.666687 186.666702 -0.155097 -0.311401 0.000000
0.017032 430.222198 176.888901 -0.155099 -0.342438 0.000000
0.009394 425.777802 168.000000 -0.155096 -0.311401 0.000000
0.019577 423.111115 160.000000 -0.093116 -0.280363 0.000000
0.006849 422.222198 152.000000 -0.031134 -0.280363 0.000000
0.019577 421.333313 144.888901 -0.031133 -0.249326 0.000000
0.006849 421.333313 138.666702 -0.000142 -0.218288 0.000000
0.019577 421.333313 131.555603 -0.000142 -0.249326 0.000000
0.006849 421.333313 128.888901 -0.000142 -0.094141 0.000000
0.022123 420.444489 127.111099 -0.031131 -0.063104 2.000000
0.009394 419.555511 125.333298 -0.031136 -0.063104 2.000000
0.024669 416.888885 122.666702 -0.093114 -0.094138 2.000000
0.083221 398.222198 113.777802 -0.650956 -0.311401 2.000000
0.006849 391.111115 111.111099 -0.248070 -0.094141 2.000000
0.042489 377.777802 105.777802 -0.465008 -0.187250 2.000000
0.045035 361.777802 99.555557 -0.557982 -0.218290 2.000000
0.083221 313.777802 88.000000 -1.673662 -0.404512 3.000000
0.009394 296.888885 86.222221 -0.588974 -0.063103 3.000000
0.017032 279.111115 86.222221 -0.619964 -0.001029 0.000000
0.004303 261.333313 86.222221 -0.619965 -0.001029 0.000000
0.004303 244.444397 88.000000 -0.588974 0.061046 0.000000
0.017032 230.222198 90.666656 -0.495999 0.092083 0.000000
0.006849 218.666702 92.444443 -0.403025 0.061046 0.000000
0.017032 210.666702 95.111107 -0.279062 0.092083 0.000000
0.006849 204.444397 98.666656 -0.217083 0.123120 0.000000
0.019577 200.000000 101.333298 -0.155096 0.092082 0.000000
0.009394 196.444397 104.000000 -0.124108 0.092084 0.000000
0.019577 191.111099 110.222198 -0.186088 0.216231 0.000000
0.006849 191.111099 110.222198 -0.000142 -0.001029 0.000000
0.017032 184.000000 118.222198 -0.248071 0.278306 0.000000
0.006849 181.333298 121.777802 -0.093117 0.123122 0.000000
0.014486 177.777802 124.444397 -0.124105 0.092080 0.000000
0.009394 176.888901 127.111099 -0.031134 0.092084 0.000000
0.017032 176.888901 128.000000 -0.000142 0.030009 0.000000
0.009394 180.444397 128.888901 0.123820 0.030009 2.000000
0.045035 193.777802 128.888901 0.464727 -0.001029 2.000000
0.042489 215.111099 125.333298 0.743643 -0.125179 2.000000
0.039943 241.777802 117.333298 0.929592 -0.280363 2.000000
0.039943 264.888885 108.444397 0.805626 -0.311401 2.000000
0.078129 291.555511 96.000000 0.929590 -0.435547 2.000000
0.034852 292.444489 93.333344 0.030852 -0.094140 2.000000
0.027215 286.222198 88.000000 -0.217082 -0.187252 2.000000
0.027215 269.333313 83.555557 -0.588973 -0.156214 0.000000
0.011940 258.666687 80.888893 -0.372034 -0.094140 0.000000
0.042489 232.000000 78.222221 -0.929876 -0.094140 0.000000
0.039943 200.000000 77.333344 -1.115822 -0.032065 0.000000
0.039943 167.111099 78.222221 -1.146814 0.030008 0.000000
0.019577 152.000000 80.000000 -0.526991 0.061046 0.000000
0.004303 137.777802 83.555557 -0.495999 0.123120 0.000000
0.045035 114.666702 90.666656 -0.805911 0.247268 0.000000
0.047580 95.111107 106.666702 -0.681948 0.557642 0.000000
0.047580 88.000000 125.333298 -0.248071 0.650750 3.000000
0.022123 84.444443 147.555603 -0.124107 0.774904 2.000000
0.009394 82.666656 158.222198 -0.062125 0.371415 2.000000
0.017032 81.777779 169.777802 -0.031133 0.402456 2.000000
0.009394 80.888893 180.444397 -0.031133 0.371415 2.000000
0.042489 79.111107 200.000000 -0.062125 0.681791 2.000000
0.047580 77.333344 217.777802 -0.062124 0.619716 2.000000
0.067946 73.777779 240.888901 -0.124107 0.805938 2.000000
0.027215 72.888893 251.555603 -0.031133 0.371419 2.000000
0.037397 76.444443 256.888885 0.123822 0.185193 3.000000
0.039943 85.333344 255.111099 0.309769 -0.063103 0.000000
0.060309 101.333298 243.555603 0.557696 -0.404510 0.000000
0.042489 132.444397 210.666702 1.084546 -1.149405 0.000000
0.037397 142.222198 195.555603 0.340761 -0.528660 0.000000
0.037397 169.777802 142.222198 0.960584 -1.863262 0.000000
0.062855 182.222198 112.888901 0.433732 -1.025254 0.000000
0.037397 184.888901 98.666656 0.092832 -0.497624 0.000000
0.039943 176.000000 91.555557 -0.310054 -0.249326 0.000000
0.060309 147.555603 87.111107 -0.991856 -0.156215 2.000000
0.037397 123.555603 86.222221 -0.836902 -0.032066 2.000000
0.039943 98.666656 87.111107 -0.867895 0.030009 2.000000
0.039943 76.444443 90.666656 -0.774920 0.123120 2.000000
0.019577 60.444439 99.555557 -0.557982 0.309344 2.000000
0.004303 60.444439 99.555557 -0.000142 -0.001029 2.000000
0.017032 55.111111 105.777802 -0.186089 0.216232 2.000000
0.001757 51.555561 113.777802 -0.124106 0.278306 2.000000
0.004303 51.555561 123.555603 -0.000142 0.340381 2.000000
0.017032 52.444439 134.222198 0.030849 0.371415 2.000000
0.006849 56.888889 145.777802 0.154814 0.402456 3.000000
0.019577 74.666656 169.777802 0.619680 0.836975 3.000000
0.004303 85.333344 182.222198 0.371752 0.433490 0.000000
0.019577 97.777779 194.666702 0.433733 0.433494 0.000000
0.004303 97.777779 194.666702 -0.000142 -0.001029 0.000000
0.019577 125.333298 221.333298 0.960581 0.930084 0.000000
0.006849 139.555603 236.444397 0.495719 0.526603 0.000000
0.019577 152.000000 252.444397 0.433732 0.557641 0.000000
0.004303 162.666702 267.555511 0.371752 0.526604 0.000000
0.039943 175.111099 293.333313 0.433732 0.899050 0.000000
0.042489 177.777802 313.777802 0.092832 0.712828 0.000000
0.045035 176.000000 329.777802 -0.062125 0.557641 0.000000
0.019577 170.666702 339.555511 -0.186088 0.340378 2.000000
0.011940 168.888901 342.222198 -0.062125 0.092084 2.000000
0.037397 166.222198 345.777802 -0.093117 0.123122 2.000000
0.080675 165.333298 347.555511 -0.031134 0.061043 2.000000
0.042489 164.444397 348.444489 -0.031134 0.030012 2.000000
0.032306 162.666702 348.444489 -0.062121 -0.001029 2.000000
0.045035 160.888901 348.444489 -0.062125 -0.001029 2.000000
0.042489 161.777802 341.333313 0.030849 -0.249328 2.000000
0.022123 169.777802 329.777802 0.278778 -0.404510 3.000000
0.004303 176.888901 323.555511 0.247786 -0.218291 3.000000
0.022123 185.777802 319.111115 0.309769 -0.156213 0.000000
0.006849 194.666702 314.666687 0.309769 -0.156214 0.000000
0.045035 216.000000 308.444489 0.743643 -0.218288 0.000000
0.034852 240.000000 304.000000 0.836618 -0.156216 0.000000
0.037397 265.777802 300.444489 0.898601 -0.125176 0.000000
0.037397 292.444489 298.666687 0.929592 -0.063104 0.000000
0.001757 292.444489 298.666687 -0.000142 -0.001029 0.000000
0.039943 326.222198 298.666687 1.177518 -0.001029 0.000000
0.037397 333.333313 299.555511 0.247787 0.030006 0.000000
0.078129 342.222198 299.555511 0.309769 -0.001029 2.000000
0.027215 336.000000 294.222198 -0.217079 -0.187251 2.000000
0.039943 326.222198 284.444489 -0.341045 -0.342435 2.000000
0.042489 318.222198 269.333313 -0.279062 -0.528663 2.000000
0.042489 312.000000 249.777802 -0.217079 -0.683845 2.000000
0.039943 304.888885 228.444397 -0.248071 -0.745923 2.000000
0.078129 295.111115 198.222198 -0.341044 -1.056292 2.000000
0.006849 294.222198 191.111099 -0.031134 -0.249326 3.000000
0.024669 295.111115 177.777802 0.030850 -0.466585 0.000000
0.011940 296.888885 172.444397 0.061840 -0.187254 0.000000
0.017032 299.555511 168.000000 0.092830 -0.156213 0.000000
0.009394 304.000000 163.555603 0.154815 -0.156213 0.000000
0.060309 321.777802 150.222198 0.619681 -0.466589 0.000000
0.037397 334.222198 144.000000 0.433732 -0.218288 0.000000
0.042489 347.555511 137.777802 0.464724 -0.218288 0.000000
0.042489 360.000000 131.555603 0.433735 -0.218288 0.000000
0.052672 373.333313 126.222198 0.464724 -0.187254 0.000000
0.047580 393.777802 118.222198 0.712655 -0.280363 0.000000
0.024669 407.111115 111.111099 0.464724 -0.249326 2.000000
0.009394 407.111115 111.111099 -0.000142 -0.001029 2.000000
0.057763 428.444489 95.111107 0.743646 -0.559697 2.000000
0.027215 436.444489 88.888893 0.278778 -0.218288 2.000000
0.042489 457.777802 76.444443 0.743644 -0.435549 2.000000
0.042489 469.333313 72.888893 0.402741 -0.125177 2.000000
0.017032 474.666687 72.000000 0.185806 -0.032066 2.000000
0.027215 484.444489 71.111107 0.340761 -0.032066 2.000000
0.052672 493.333313 71.111107 0.309767 -0.001029 0.000000
0.011940 497.777802 73.777779 0.154815 0.092083 0.000000
0.024669 504.888885 84.444443 0.247786 0.371417 0.000000
0.009394 504.888885 84.444443 -0.000142 -0.001029 0.000000
0.073038 506.666687 135.111099 0.061841 1.768090 0.000000
0.006849 502.222198 152.000000 -0.155099 0.588678 0.000000
0.057763 492.444489 184.000000 -0.341042 1.116310 0.000000
0.024669 482.666687 205.333298 -0.341045 0.743862 0.000000
0.045035 476.444489 217.777802 -0.217079 0.433494 0.000000
0.022123 472.000000 224.888901 -0.155099 0.247268 0.000000
0.004303 471.111115 226.666702 -0.031133 0.061047 0.000000
0.080675 465.777802 231.111099 -0.186088 0.154156 2.000000
0.029760 457.777802 233.777802 -0.279062 0.092084 2.000000
0.037397 449.777802 233.777802 -0.279062 -0.001029 2.000000
0.037397 428.444489 232.888901 -0.743928 -0.032066 2.000000
0.045035 390.222198 218.666702 -1.332762 -0.497623 2.000000
0.052672 369.777802 203.555603 -0.712936 -0.528660 2.000000
0.052672 339.555511 162.666702 -1.053842 -1.428739 2.000000
0.019577 328.888885 146.666702 -0.372034 -0.559698 3.000000
0.024669 306.666687 116.444397 -0.774919 -1.056296 0.000000
0.047580 286.222198 89.777779 -0.712939 -0.932142 0.000000
0.045035 267.555511 66.666656 -0.650956 -0.807996 0.000000
0.009394 259.555511 56.888889 -0.279062 -0.342437 0.000000
0.045035 245.333298 42.666672 -0.496000 -0.497623 0.000000
0.050126 225.777802 33.777779 -0.681944 -0.311400 0.000000
0.014486 220.444397 33.777779 -0.186091 -0.001029 0.000000
0.004303 220.444397 33.777779 -0.000142 -0.001029 0.000000
0.017032 210.666702 36.444439 -0.341041 0.092083 0.000000
0.004303 207.111099 40.000000 -0.124108 0.123120 0.000000
0.019577 205.333298 43.555561 -0.062125 0.123120 0.000000
0.004303 205.333298 47.111111 -0.000142 0.123120 0.000000
0.022123 210.666702 59.555561 0.185807 0.433492 2.000000
0.011940 210.666702 59.555561 -0.000142 -0.001029 2.000000
0.014486 216.888901 68.444443 0.216795 0.309343 2.000000
0.001757 225.777802 78.222221 0.309769 0.340380 2.000000
0.006849 235.555603 88.888893 0.340761 0.371418 2.000000
0.022123 247.111099 99.555557 0.402740 0.371417 2.000000
0.017032 273.777802 120.000000 0.929592 0.712826 2.000000
0.006849 287.111115 129.777802 0.464724 0.340381 2.000000
0.009394 302.222198 138.666702 0.526706 0.309344 2.000000
0.047580 328.888885 159.111099 0.929592 0.712825 2.000000
0.062855 357.333313 190.222198 0.991573 1.085272 2.000000
0.039943 365.333313 207.111099 0.278778 0.588678 3.000000
0.047580 367.111115 218.666702 0.061841 0.402456 0.000000
0.009394 366.222198 223.111099 -0.031134 0.154156 0.000000
0.047580 354.666687 226.666702 -0.403025 0.123122 0.000000
0.050126 319.111115 221.333298 -1.239787 -0.187254 0.000000
0.019577 304.000000 216.000000 -0.526991 -0.187250 0.000000
0.009394 288.000000 210.666702 -0.557982 -0.187250 0.000000
0.024669 255.111099 196.444397 -1.146814 -0.497626 0.000000
0.022123 240.000000 189.333298 -0.526991 -0.249326 0.000000
0.006849 227.555603 183.111099 -0.434016 -0.218288 0.000000
0.019577 216.888901 178.666702 -0.372037 -0.156213 0.000000
0.006849 208.888901 175.111099 -0.279062 -0.125179 0.000000
0.019577 202.666702 173.333298 -0.217079 -0.063104 0.000000
0.004303 198.222198 173.333298 -0.155100 -0.001029 0.000000
0.006849 194.666702 173.333298 -0.124105 -0.001029 2.000000
0.022123 187.555603 177.777802 -0.248071 0.154159 2.000000
0.017032 184.000000 181.333298 -0.124108 0.123118 2.000000
0.006849 182.222198 186.666702 -0.062125 0.185197 2.000000
0.019577 180.444397 192.000000 -0.062125 0.185193 2.000000
0.045035 182.222198 205.333298 0.061841 0.464528 2.000000
0.034852 190.222198 218.666702 0.278778 0.464532 2.000000
0.039943 202.666702 233.777802 0.433735 0.526603 2.000000
0.039943 216.888901 251.555603 0.495715 0.619716 2.000000
0.045035 229.333298 276.444489 0.433732 0.868012 0.000000
0.070492 218.666702 296.000000 -0.372033 0.681788 0.000000
0.052672 201.777802 303.111115 -0.588974 0.247269 0.000000
0.009394 192.000000 304.000000 -0.341045 0.030009 0.000000
0.047580 172.444397 303.111115 -0.681948 -0.032066 0.000000
0.067946 144.000000 288.888885 -0.991856 -0.497624 0.000000
0.055218 116.444397 267.555511 -0.960868 -0.745922 0.000000
0.006849 108.444397 260.444489 -0.279062 -0.249323 0.000000
0.045035 98.666656 246.222198 -0.341043 -0.497626 0.000000
0.042489 96.888893 226.666702 -0.062124 -0.683844 2.000000
0.083221 117.333298 163.555603 0.712652 -2.204668 2.000000
0.014486 124.444397 143.111099 0.247786 -0.714886 2.000000
0.024669 130.666702 123.555603 0.216799 -0.683844 2.000000
0.009394 133.333298 105.777802 0.092829 -0.621773 2.000000
0.065400 129.777802 72.000000 -0.124105 -1.180442 2.000000
0.052672 110.222198 56.888889 -0.681948 -0.528661 2.000000
0.009394 104.000000 55.111111 -0.217079 -0.063103 2.000000
0.027215 98.666656 54.222221 -0.186089 -0.032066 3.000000
0.009394 95.111107 53.333328 -0.124106 -0.032066 3.000000
0.024669 92.444443 53.333328 -0.093115 -0.001029 0.000000
0.022123 91.555557 52.444439 -0.031133 -0.032066 0.000000
0.006849 91.555557 52.444439 -0.000142 -0.001029 0.000000
0.052672 90.666656 53.333328 -0.031134 0.030009 0.000000
0.052672 83.555557 64.888893 -0.248071 0.402455 0.000000
0.067946 64.000000 89.777779 -0.681947 0.868012 0.000000
0.006849 57.777779 97.777779 -0.217080 0.278306 0.000000
0.024669 47.111111 112.888901 -0.372036 0.526604 0.000000
0.009394 47.111111 112.888901 -0.000142 -0.001029 0.000000
0.024669 38.222221 129.777802 -0.310053 0.588678 0.000000
0.006849 33.777779 139.555603 -0.155098 0.340381 0.000000
0.019577 27.555559 151.111099 -0.217080 0.402453 0.000000
0.011940 21.333330 163.555603 -0.217080 0.433494 2.000000
0.022123 5.333333 188.444397 -0.557982 0.868009 2.000000
0.022123 -1.777778 200.888901 -0.248071 0.433494 2.000000
0.006849 -8.888889 212.444397 -0.248071 0.402453 2.000000
0.019577 -18.666670 230.222198 -0.341044 0.619716 2.000000
0.004303 -18.666670 230.222198 -0.000142 -0.001029 2.000000
0.019577 -22.222219 241.777802 -0.124106 0.402456 2.000000
0.006849 -22.222219 241.777802 -0.000142 -0.001029 2.000000
0.019577 -20.444441 247.111099 0.061840 0.185193 2.000000
0.047580 -11.555560 248.000000 0.309769 0.030009 2.000000
0.042489 7.111111 240.000000 0.650671 -0.280363 3.000000
0.042489 55.111111 210.666702 1.673378 -1.025254 0.000000
0.045035 96.000000 185.777802 1.425449 -0.870070 0.000000
0.042489 138.666702 162.666702 1.487432 -0.807995 0.000000
0.047580 176.000000 146.666702 1.301483 -0.559698 0.000000
0.045035 204.444397 142.222198 0.991572 -0.156217 0.000000
0.039943 225.777802 145.777802 0.743647 0.123122 0.000000
0.045035 240.000000 161.777802 0.495715 0.557641 0.000000
0.045035 241.777802 170.666702 0.061841 0.309344 0.000000
0.045035 241.777802 175.111099 -0.000142 0.154156 3.000000
0.032306 241.777802 175.111099 -0.000142 -0.001029 3.000000
0.014486 242.666702 175.111099 0.030849 -0.001029 3.000000
0.006849 243.555603 174.222198 0.030849 -0.032066 3.000000
0.039943 247.111099 168.000000 0.123820 -0.218288 3.000000
0.042489 249.777802 157.333298 0.092832 -0.373476 3.000000
0.042489 250.666702 143.111099 0.030849 -0.497623 3.000000
0.019577 250.666702 135.111099 -0.000142 -0.280363 3.000000
0.039943 250.666702 116.444397 -0.000142 -0.652811 3.000000
0.045035 247.111099 88.888893 -0.124108 -0.963179 3.000000
0.001757 247.111099 88.888893 -0.000142 -0.001029 3.000000
0.022123 242.666702 72.888893 -0.155096 -0.559698 0.000000
0.055218 236.444397 60.444439 -0.217083 -0.435549 0.000000
0.009394 232.888901 55.111111 -0.124105 -0.187251 0.000000
0.050126 228.444397 43.555561 -0.155100 -0.404512 0.000000
0.024669 228.444397 40.888889 -0.000142 -0.094140 0.000000
0.024669 231.111099 37.333328 0.092832 -0.125177 0.000000
0.050126 233.777802 36.444439 0.092832 -0.032066 0.000000
0.050126 231.111099 51.555561 -0.093117 0.526604 0.000000
0.006849 231.111099 51.555561 -0.000142 -0.001029 0.000000
0.045035 218.666702 85.333344 -0.434016 1.178384 0.000000
0.019577 216.888901 97.777779 -0.062125 0.433492 2.000000
0.014486 216.888901 111.111099 -0.000142 0.464529 2.000000
0.047580 232.888901 152.888901 0.557698 1.457720 2.000000
0.045035 250.666702 180.444397 0.619681 0.961122 2.000000
0.047580 272.000000 203.555603 0.743643 0.805941 2.000000
0.022123 282.666687 214.222198 0.371752 0.371415 2.000000
0.004303 293.333313 225.777802 0.371750 0.402456 2.000000
0.050126 320.888885 259.555511 0.960583 1.178382 3.000000
0.032306 327.111115 269.333313 0.216796 0.340381 0.000000
0.075583 336.888885 296.888885 0.340760 0.961125 0.000000
0.014486 335.111115 300.444489 -0.062124 0.123122 0.000000
0.067946 319.111115 312.000000 -0.557982 0.402453 0.000000
0.055218 297.777802 324.444489 -0.743928 0.433493 0.000000
0.009394 297.777802 324.444489 -0.000142 -0.001029 0.000000
0.029760 288.888885 333.333313 -0.310054 0.309341 0.000000
0.024669 284.444489 338.666687 -0.155096 0.185196 1.000000
0.050126 284.444489 342.222198 -0.000142 0.123119 1.000000
0.006849 286.222198 343.111115 0.061838 0.030010 2.000000
0.019577 289.777802 344.000000 0.123824 0.030009 2.000000
0.006849 294.222198 344.000000 0.154812 -0.001029 2.000000
0.014486 306.666687 344.000000 0.433735 -0.001029 2.000000
0.006849 306.666687 344.000000 -0.000142 -0.001029 2.000000
0.017032 313.777802 343.111115 0.247787 -0.032066 2.000000
0.009394 322.666687 341.333313 0.309769 -0.063104 2.000000
0.017032 341.333313 336.000000 0.650670 -0.187251 2.000000
0.004303 341.333313 336.000000 -0.000142 -0.001029 2.000000
0.017032 360.000000 329.777802 0.650672 -0.218288 2.000000
0.001757 360.000000 329.777802 -0.000142 -0.001029 2.000000
0.024669 376.000000 322.666687 0.557698 -0.249326 2.000000
0.006849 383.111115 319.111115 0.247787 -0.125178 2.000000
0.027215 392.888885 312.888885 0.340760 -0.218289 0.000000
0.011940 395.555511 310.222198 0.092830 -0.094141 0.000000
0.047580 397.333313 304.000000 0.061841 -0.218288 0.000000
0.052672 389.333313 292.444489 -0.279062 -0.404510 0.000000
0.060309 351.111115 269.333313 -1.332759 -0.807997 0.000000
0.052672 290.666687 248.000000 -2.107537 -0.745920 0.000000
0.047580 242.666702 242.666702 -1.673662 -0.187250 0.000000
0.045035 193.777802 243.555603 -1.704654 0.030009 2.000000
0.006849 170.666702 246.222198 -0.805911 0.092080 2.000000
0.014486 149.333298 248.888901 -0.743931 0.092084 2.000000
0.006849 128.888901 252.444397 -0.712936 0.123118 2.000000
0.017032 112.000000 255.111099 -0.588974 0.092084 2.000000
0.004303 97.777779 257.777802 -0.496000 0.092084 2.000000
0.019577 81.777779 261.333313 -0.557982 0.123119 2.000000
0.006849 81.777779 261.333313 -0.000142 -0.001029 2.000000
0.006849 77.333344 263.111115 -0.155097 0.061047 2.000000
0.019577 75.555557 265.777802 -0.062125 0.092084 2.000000
0.004303 75.555557 265.777802 -0.000142 -0.001029 2.000000
0.017032 84.444443 269.333313 0.309769 0.123119 2.000000
0.009394 84.444443 269.333313 -0.000142 -0.001029 2.000000
0.019577 111.111099 271.111115 0.929591 0.061047 2.000000
0.024669 129.777802 270.222198 0.650672 -0.032067 3.000000
0.009394 150.222198 267.555511 0.712652 -0.094141 0.000000
0.027215 195.555603 262.222198 1.580407 -0.187251 0.000000
0.009394 218.666702 260.444489 0.805626 -0.063101 0.000000
0.047580 263.111115 258.666687 1.549412 -0.063104 0.000000
0.067946 328.000000 257.777802 2.262209 -0.032066 0.000000
0.050126 382.222198 254.222198 1.890315 -0.125179 0.000000
0.047580 408.888885 252.444397 0.929592 -0.063104 0.000000
0.011940 419.555511 251.555603 0.371750 -0.032062 2.000000
0.024669 430.222198 251.555603 0.371752 -0.001029 2.000000
0.006849 438.222198 253.333298 0.278778 0.061043 2.000000
0.019577 453.333313 258.666687 0.526707 0.185196 2.000000
0.006849 459.555511 262.222198 0.216795 0.123119 2.000000
0.019577 464.888885 264.888885 0.185806 0.092084 2.000000
0.006849 469.333313 267.555511 0.154813 0.092082 2.000000
0.017032 472.888885 269.333313 0.123823 0.061047 2.000000
0.009394 475.555511 270.222198 0.092830 0.030009 2.000000
0.019577 477.333313 271.111115 0.061841 0.030010 2.000000
0.004303 477.333313 271.111115 -0.000142 -0.001029 2.000000
0.014486 477.333313 271.111115 -0.000142 -0.001029 2.000000
0.004303 472.888885 269.333313 -0.155097 -0.063104 2.000000
0.019577 453.333313 260.444489 -0.681947 -0.311398 2.000000
0.009394 438.222198 254.222198 -0.526991 -0.218291 2.000000
0.014486 419.555511 247.111099 -0.650956 -0.249326 3.000000
0.011940 397.333313 240.000000 -0.774919 -0.249326 0.000000
0.045035 346.666687 223.111099 -1.766634 -0.590735 0.000000
0.073038 272.888885 199.111099 -2.572405 -0.839032 0.000000
0.039943 226.666702 184.888901 -1.611678 -0.497623 0.000000
0.027215 178.666702 175.111099 -1.673662 -0.342438 0.000000
0.045035 131.555603 173.333298 -1.642671 -0.063104 0.000000
0.017032 110.222198 173.333298 -0.743931 -0.001029 0.000000
0.006849 91.555557 174.222198 -0.650955 0.030009 0.000000
0.022123 65.777779 178.666702 -0.898884 0.154159 0.000000
0.006849 65.777779 178.666702 -0.000142 -0.001029 3.000000
0.022123 55.111111 181.333298 -0.372036 0.092080 3.000000
0.006849 53.333328 182.222198 -0.062125 0.030009 2.000000
0.017032 53.333328 182.222198 -0.000142 -0.001029 2.000000
0.006849 53.333328 182.222198 -0.000142 -0.001029 2.000000
0.017032 56.000000 180.444397 0.092831 -0.063104 2.000000
0.006849 60.444439 177.777802 0.154813 -0.094138 2.000000
0.022123 65.777779 175.111099 0.185805 -0.094141 2.000000
0.006849 72.888893 170.666702 0.247787 -0.156213 2.000000
0.014486 87.111107 161.777802 0.495715 -0.311401 2.000000
0.006849 87.111107 161.777802 -0.000142 -0.001029 2.000000
0.019577 106.666702 149.333298 0.681664 -0.435551 2.000000
0.004303 106.666702 149.333298 -0.000142 -0.001029 2.000000
0.042489 152.000000 124.444397 1.580403 -0.870070 3.000000
0.019577 168.888901 114.666702 0.588689 -0.342435 0.000000
0.045035 205.333298 96.000000 1.270492 -0.652811 0.000000
0.039943 243.555603 76.444443 1.332479 -0.683846 0.000000
0.037397 278.222198 55.111111 1.208509 -0.745921 0.000000
0.029760 304.888885 36.444439 0.929592 -0.652809 0.000000
0.039943 320.000000 25.777781 0.526707 -0.373474 0.000000
0.045035 326.222198 23.111111 0.216795 -0.094140 0.000000
0.078129 316.444489 37.333328 -0.341042 0.495566 0.000000
0.042489 299.555511 66.666656 -0.588976 1.023198 2.000000
0.045035 285.333313 107.555603 -0.495999 1.426684 2.000000
0.004303 279.111115 129.777802 -0.217079 0.774900 2.000000
0.017032 274.666687 154.666702 -0.155097 0.868013 2.000000
0.042489 268.444489 201.777802 -0.217079 1.643941 2.000000
0.027215 265.777802 246.222198 -0.093116 1.550829 2.000000
0.037397 264.888885 284.444489 -0.031134 1.333572 2.000000
0.017032 264.888885 300.444489 -0.000142 0.557641 2.000000
0.039943 265.777802 322.666687 0.030850 0.774900 2.000000
0.042489 269.333313 333.333313 0.123821 0.371416 3.000000
0.045035 270.222198 336.888885 0.030849 0.123121 0.000000
0.039943 270.222198 336.000000 -0.000142 -0.032066 0.000000
0.027215 264.888885 325.333313 -0.186088 -0.373475 0.000000
0.042489 250.666702 301.333313 -0.495999 -0.839032 0.000000
0.075583 219.555603 243.555603 -1.084831 -2.018443 0.000000
0.039943 201.777802 195.555603 -0.619965 -1.677036 0.000000
0.024669 186.666702 149.333298 -0.526991 -1.614965 0.000000
0.037397 173.333298 117.333298 -0.465011 -1.118367 0.000000
0.019577 161.777802 101.333298 -0.403025 -0.559698 2.000000
0.011940 161.777802 101.333298 -0.000142 -0.001029 2.000000
0.009394 156.444397 97.777779 -0.186091 -0.125176 2.000000
0.037397 146.666702 96.000000 -0.341041 -0.063103 2.000000
0.029760 137.777802 106.666702 -0.310054 0.371419 2.000000
0.037397 134.222198 141.333298 -0.124108 1.209419 2.000000
0.078129 138.666702 217.777802 0.154815 2.668171 2.000000
0.037397 144.888901 269.333313 0.216795 1.799126 2.000000
0.006849 146.666702 293.333313 0.061841 0.836975 2.000000
0.004303 146.666702 314.666687 -0.000142 0.743865 2.000000
0.017032 145.777802 333.333313 -0.031134 0.650751 3.000000
0.001757 142.222198 349.333313 -0.124108 0.557641 3.000000
0.039943 134.222198 372.444489 -0.279062 0.805940 3.000000
0.075583 120.888901 383.111115 -0.465008 0.371416 3.000000
0.042489 112.888901 379.555511 -0.279062 -0.125179 0.000000
0.045035 104.000000 356.444489 -0.310054 -0.807992 0.000000
0.009394 104.000000 356.444489 -0.000142 -0.001029 0.000000
0.014486 102.222198 338.666687 -0.062125 -0.621773 0.000000
0.039943 100.444397 323.555511 -0.062125 -0.528663 0.000000
0.029760 98.666656 316.444489 -0.062123 -0.249323 0.000000
0.065400 86.222221 286.222198 -0.434017 -1.056295 2.000000
0.052672 80.000000 266.666687 -0.217080 -0.683845 2.000000
0.045035 78.222221 248.000000 -0.062124 -0.652810 2.000000
0.006849 78.222221 239.111099 -0.000142 -0.311401 2.000000
0.024669 80.000000 222.222198 0.061840 -0.590735 2.000000
0.047580 87.111107 208.888901 0.247787 -0.466585 2.000000
0.006849 87.111107 208.888901 -0.000142 -0.001029 2.000000
0.050126 104.000000 191.111099 0.588689 -0.621773 2.000000
0.019577 112.000000 185.777802 0.278778 -0.187250 2.000000
0.022123 133.333298 176.888901 0.743643 -0.311401 2.000000
0.006849 144.000000 173.333298 0.371752 -0.125179 0.000000
0.022123 154.666702 170.666702 0.371752 -0.094138 0.000000
0.042489 176.888901 169.777802 0.774635 -0.032066 0.000000
0.024669 198.222198 169.777802 0.743643 -0.001029 0.000000
0.070492 230.222198 173.333298 1.115538 0.123118 0.000000
0.024669 240.000000 174.222198 0.340761 0.030009 0.000000
0.067946 269.333313 177.777802 1.022564 0.123122 0.000000
0.045035 298.666687 179.555603 1.022566 0.061047 1.000000
0.004303 298.666687 179.555603 -0.000142 -0.001029 1.000000
0.004303 308.444489 179.555603 0.340761 -0.001029 2.000000
0.037397 329.777802 176.888901 0.743644 -0.094141 2.000000
0.014486 341.333313 175.111099 0.402741 -0.063104 2.000000
0.006849 352.000000 173.333298 0.371752 -0.063104 2.000000
0.014486 362.666687 172.444397 0.371752 -0.032066 2.000000
0.037397 381.333313 172.444397 0.650670 -0.001029 2.000000
0.042489 398.222198 175.111099 0.588689 0.092084 2.000000
0.006849 413.333313 181.333298 0.526707 0.216231 2.000000
0.019577 420.444489 184.888901 0.247789 0.123122 2.000000
0.027215 427.555511 189.333298 0.247784 0.154156 2.000000
0.017032 440.000000 196.444397 0.433735 0.247268 3.000000
0.004303 440.000000 196.444397 -0.000142 -0.001029 3.000000
0.022123 449.777802 203.555603 0.340761 0.247272 0.000000
0.006849 449.777802 203.555603 -0.000142 -0.001029 0.000000
0.014486 458.666687 211.555603 0.309769 0.278306 0.000000
0.006849 462.222198 216.000000 0.123821 0.154156 0.000000
0.017032 464.888885 221.333298 0.092832 0.185193 0.000000
0.006849 468.444489 227.555603 0.123824 0.216235 0.000000
0.019577 472.000000 232.888901 0.123821 0.185193 0.000000
0.004303 475.555511 240.000000 0.123821 0.247268 0.000000
0.017032 478.222198 246.222198 0.092832 0.216231 0.000000
0.004303 481.777802 252.444397 0.123824 0.216231 0.000000
0.019577 484.444489 259.555511 0.092832 0.247269 0.000000
0.011940 487.111115 264.888885 0.092830 0.185196 0.000000
0.022123 490.666687 276.444489 0.123823 0.402456 0.000000
0.009394 492.444489 281.777802 0.061841 0.185194 0.000000
0.027215 492.444489 291.555511 -0.000142 0.340378 2.000000
0.011940 492.444489 291.555511 -0.000142 -0.001029 2.000000
0.057763 492.444489 297.777802 -0.000142 0.216234 2.000000
0.050126 492.444489 297.777802 -0.000142 -0.001029 2.000000
0.047580 489.777802 287.111115 -0.093116 -0.373475 2.000000
0.045035 488.888885 268.444489 -0.031134 -0.652808 2.000000
0.047580 491.555511 240.000000 0.092830 -0.994220 3.000000
0.047580 503.111115 179.555603 0.402744 -2.111555 0.000000
0.037397 512.000000 138.666702 0.309769 -1.428739 0.000000
0.006849 515.555481 120.888901 0.123820 -0.621773 0.000000
0.014486 518.222229 107.555603 0.092834 -0.466585 0.000000
0.029760 519.111084 96.888893 0.030848 -0.373476 0.000000
0.073038 502.222198 84.444443 -0.588973 -0.435549 0.000000
0.037397 479.111115 98.666656 -0.805910 0.495566 0.000000
0.037397 448.888885 130.666702 -1.053840 1.116311 0.000000
0.027215 432.888885 153.777802 -0.557982 0.805938 0.000000
0.022123 403.555511 205.333298 -1.022850 1.799126 2.000000
0.006849 403.555511 205.333298 -0.000142 -0.001029 2.000000
0.037397 361.777802 278.222198 -1.456722 2.544020 2.000000
0.017032 345.777802 297.777802 -0.557982 0.681791 2.000000
0.037397 313.777802 328.000000 -1.115822 1.054235 2.000000
0.039943 289.777802 346.666687 -0.836902 0.650753 2.000000
0.024669 282.666687 351.111115 -0.248071 0.154157 2.000000
0.085766 285.333313 320.000000 0.092830 -1.087330 3.000000
0.004303 291.555511 297.777802 0.216795 -0.776957 0.000000
0.017032 298.666687 271.111115 0.247789 -0.932145 0.000000
0.004303 305.777802 240.000000 0.247787 -1.087330 0.000000
0.017032 312.888885 207.111099 0.247786 -1.149405 0.000000
0.004303 317.333313 176.000000 0.154813 -1.087329 0.000000
0.017032 319.111115 148.444397 0.061841 -0.963183 0.000000
0.004303 319.111115 126.222198 -0.000142 -0.776957 0.000000
0.019577 313.777802 109.333298 -0.186088 -0.590735 0.000000
0.006849 306.666687 97.777779 -0.248071 -0.404511 0.000000
0.019577 297.777802 88.000000 -0.310053 -0.342438 0.000000
0.001757 288.000000 80.888893 -0.341045 -0.249326 0.000000
0.024669 277.333313 75.555557 -0.372036 -0.187252 0.000000
0.011940 254.222198 72.000000 -0.805911 -0.125177 0.000000
0.022123 243.555603 72.000000 -0.372033 -0.001029 3.000000
0.009394 232.888901 72.888893 -0.372037 0.030009 3.000000
0.029760 214.222198 82.666656 -0.650957 0.340380 2.000000
0.022123 207.111099 90.666656 -0.248071 0.278306 2.000000
0.052672 192.888901 141.333298 -0.495999 1.768090 2.000000
0.052672 192.888901 188.444397 -0.000142 1.643941 2.000000
0.050126 212.444397 251.555603 0.681660 2.202614 2.000000
0.022123 223.111099 268.444489 0.371752 0.588678 2.000000
0.060309 256.000000 302.222198 1.146529 1.178382 2.000000
0.014486 264.888885 307.555511 0.309769 0.185194 3.000000
0.045035 280.000000 309.333313 0.526707 0.061047 0.000000
0.042489 289.777802 303.111115 0.340761 -0.218288 0.000000
0.080675 299.555511 255.111099 0.340758 -1.677037 0.000000
0.042489 311.111115 212.444397 0.402744 -1.490814 0.000000
0.037397 332.444489 162.666702 0.743646 -1.739108 0.000000
0.037397 355.555511 123.555603 0.805624 -1.366664 0.000000
0.004303 355.555511 123.555603 -0.000142 -0.001029 0.000000
0.004303 363.555511 112.000000 0.278778 -0.404514 0.000000
0.078129 384.888885 87.111107 0.743646 -0.870070 0.000000
0.042489 391.111115 79.111107 0.216796 -0.280363 2.000000
0.039943 396.444489 72.888893 0.185806 -0.218288 2.000000
0.039943 399.111115 70.222221 0.092830 -0.094140 2.000000
0.039943 396.444489 72.000000 -0.093114 0.061046 2.000000
0.029760 389.333313 77.333344 -0.248073 0.185195 2.000000
0.019577 363.555511 95.111107 -0.898885 0.619714 2.000000
0.006849 345.777802 104.888901 -0.619962 0.340381 2.000000
0.014486 326.222198 114.666702 -0.681948 0.340381 2.000000
0.004303 305.777802 123.555603 -0.712936 0.309344 2.000000
0.019577 283.555511 131.555603 -0.774922 0.278306 2.000000
0.009394 261.333313 137.777802 -0.774919 0.216231 3.000000
0.022123 219.555603 145.777802 -1.456722 0.278306 0.000000
0.011940 203.555603 145.777802 -0.557982 -0.001029 0.000000
0.017032 190.222198 144.888901 -0.465011 -0.032066 0.000000
0.006849 180.444397 141.333298 -0.341045 -0.125179 0.000000
0.017032 172.444397 136.888901 -0.279062 -0.156213 0.000000
0.009394 166.222198 131.555603 -0.217079 -0.187250 0.000000
0.022123 160.888901 125.333298 -0.186088 -0.218292 0.000000
0.006849 154.666702 119.111099 -0.217079 -0.218288 0.000000
0.017032 141.333298 108.444397 -0.465011 -0.373476 0.000000
0.045035 124.444397 101.333298 -0.588974 -0.249326 0.000000
0.006849 124.444397 101.333298 -0.000142 -0.001029 0.000000
0.047580 98.666656 95.111107 -0.898883 -0.218288 0.000000
0.067946 86.222221 93.333344 -0.434017 -0.063102 2.000000
0.045035 84.444443 93.333344 -0.062124 -0.001029 2.000000
0.042489 84.444443 92.444443 -0.000142 -0.032066 2.000000
0.047580 90.666656 92.444443 0.216795 -0.001029 2.000000
0.047580 125.333298 83.555557 1.208510 -0.311400 2.000000
0.042489 159.111099 68.444443 1.177521 -0.528661 2.000000
0.042489 197.333298 52.444439 1.332475 -0.559698 2.000000
0.050126 249.777802 40.000000 1.828335 -0.435549 2.000000
0.004303 249.777802 40.000000 -0.000142 -0.001029 3.000000
0.019577 269.333313 40.000000 0.681661 -0.001029 3.000000
0.006849 273.777802 44.444439 0.154815 0.154157 0.000000
0.017032 274.666687 49.777779 0.030849 0.185195 0.000000
0.024669 273.777802 58.666672 -0.031133 0.309343 0.000000
0.073038 233.777802 112.000000 -1.394742 1.861202 0.000000
0.039943 204.444397 146.666702 -1.022851 1.209423 0.000000
0.042489 176.888901 183.111099 -0.960864 1.271494 0.000000
0.042489 153.777802 216.000000 -0.805911 1.147347 0.000000
0.004303 144.000000 231.111099 -0.341045 0.526603 0.000000
0.001757 144.000000 231.111099 -0.000142 -0.001029 0.000000
0.042489 125.333298 254.222198 -0.650957 0.805938 0.000000
0.022123 109.333298 269.333313 -0.557982 0.526604 1.000000
0.006849 102.222198 273.777802 -0.248071 0.154159 1.000000
0.019577 94.222221 277.333313 -0.279061 0.123119 2.000000
0.006849 87.111107 279.111115 -0.248071 0.061047 2.000000
0.017032 79.111107 280.000000 -0.279062 0.030009 2.000000
0.045035 64.000000 279.111115 -0.526991 -0.032066 2.000000
0.011940 51.555561 270.222198 -0.434018 -0.311401 2.000000
0.042489 40.888889 255.111099 -0.372036 -0.528660 2.000000
0.045035 32.888889 237.333298 -0.279062 -0.621773 2.000000
0.024669 29.333330 230.222198 -0.124107 -0.249326 2.000000
0.027215 22.222219 216.888901 -0.248071 -0.466585 3.000000
0.009394 19.555559 212.444397 -0.093115 -0.156217 3.000000
0.019577 16.888889 207.111099 -0.093116 -0.187250 0.000000
0.052672 11.555560 195.555603 -0.186089 -0.404510 0.000000
0.009394 11.555560 192.000000 -0.000142 -0.125179 0.000000
0.062855 13.333330 182.222198 0.061840 -0.342438 0.000000
0.052672 23.111111 177.777802 0.340760 -0.156213 0.000000
0.047580 38.222221 177.777802 0.526707 -0.001029 0.000000
0.042489 70.222221 193.777802 1.115538 0.557641 0.000000
0.042489 101.333298 206.222198 1.084545 0.433490 0.000000
0.045035 139.555603 216.888901 1.332479 0.371419 2.000000
0.042489 175.111099 228.444397 1.239500 0.402453 2.000000
0.055218 214.222198 250.666702 1.363466 0.774904 2.000000
0.034852 232.888901 265.777802 0.650672 0.526603 2.000000
0.004303 232.888901 265.777802 -0.000142 -0.001029 2.000000
0.022123 248.000000 278.222198 0.526706 0.433490 2.000000
0.006849 254.222198 283.555511 0.216795 0.185194 2.000000
0.022123 260.444489 288.000000 0.216798 0.154159 2.000000
0.004303 266.666687 291.555511 0.216795 0.123119 2.000000
0.024669 273.777802 294.222198 0.247787 0.092084 2.000000
0.047580 295.111115 297.777802 0.743644 0.123122 3.000000
0.045035 307.555511 297.777802 0.433732 -0.001029 0.000000
0.009394 312.888885 297.777802 0.185806 -0.001029 0.000000
0.022123 318.222198 297.777802 0.185804 -0.001029 0.000000
0.045035 327.111115 297.777802 0.309770 -0.001029 0.000000
0.050126 341.333313 294.222198 0.495715 -0.125179 0.000000
0.004303 347.555511 292.444489 0.216795 -0.063101 0.000000
0.024669 354.666687 290.666687 0.247789 -0.063104 0.000000
0.019577 368.000000 286.222198 0.464724 -0.156216 0.000000
0.004303 368.000000 286.222198 -0.000142 -0.001029 0.000000
0.019577 381.333313 282.666687 0.464724 -0.125176 0.000000
0.004303 381.333313 282.666687 -0.000142 -0.001029 0.000000
0.006849 387.555511 281.777802 0.216795 -0.032066 0.000000
0.019577 396.444489 279.111115 0.309772 -0.094141 0.000000
0.006849 400.000000 278.222198 0.123821 -0.032067 3.000000
0.022123 403.555511 278.222198 0.123821 -0.001029 3.000000
0.004303 407.111115 277.333313 0.123824 -0.032066 2.000000
0.017032 411.555511 277.333313 0.154812 -0.001029 2.000000
0.006849 415.111115 277.333313 0.123824 -0.001029 2.000000
0.017032 417.777802 278.222198 0.092832 0.030009 2.000000
0.004303 420.444489 280.000000 0.092832 0.061047 2.000000
0.017032 423.111115 282.666687 0.092830 0.092084 2.000000
0.042489 424.888885 291.555511 0.061840 0.309341 2.000000
0.037397 423.111115 303.111115 -0.062124 0.402456 2.000000
0.057763 419.555511 313.777802 -0.124108 0.371418 2.000000
0.037397 418.666687 315.555511 -0.031131 0.061043 3.000000
0.039943 418.666687 313.777802 -0.000142 -0.063101 0.000000
0.062855 420.444489 293.333313 0.061841 -0.714885 0.000000
0.034852 424.000000 268.444489 0.123821 -0.870067 0.000000
0.001757 424.000000 268.444489 -0.000142 -0.001029 0.000000
0.014486 429.333313 232.888901 0.185804 -1.242517 0.000000
0.004303 432.888885 211.555603 0.123823 -0.745920 0.000000
0.004303 432.888885 211.555603 -0.000142 -0.001029 0.000000
0.017032 440.000000 164.444397 0.247787 -1.646002 0.000000
0.004303 440.000000 164.444397 -0.000142 -0.001029 0.000000
0.019577 446.222198 123.555603 0.216795 -1.428735 0.000000
0.006849 446.222198 123.555603 -0.000142 -0.001029 0.000000
0.014486 451.555511 96.000000 0.185804 -0.963183 0.000000
0.006849 452.444489 87.111107 0.030852 -0.311400 1.000000
0.014486 453.333313 80.000000 0.030847 -0.249326 1.000000
0.009394 453.333313 75.555557 -0.000142 -0.156214 2.000000
0.017032 454.222198 72.888893 0.030849 -0.094140 2.000000
0.004303 454.222198 72.000000 -0.000142 -0.032066 2.000000
0.017032 454.222198 72.000000 -0.000142 -0.001029 2.000000
0.006849 453.333313 72.888893 -0.031133 0.030009 2.000000
0.019577 451.555511 78.222221 -0.062125 0.185194 2.000000
0.006849 448.000000 87.111107 -0.124105 0.309343 2.000000
0.006849 442.666687 99.555557 -0.186088 0.433492 2.000000
0.019577 436.444489 113.777802 -0.217079 0.495567 2.000000
0.004303 429.333313 131.555603 -0.248073 0.619716 2.000000
0.014486 422.222198 151.111099 -0.248071 0.681787 2.000000
0.006849 416.000000 169.777802 -0.217079 0.650753 2.000000
0.017032 410.666687 187.555603 -0.186088 0.619716 2.000000
0.006849 407.111115 202.666702 -0.124107 0.526603 2.000000
0.017032 403.555511 225.777802 -0.124108 0.805938 2.000000
0.006849 403.555511 225.777802 -0.000142 -0.001029 2.000000
0.019577 402.666687 239.111099 -0.031131 0.464528 2.000000
0.006849 402.666687 239.111099 -0.000142 -0.001029 2.000000
0.017032 401.777802 243.555603 -0.031133 0.154159 3.000000
0.039943 398.222198 243.555603 -0.124108 -0.001029 0.000000
0.029760 389.333313 233.777802 -0.310053 -0.342438 0.000000
0.070492 373.333313 198.222198 -0.557982 -1.242517 0.000000
0.039943 363.555511 163.555603 -0.341045 -1.211476 0.000000
0.037397 352.888885 130.666702 -0.372034 -1.149405 0.000000
0.050126 336.888885 109.333298 -0.557982 -0.745923 0.000000
0.050126 302.222198 93.333344 -1.208796 -0.559696 2.000000
0.052672 276.444489 88.888893 -0.898882 -0.156215 2.000000
0.047580 256.888885 87.111107 -0.681948 -0.063103 2.000000
0.019577 244.444397 86.222221 -0.434019 -0.032066 2.000000
0.050126 237.333298 85.333344 -0.248071 -0.032065 2.000000
0.047580 235.555603 84.444443 -0.062121 -0.032066 2.000000
0.045035 234.666702 84.444443 -0.031134 -0.001029 2.000000
0.045035 234.666702 83.555557 -0.000142 -0.032066 0.000000
0.037397 234.666702 83.555557 -0.000142 -0.001029 0.000000
0.001757 234.666702 83.555557 -0.000142 -0.001029 0.000000
0.037397 234.666702 83.555557 -0.000142 -0.001029 0.000000
0.039943 234.666702 83.555557 -0.000142 -0.001029 0.000000
0.037397 234.666702 83.555557 -0.000142 -0.001029 0.000000
0.060309 234.666702 83.555557 -0.000142 -0.001029 0.000000
0.039943 234.666702 83.555557 -0.000142 -0.001029 0.000000
0.050126 234.666702 97.777779 -0.000142 0.495566 0.000000
0.042489 235.555603 112.000000 0.030849 0.495566 0.000000
0.042489 235.555603 125.333298 -0.000142 0.464528 1.000000
0.045035 232.888901 138.666702 -0.093117 0.464532 2.000000
0.037397 225.777802 154.666702 -0.248071 0.557641 2.000000
0.004303 222.222198 164.444397 -0.124108 0.340378 2.000000
0.039943 216.000000 184.888901 -0.217079 0.712829 2.000000
0.047580 209.777802 205.333298 -0.217079 0.712825 2.000000
0.009394 207.111099 215.111099 -0.093117 0.340381 2.000000
0.024669 196.444397 235.555603 -0.372037 0.712829 2.000000
0.022123 189.333298 246.222198 -0.248071 0.371415 2.000000
0.006849 181.333298 254.222198 -0.279062 0.278306 3.000000
0.019577 172.444397 262.222198 -0.310054 0.278306 3.000000
0.004303 162.666702 266.666687 -0.341041 0.154159 0.000000
0.019577 152.888901 270.222198 -0.341045 0.123119 0.000000
0.004303 144.888901 271.111115 -0.279062 0.030010 0.000000
0.019577 136.888901 270.222198 -0.279062 -0.032067 0.000000
0.001757 130.666702 266.666687 -0.217079 -0.125176 0.000000
0.029760 120.000000 254.222198 -0.372037 -0.435551 0.000000
0.004303 115.555603 246.222198 -0.155096 -0.280363 0.000000
0.022123 112.000000 238.222198 -0.124108 -0.280363 0.000000
0.006849 108.444397 231.111099 -0.124108 -0.249326 0.000000
0.024669 103.111099 220.444397 -0.186088 -0.373476 0.000000
0.050126 97.777779 216.000000 -0.186088 -0.156213 0.000000
0.050126 92.444443 214.222198 -0.186089 -0.063104 0.000000
0.052672 88.888893 213.333298 -0.124106 -0.032066 2.000000
0.019577 88.888893 213.333298 -0.000142 -0.001029 2.000000
0.047580 92.444443 203.555603 0.123822 -0.342435 2.000000
0.052672 96.888893 192.888901 0.154814 -0.373476 2.000000
0.006849 99.555557 186.666702 0.092831 -0.218288 2.000000
0.017032 103.111099 181.333298 0.123822 -0.187254 2.000000
0.042489 110.222198 171.555603 0.247786 -0.342435 2.000000
0.039943 118.222198 164.444397 0.278778 -0.249329 2.000000
0.042489 132.444397 159.111099 0.495715 -0.187250 2.000000
0.029760 138.666702 159.111099 0.216799 -0.001029 0.000000
0.017032 145.777802 159.111099 0.247786 -0.001029 0.000000
0.024669 164.444397 164.444397 0.650669 0.185193 0.000000
0.042489 185.777802 174.222198 0.743647 0.340381 0.000000
0.050126 220.444397 192.000000 1.208509 0.619716 0.000000
0.047580 240.888901 207.111099 0.712655 0.526603 0.000000
0.045035 256.888885 223.111099 0.557697 0.557641 0.000000
0.047580 269.333313 241.777802 0.433733 0.650753 0.000000
0.045035 280.000000 257.777802 0.371752 0.557641 0.000000
0.004303 282.666687 264.000000 0.092832 0.216231 1.000000
0.022123 285.333313 272.888885 0.092830 0.309343 2.000000
0.047580 280.000000 279.111115 -0.186088 0.216232 2.000000
0.004303 272.888885 281.777802 -0.248071 0.092084 2.000000
0.017032 263.111115 284.444489 -0.341044 0.092084 2.000000
0.006849 251.555603 285.333313 -0.403025 0.030006 2.000000
0.017032 238.222198 286.222198 -0.465011 0.030009 2.000000
0.004303 223.111099 287.111115 -0.526991 0.030010 2.000000
0.001757 208.000000 287.111115 -0.526991 -0.001029 2.000000
0.014486 192.000000 287.111115 -0.557982 -0.001029 2.000000
0.001757 176.888901 288.000000 -0.526991 0.030009 2.000000
0.017032 162.666702 288.888885 -0.495999 0.030009 2.000000
0.004303 149.333298 289.777802 -0.465011 0.030010 2.000000
0.017032 135.111099 291.555511 -0.495999 0.061043 2.000000
0.009394 122.666702 294.222198 -0.434016 0.092084 2.000000
0.022123 101.333298 300.444489 -0.743931 0.216234 3.000000
0.006849 101.333298 300.444489 -0.000142 -0.001029 3.000000
0.024669 87.111107 308.444489 -0.495999 0.278306 0.000000
0.045035 79.111107 315.555511 -0.279062 0.247266 0.000000
0.047580 75.555557 320.888885 -0.124106 0.185196 0.000000
0.050126 82.666656 323.555511 0.247786 0.092082 0.000000
0.047580 96.888893 319.111115 0.495716 -0.156213 0.000000
0.045035 117.333298 306.666687 0.712652 -0.435548 0.000000
0.017032 129.777802 299.555511 0.433735 -0.249328 0.000000
0.045035 171.555603 277.333313 1.456441 -0.776957 0.000000
0.009394 186.666702 271.111115 0.526706 -0.218288 0.000000
0.006849 186.666702 271.111115 -0.000142 -0.001029 1.000000
0.017032 220.444397 264.000000 1.177517 -0.249326 1.000000
0.022123 237.333298 262.222198 0.588689 -0.063104 2.000000
0.006849 254.222198 261.333313 0.588689 -0.032066 2.000000
0.017032 269.333313 261.333313 0.526707 -0.001029 2.000000
0.004303 281.777802 262.222198 0.433735 0.030009 2.000000
0.006849 294.222198 264.888885 0.433732 0.092084 2.000000
0.017032 304.888885 267.555511 0.371752 0.092082 2.000000
0.004303 314.666687 271.111115 0.340761 0.123122 2.000000
0.017032 323.555511 274.666687 0.309767 0.123121 2.000000
0.006849 331.555511 278.222198 0.278778 0.123119 2.000000
0.017032 338.666687 281.777802 0.247789 0.123122 2.000000
0.006849 345.777802 286.222198 0.247787 0.154156 2.000000
0.019577 357.333313 293.333313 0.402741 0.247269 2.000000
0.006849 357.333313 293.333313 -0.000142 -0.001029 2.000000
0.014486 368.000000 301.333313 0.371752 0.278306 2.000000
0.009394 372.444489 304.888885 0.154815 0.123121 0.000000
0.014486 376.888885 307.555511 0.154812 0.092082 0.000000
0.006849 379.555511 310.222198 0.092830 0.092084 0.000000
0.001757 379.555511 310.222198 -0.000142 -0.001029 0.000000
0.014486 383.111115 312.000000 0.123824 0.061047 0.000000
0.039943 383.111115 312.000000 -0.000142 -0.001029 0.000000
0.042489 374.222198 311.111115 -0.310054 -0.032066 0.000000
0.042489 353.777802 307.555511 -0.712936 -0.125179 0.000000
0.039943 331.555511 303.111115 -0.774922 -0.156213 0.000000
0.006849 322.666687 301.333313 -0.310051 -0.063104 0.000000
0.017032 314.666687 296.888885 -0.279062 -0.156214 0.000000
0.006849 308.444489 292.444489 -0.217079 -0.156213 0.000000
0.019577 303.111115 285.333313 -0.186090 -0.249328 0.000000
0.004303 298.666687 278.222198 -0.155097 -0.249326 0.000000
0.019577 294.222198 272.000000 -0.155099 -0.218288 1.000000
0.004303 290.666687 266.666687 -0.124105 -0.187251 1.000000
0.006849 287.111115 264.888885 -0.124107 -0.063104 1.000000
0.017032 280.000000 264.888885 -0.248071 -0.001029 2.000000
0.009394 280.000000 264.888885 -0.000142 -0.001029 2.000000
0.019577 277.333313 277.333313 -0.093116 0.433491 2.000000
0.022123 277.333313 287.111115 -0.000142 0.340381 2.000000
0.011940 278.222198 299.555511 0.030849 0.433490 2.000000
0.022123 284.444489 324.444489 0.216798 0.868015 2.000000
0.052672 290.666687 346.666687 0.216795 0.774900 2.000000
0.045035 296.888885 365.333313 0.216795 0.650751 2.000000
0.045035 301.333313 376.888885 0.154813 0.402455 2.000000
0.050126 304.000000 383.111115 0.092832 0.216232 3.000000
0.047580 304.000000 383.111115 -0.000142 -0.001029 0.000000
0.045035 309.333313 372.444489 0.185804 -0.373473 0.000000
0.042489 328.000000 330.666687 0.650672 -1.459777 0.000000
0.037397 344.000000 286.222198 0.557698 -1.552889 0.000000
0.039943 359.111115 241.777802 0.526707 -1.552886 0.000000
0.045035 369.777802 208.888901 0.371752 -1.149405 0.000000
0.042489 379.555511 185.777802 0.340758 -0.807995 0.000000
0.001757 384.888885 177.777802 0.185806 -0.280363 0.000000
0.019577 390.222198 169.777802 0.185804 -0.280363 1.000000
0.057763 406.222198 155.555603 0.557698 -0.497623 1.000000
0.001757 406.222198 155.555603 -0.000142 -0.001029 2.000000
0.019577 418.666687 151.111099 0.433735 -0.156217 2.000000
0.037397 427.555511 151.111099 0.309767 -0.001029 2.000000
0.060309 432.000000 161.777802 0.154815 0.371419 2.000000
0.001757 432.000000 173.333298 -0.000142 0.402453 2.000000
0.017032 432.000000 186.666702 -0.000142 0.464532 2.000000
0.039943 425.777802 232.000000 -0.217079 1.581866 2.000000
0.055218 422.222198 257.777802 -0.124108 0.899050 2.000000
0.047580 418.666687 272.000000 -0.124105 0.495565 2.000000
0.006849 416.000000 275.555511 -0.093116 0.123119 0.000000
0.017032 412.444489 276.444489 -0.124105 0.030012 0.000000
0.006849 406.222198 276.444489 -0.217082 -0.001029 0.000000
0.027215 387.555511 266.666687 -0.650956 -0.342438 0.000000
0.006849 375.111115 257.777802 -0.434016 -0.311400 0.000000
0.027215 361.777802 246.222198 -0.465008 -0.404514 0.000000
0.022123 333.333313 218.666702 -0.991859 -0.963179 0.000000
0.009394 319.111115 201.777802 -0.495999 -0.590735 0.000000
0.017032 305.777802 184.000000 -0.465008 -0.621773 0.000000
0.004303 292.444489 165.333298 -0.465008 -0.652811 0.000000
0.024669 278.222198 149.333298 -0.496002 -0.559698 0.000000
0.006849 263.111115 136.000000 -0.526990 -0.466585 0.000000
0.022123 232.888901 121.777802 -1.053840 -0.497623 0.000000
0.052672 206.222198 120.000000 -0.929877 -0.063104 0.000000
0.055218 186.666702 127.111099 -0.681944 0.247268 2.000000
0.017032 184.888901 130.666702 -0.062125 0.123122 2.000000
0.047580 189.333298 142.222198 0.154812 0.402453 2.000000
0.050126 216.000000 172.444397 0.929592 1.054235 2.000000
0.047580 239.111099 194.666702 0.805626 0.774904 2.000000
0.047580 264.000000 216.888901 0.867609 0.774900 2.000000
0.039943 288.888885 242.666702 0.867609 0.899050 2.000000
0.039943 321.777802 284.444489 1.146530 1.457719 2.000000
0.039943 338.666687 304.888885 0.588689 0.712825 3.000000
0.032306 344.000000 312.000000 0.185804 0.247269 0.000000
0.019577 352.888885 321.777802 0.309769 0.340381 0.000000
0.037397 355.555511 325.333313 0.092830 0.123119 0.000000
0.034852 361.777802 327.111115 0.216798 0.061047 0.000000
0.037397 368.888885 324.444489 0.247786 -0.094139 0.000000
0.042489 384.000000 304.000000 0.526707 -0.714885 0.000000
0.062855 397.333313 274.666687 0.464724 -1.025255 0.000000
0.039943 410.666687 238.222198 0.464726 -1.273554 0.000000
0.037397 425.777802 190.222198 0.526707 -1.677036 1.000000
0.027215 429.333313 178.666702 0.123821 -0.404510 2.000000
0.017032 432.000000 167.111099 0.092832 -0.404514 2.000000
0.037397 435.555511 147.555603 0.123821 -0.683844 2.000000
0.039943 436.444489 132.444397 0.030852 -0.528664 2.000000
0.006849 435.555511 127.111099 -0.031136 -0.187250 2.000000
0.019577 432.000000 123.555603 -0.124105 -0.125175 2.000000
0.001757 426.666687 121.777802 -0.186088 -0.063104 2.000000
0.014486 419.555511 121.777802 -0.248073 -0.001029 2.000000
0.004303 411.555511 122.666702 -0.279062 0.030009 2.000000
0.001757 400.888885 126.222198 -0.372034 0.123118 2.000000
0.017032 387.555511 131.555603 -0.465010 0.185197 2.000000
0.004303 374.222198 136.888901 -0.465008 0.185193 2.000000
0.014486 358.222198 141.333298 -0.557982 0.154156 2.000000
0.004303 343.111115 146.666702 -0.526990 0.185197 2.000000
0.019577 328.888885 150.222198 -0.496000 0.123118 2.000000
0.014486 316.444489 153.777802 -0.434016 0.123122 0.000000
0.024669 296.888885 158.222198 -0.681948 0.154156 0.000000
0.006849 289.777802 159.111099 -0.248070 0.030009 0.000000
0.022123 282.666687 159.111099 -0.248071 -0.001029 0.000000
0.050126 265.777802 156.444397 -0.588973 -0.094141 0.000000
0.050126 255.111099 149.333298 -0.372037 -0.249326 0.000000
0.022123 249.777802 145.777802 -0.186088 -0.125175 0.000000
0.045035 242.666702 136.888901 -0.248071 -0.311401 0.000000
0.050126 246.222198 120.000000 0.123820 -0.590735 0.000000
0.047580 256.888885 108.444397 0.371752 -0.404514 1.000000
0.050126 282.666687 94.222221 0.898601 -0.497622 2.000000
0.045035 302.222198 85.333344 0.681661 -0.311400 2.000000
0.037397 324.444489 75.555557 0.774638 -0.342438 2.000000
0.037397 347.555511 65.777779 0.805624 -0.342438 2.000000
0.039943 369.777802 58.666672 0.774638 -0.249326 2.000000
0.024669 378.666687 56.000000 0.309769 -0.094140 2.000000
0.022123 391.111115 52.444439 0.433733 -0.125177 2.000000
0.042489 395.555511 51.555561 0.154812 -0.032065 3.000000
0.047580 393.777802 49.777779 -0.062122 -0.063103 0.000000
0.045035 368.888885 42.666672 -0.867894 -0.249326 0.000000
0.045035 345.777802 37.333328 -0.805910 -0.187252 0.000000
0.047580 323.555511 34.666672 -0.774922 -0.094140 0.000000
0.004303 311.111115 34.666672 -0.434016 -0.001029 0.000000
0.019577 298.666687 34.666672 -0.434017 -0.001029 0.000000
0.042489 271.111115 34.666672 -0.960867 -0.001029 0.000000
0.042489 243.555603 38.222221 -0.960865 0.123120 0.000000
0.006849 230.222198 41.777779 -0.465011 0.123120 0.000000
0.019577 212.444397 52.444439 -0.619965 0.371417 0.000000
0.006849 208.000000 58.666672 -0.155096 0.216232 2.000000
0.017032 205.333298 66.666656 -0.093117 0.278306 2.000000
0.009394 205.333298 76.444443 -0.000142 0.340381 2.000000
0.014486 208.888901 86.222221 0.123824 0.340380 2.000000
0.004303 208.888901 86.222221 -0.000142 -0.001029 2.000000
0.017032 220.444397 111.111099 0.402740 0.868012 2.000000
0.004303 228.444397 124.444397 0.278778 0.464528 2.000000
0.004303 228.444397 124.444397 -0.000142 -0.001029 2.000000
0.022123 243.555603 152.000000 0.526710 0.961126 2.000000
0.024669 258.666687 178.666702 0.526706 0.930088 2.000000
0.006849 258.666687 178.666702 -0.000142 -0.001029 2.000000
0.019577 268.444489 201.777802 0.340761 0.805938 2.000000
0.011940 268.444489 201.777802 -0.000142 -0.001029 2.000000
0.022123 271.111115 223.111099 0.092830 0.743862 2.000000
0.009394 271.111115 232.888901 -0.000142 0.340381 0.000000
0.022123 267.555511 242.666702 -0.124108 0.340381 0.000000
0.052672 256.000000 264.888885 -0.403025 0.774899 0.000000
0.019577 251.555603 271.111115 -0.155096 0.216232 0.000000
0.050126 236.444397 289.777802 -0.526994 0.650753 0.000000
0.047580 223.111099 303.111115 -0.465008 0.464528 0.000000
0.045035 205.333298 316.444489 -0.619965 0.464531 0.000000
0.004303 194.666702 323.555511 -0.372033 0.247266 0.000000
0.017032 183.111099 329.777802 -0.403028 0.216234 0.000000
0.006849 171.555603 335.111115 -0.403025 0.185194 0.000000
0.017032 160.000000 340.444489 -0.403028 0.185196 0.000000
0.006849 149.333298 343.111115 -0.372037 0.092082 0.000000
0.004303 138.666702 345.777802 -0.372033 0.092084 0.000000
0.017032 128.888901 346.666687 -0.341045 0.030009 1.000000
0.004303 118.222198 348.444489 -0.372037 0.061047 1.000000
0.017032 109.333298 349.333313 -0.310054 0.030006 2.000000
0.006849 100.444397 351.111115 -0.310054 0.061047 2.000000
0.014486 85.333344 351.111115 -0.526989 -0.001029 2.000000
0.004303 85.333344 351.111115 -0.000142 -0.001029 2.000000
0.017032 80.000000 351.111115 -0.186089 -0.001029 2.000000
0.004303 77.333344 349.333313 -0.093115 -0.063104 2.000000
0.017032 76.444443 340.444489 -0.031134 -0.311398 2.000000
0.004303 76.444443 340.444489 -0.000142 -0.001029 2.000000
0.006849 80.888893 333.333313 0.154814 -0.249328 2.000000
0.011940 87.111107 324.444489 0.216795 -0.311398 2.000000
0.004303 95.111107 314.666687 0.278778 -0.342438 2.000000
0.017032 105.777802 304.888885 0.371752 -0.342438 2.000000
0.006849 118.222198 294.222198 0.433732 -0.373475 2.000000
0.014486 144.888901 273.777802 0.929592 -0.714882 2.000000
0.004303 144.888901 273.777802 -0.000142 -0.001029 2.000000
0.014486 157.333298 264.000000 0.433732 -0.342438 3.000000
0.065400 185.777802 242.666702 0.991575 -0.745920 0.000000
0.042489 196.444397 234.666702 0.371749 -0.280363 0.000000
0.037397 205.333298 231.111099 0.309769 -0.125179 0.000000
0.006849 209.777802 230.222198 0.154815 -0.032066 0.000000
0.017032 215.111099 230.222198 0.185803 -0.001029 0.000000
