0.045035 226.666702 271.111115 0.743647 -0.156213 0.000000
0.042489 272.000000 256.888885 1.580403 -0.497624 0.000000
0.052672 365.333313 240.888901 3.253924 -0.559697 0.000000
0.039943 418.666687 240.000000 1.859326 -0.032066 1.000000
0.017032 436.444489 240.888901 0.619681 0.030009 1.000000
0.006849 447.111115 242.666702 0.371750 0.061047 2.000000
0.047580 453.333313 245.333298 0.216795 0.092080 2.000000
0.055218 424.888885 248.888901 -0.991857 0.123122 2.000000
0.017032 405.333313 248.888901 -0.681947 -0.001029 2.000000
0.001757 381.333313 248.000000 -0.836902 -0.032066 2.000000
0.017032 352.000000 247.111099 -1.022848 -0.032066 2.000000
0.001757 320.000000 246.222198 -1.115822 -0.032066 2.000000
0.004303 320.000000 246.222198 -0.000142 -0.001029 2.000000
0.022123 251.555603 246.222198 -2.386456 -0.001029 1.000000
0.004303 221.333298 248.000000 -1.053843 0.061047 1.000000
0.019577 195.555603 250.666702 -0.898881 0.092084 0.000000
0.009394 173.333298 254.222198 -0.774923 0.123118 0.000000
0.014486 155.555603 257.777802 -0.619962 0.123122 0.000000
0.001757 141.333298 261.333313 -0.496003 0.123119 0.000000
0.019577 130.666702 263.111115 -0.372033 0.061047 0.000000
0.006849 124.444397 264.888885 -0.217083 0.061046 0.000000
0.019577 121.777802 265.777802 -0.093113 0.030010 0.000000
0.011940 127.111099 265.777802 0.185803 -0.001029 0.000000
0.022123 135.111099 265.777802 0.278778 -0.001029 0.000000
0.052672 182.222198 259.555511 1.642386 -0.218291 0.000000
0.027215 204.444397 253.333298 0.774635 -0.218288 2.000000
0.006849 230.222198 245.333298 0.898601 -0.280363 2.000000
0.045035 285.333313 224.000000 1.921307 -0.745920 2.000000
0.045035 336.000000 199.111099 1.766352 -0.870070 2.000000
0.024669 376.000000 174.222198 1.394458 -0.870070 2.000000
0.050126 400.000000 159.111099 0.836618 -0.528660 2.000000
0.052672 414.222198 154.666702 0.495715 -0.156213 1.000000
0.042489 415.111115 159.111099 0.030850 0.154156 0.000000
0.042489 414.222198 171.555603 -0.031134 0.433494 0.000000
0.001757 411.555511 180.444397 -0.093116 0.309340 0.000000
0.017032 407.111115 190.222198 -0.155096 0.340381 0.000000
0.006849 402.666687 202.666702 -0.155097 0.433494 0.000000
0.037397 391.111115 232.000000 -0.403027 1.023197 0.000000
0.037397 377.777802 266.666687 -0.465008 1.209422 0.000000
0.037397 367.111115 297.777802 -0.372036 1.085273 0.000000
0.039943 356.444489 319.111115 -0.372034 0.743863 2.000000
0.006849 349.333313 326.222198 -0.248073 0.247268 2.000000
0.032306 340.444489 331.555511 -0.310051 0.185194 2.000000
0.055218 304.000000 334.222198 -1.270779 0.092084 2.000000
0.017032 292.444489 328.888885 -0.403025 -0.187251 2.000000
0.001757 283.555511 320.888885 -0.310056 -0.280363 2.000000
0.037397 270.222198 294.222198 -0.465008 -0.932145 2.000000
0.052672 256.000000 236.444397 -0.495999 -2.018446 1.000000
0.024669 251.555603 219.555603 -0.155096 -0.590732 0.000000
0.009394 245.333298 205.333298 -0.217083 -0.497626 0.000000
0.022123 239.111099 191.111099 -0.217079 -0.497623 0.000000
0.009394 232.000000 177.777802 -0.248071 -0.466585 0.000000
0.017032 216.888901 154.666702 -0.526991 -0.807995 0.000000
0.009394 209.777802 145.777802 -0.248071 -0.311401 0.000000
0.019577 203.555603 137.777802 -0.217079 -0.280363 0.000000
0.009394 198.222198 131.555603 -0.186091 -0.218288 0.000000
0.019577 194.666702 126.222198 -0.124105 -0.187254 3.000000
0.011940 192.000000 120.888901 -0.093117 -0.187250 2.000000
0.024669 191.111099 112.888901 -0.031134 -0.280363 2.000000
0.022123 192.000000 110.222198 0.030849 -0.094141 2.000000
0.001757 194.666702 107.555603 0.092832 -0.094138 2.000000
0.027215 198.222198 105.777802 0.123820 -0.063104 2.000000
0.001757 201.777802 104.000000 0.123824 -0.063104 2.000000
0.022123 211.555603 102.222198 0.340761 -0.063104 2.000000
0.001757 211.555603 102.222198 -0.000142 -0.001029 2.000000
0.004303 216.888901 102.222198 0.185803 -0.001029 2.000000
0.024669 227.555603 103.111099 0.371752 0.030009 1.000000
0.017032 233.777802 104.888901 0.216795 0.061047 1.000000
0.004303 240.000000 107.555603 0.216795 0.092084 1.000000
0.004303 240.000000 107.555603 -0.000142 -0.001029 1.000000
0.019577 252.444397 114.666702 0.433732 0.247268 0.000000
0.004303 252.444397 114.666702 -0.000142 -0.001029 0.000000
0.017032 260.444489 124.444397 0.278781 0.340378 0.000000
0.004303 262.222198 130.666702 0.061838 0.216235 0.000000
0.017032 264.888885 136.000000 0.092832 0.185193 0.000000
0.004303 266.666687 142.222198 0.061841 0.216231 0.000000
0.019577 267.555511 147.555603 0.030847 0.185197 0.000000
0.004303 268.444489 152.000000 0.030852 0.154156 0.000000
0.045035 270.222198 157.333298 0.061838 0.185193 0.000000
0.034852 272.000000 161.777802 0.061841 0.154159 0.000000
0.039943 272.888885 168.000000 0.030849 0.216231 2.000000
0.004303 272.888885 171.555603 -0.000142 0.123122 2.000000
0.042489 271.111115 178.666702 -0.062124 0.247268 2.000000
0.047580 267.555511 183.111099 -0.124108 0.154156 2.000000
0.047580 265.777802 183.111099 -0.062122 -0.001029 2.000000
0.024669 264.888885 181.333298 -0.031134 -0.063104 2.000000
0.022123 264.888885 178.666702 -0.000142 -0.094138 2.000000
0.006849 264.888885 172.444397 -0.000142 -0.218292 1.000000
0.027215 264.888885 169.777802 -0.000142 -0.094138 1.000000
0.011940 264.888885 168.000000 -0.000142 -0.063104 1.000000
0.019577 264.888885 166.222198 -0.000142 -0.063104 1.000000
0.009394 264.888885 164.444397 -0.000142 -0.063104 0.000000
0.022123 264.888885 162.666702 -0.000142 -0.063100 0.000000
0.009394 264.888885 161.777802 -0.000142 -0.032066 0.000000
0.017032 264.888885 161.777802 -0.000142 -0.001029 0.000000
0.006849 264.888885 161.777802 -0.000142 -0.001029 0.000000
0.019577 264.000000 161.777802 -0.031133 -0.001029 0.000000
0.009394 263.111115 162.666702 -0.031133 0.030009 0.000000
0.022123 257.777802 168.888901 -0.186088 0.216231 0.000000
0.001757 257.777802 168.888901 -0.000142 -0.001029 0.000000
0.024669 250.666702 177.777802 -0.248071 0.309344 1.000000
0.004303 247.111099 181.333298 -0.124108 0.123118 1.000000
0.017032 244.444397 184.000000 -0.093117 0.092084 2.000000
0.004303 241.777802 185.777802 -0.093113 0.061047 2.000000
0.017032 238.222198 186.666702 -0.124108 0.030009 2.000000
0.004303 234.666702 186.666702 -0.124105 -0.001029 2.000000
0.019577 231.111099 186.666702 -0.124108 -0.001029 2.000000
0.004303 228.444397 186.666702 -0.093117 -0.001029 2.000000
0.024669 224.888901 181.333298 -0.124105 -0.187254 2.000000
0.009394 224.888901 181.333298 -0.000142 -0.001029 2.000000
0.022123 225.777802 170.666702 0.030849 -0.373472 2.000000
0.011940 229.333298 164.444397 0.123820 -0.218292 2.000000
0.022123 235.555603 156.444397 0.216799 -0.280363 1.000000
0.032306 251.555603 142.222198 0.557698 -0.497623 0.000000
0.009394 262.222198 136.888901 0.371749 -0.187250 0.000000
0.045035 283.555511 128.000000 0.743644 -0.311401 0.000000
0.045035 305.777802 122.666702 0.774638 -0.187250 0.000000
0.047580 333.333313 119.111099 0.960581 -0.125179 0.000000
0.067946 347.555511 120.000000 0.495715 0.030009 0.000000
0.009394 350.222198 120.888901 0.092832 0.030009 1.000000
0.011940 352.000000 123.555603 0.061841 0.092084 1.000000
0.027215 356.444489 129.777802 0.154815 0.216231 2.000000
0.001757 356.444489 129.777802 -0.000142 -0.001029 2.000000
0.004303 358.222198 133.333298 0.061838 0.123118 2.000000
0.006849 360.888885 136.888901 0.092832 0.123122 2.000000
0.022123 363.555511 141.333298 0.092830 0.154156 2.000000
0.001757 367.111115 145.777802 0.123824 0.154159 2.000000
0.022123 370.666687 151.111099 0.123823 0.185193 2.000000
0.004303 376.000000 155.555603 0.185804 0.154159 2.000000
0.024669 386.666687 166.222198 0.371752 0.371415 2.000000
0.001757 386.666687 166.222198 -0.000142 -0.001029 2.000000
0.019577 397.333313 176.888901 0.371750 0.371419 1.000000
0.009394 401.777802 182.222198 0.154815 0.185193 1.000000
0.024669 407.111115 187.555603 0.185804 0.185197 0.000000
0.022123 416.000000 196.444397 0.309769 0.309340 0.000000
0.004303 416.000000 196.444397 -0.000142 -0.001029 0.000000
0.019577 424.000000 203.555603 0.278778 0.247272 0.000000
0.004303 427.555511 205.333298 0.123821 0.061043 0.000000
0.017032 430.222198 207.111099 0.092832 0.061047 0.000000
0.006849 432.888885 208.888901 0.092832 0.061047 0.000000
0.024669 435.555511 208.888901 0.092830 -0.001029 0.000000
0.014486 438.222198 208.888901 0.092832 -0.001029 0.000000
0.055218 448.000000 200.000000 0.340761 -0.311401 0.000000
0.024669 452.444489 195.555603 0.154815 -0.156213 0.000000
0.029760 467.555511 176.888901 0.526704 -0.652811 1.000000
0.024669 472.000000 171.555603 0.154815 -0.187250 1.000000
0.017032 477.333313 166.222198 0.185804 -0.187254 2.000000
0.034852 487.111115 156.444397 0.340761 -0.342438 2.000000
0.004303 487.111115 156.444397 -0.000142 -0.001029 2.000000
0.027215 493.333313 152.888901 0.216795 -0.125175 2.000000
0.006849 495.111115 152.888901 0.061841 -0.001029 2.000000
0.014486 496.888885 153.777802 0.061840 0.030009 2.000000
0.004303 498.666687 157.333298 0.061841 0.123118 2.000000
0.014486 499.555511 163.555603 0.030847 0.216235 2.000000
0.004303 499.555511 172.444397 -0.000142 0.309340 2.000000
0.017032 498.666687 184.000000 -0.031131 0.402456 2.000000
0.004303 495.111115 199.111099 -0.124107 0.526603 1.000000
0.019577 488.000000 217.777802 -0.248071 0.650753 1.000000
0.004303 479.111115 239.111099 -0.310053 0.743862 0.000000
0.060309 450.666687 304.888885 -0.991857 2.295723 0.000000
0.032306 440.000000 330.666687 -0.372036 0.899050 0.000000
0.060309 431.111115 346.666687 -0.310053 0.557641 0.000000
0.042489 425.777802 345.777802 -0.186088 -0.032066 0.000000
0.060309 414.222198 329.777802 -0.403028 -0.559698 0.000000
0.029760 395.555511 301.333313 -0.650956 -0.994220 1.000000
0.062855 370.666687 242.666702 -0.867891 -2.049480 2.000000
0.022123 362.666687 225.777802 -0.279062 -0.590735 2.000000
0.062855 334.222198 203.555603 -0.991859 -0.776957 2.000000
0.017032 321.777802 202.666702 -0.434016 -0.032066 2.000000
0.057763 266.666687 211.555603 -1.921591 0.309344 2.000000
0.019577 242.666702 218.666702 -0.836902 0.247268 2.000000
0.006849 219.555603 227.555603 -0.805911 0.309344 1.000000
0.055218 174.222198 258.666687 -1.580691 1.085272 0.000000
0.022123 168.000000 267.555511 -0.217079 0.309341 0.000000
0.055218 178.666702 277.333313 0.371752 0.340381 0.000000
0.057763 244.444397 252.444397 2.293197 -0.870070 0.000000
0.024669 276.444489 241.777802 1.115541 -0.373472 0.000000
0.045035 343.111115 227.555603 2.324190 -0.497623 0.000000
0.052672 413.333313 228.444397 2.448155 0.030005 2.000000
0.042489 427.555511 237.333298 0.495715 0.309344 2.000000
0.062855 396.444489 252.444397 -1.084828 0.526603 2.000000
0.042489 345.777802 260.444489 -1.766636 0.278309 2.000000
0.019577 315.555511 263.111115 -1.053842 0.092082 2.000000
0.017032 256.000000 264.888885 -2.076545 0.061046 1.000000
0.037397 231.111099 264.888885 -0.867894 -0.001029 0.000000
0.032306 196.444397 255.111099 -1.208797 -0.342438 0.000000
0.042489 174.222198 239.111099 -0.774919 -0.559698 0.000000
0.039943 153.777802 211.555603 -0.712936 -0.963179 0.000000
0.032306 152.000000 202.666702 -0.062125 -0.311401 0.000000
0.009394 152.000000 193.777802 -0.000142 -0.311401 0.000000
0.029760 156.444397 172.444397 0.154812 -0.745923 0.000000
0.055218 169.777802 150.222198 0.464727 -0.776957 2.000000
0.027215 192.000000 130.666702 0.774635 -0.683844 2.000000
0.050126 236.444397 110.222198 1.549412 -0.714886 2.000000
0.057763 269.333313 104.000000 1.146530 -0.218288 2.000000
0.022123 285.333313 104.000000 0.557698 -0.001029 2.000000
0.011940 319.111115 110.222198 1.177521 0.216231 2.000000
0.022123 336.000000 116.444397 0.588689 0.216231 2.000000
0.022123 349.333313 122.666702 0.464724 0.216235 1.000000
0.006849 359.111115 128.000000 0.340761 0.185193 1.000000
0.022123 365.333313 132.444397 0.216795 0.154156 0.000000
0.006849 365.333313 132.444397 -0.000142 -0.001029 0.000000
0.019577 354.666687 133.333298 -0.372034 0.030009 0.000000
0.009394 340.444489 133.333298 -0.495999 -0.001029 0.000000
0.047580 296.888885 131.555603 -1.518708 -0.063100 0.000000
0.042489 244.444397 128.888901 -1.828619 -0.094141 0.000000
0.042489 196.444397 128.000000 -1.673662 -0.032066 0.000000
0.019577 160.888901 125.333298 -1.239784 -0.094141 0.000000
0.009394 146.666702 123.555603 -0.495999 -0.063100 2.000000
0.022123 133.333298 120.888901 -0.465011 -0.094141 2.000000
0.009394 121.777802 118.222198 -0.403025 -0.094141 2.000000
0.019577 107.555603 112.888901 -0.495999 -0.187250 2.000000
0.009394 107.555603 112.888901 -0.000142 -0.001029 2.000000
0.019577 104.000000 108.444397 -0.124108 -0.156217 2.000000
0.006849 104.000000 105.777802 -0.000142 -0.094138 2.000000
0.047580 115.555603 96.000000 0.402744 -0.342438 2.000000
0.029760 133.333298 84.444443 0.619677 -0.404512 2.000000
0.027215 142.222198 80.000000 0.309769 -0.156214 1.000000
0.009394 150.222198 76.444443 0.278778 -0.125177 1.000000
0.029760 162.666702 73.777779 0.433735 -0.094140 0.000000
0.024669 166.222198 73.777779 0.123820 -0.001029 0.000000
0.004303 168.888901 77.333344 0.092832 0.123120 0.000000
0.027215 169.777802 90.666656 0.030849 0.464528 0.000000
0.004303 166.222198 100.444397 -0.124108 0.340379 0.000000
0.032306 160.888901 111.111099 -0.186088 0.371419 0.000000
0.011940 142.222198 136.888901 -0.650957 0.899050 0.000000
0.022123 130.666702 150.222198 -0.403025 0.464528 0.000000
0.027215 108.444397 178.666702 -0.774923 0.992163 2.000000
0.011940 108.444397 178.666702 -0.000142 -0.001029 2.000000
0.019577 94.222221 208.000000 -0.495998 1.023197 2.000000
0.011940 89.777779 221.333298 -0.155098 0.464528 2.000000
0.017032 88.000000 234.666702 -0.062124 0.464532 2.000000
0.001757 87.111107 247.111099 -0.031133 0.433490 2.000000
0.017032 87.111107 256.000000 -0.000142 0.309344 2.000000
0.001757 88.000000 263.111115 0.030849 0.247269 2.000000
0.017032 89.777779 267.555511 0.061840 0.154156 2.000000
0.001757 92.444443 270.222198 0.092831 0.092084 2.000000
0.004303 94.222221 270.222198 0.061840 -0.001029 2.000000
0.019577 97.777779 270.222198 0.123822 -0.001029 2.000000
0.001757 102.222198 268.444489 0.154813 -0.063101 1.000000
0.017032 106.666702 267.555511 0.154815 -0.032069 1.000000
-0.000788 112.888901 265.777802 0.216795 -0.063101 0.000000
0.001757 112.888901 265.777802 -0.000142 -0.001029 0.000000
0.019577 127.111099 265.777802 0.495715 -0.001029 0.000000
-0.000788 127.111099 265.777802 -0.000142 -0.001029 0.000000
0.014486 134.222198 265.777802 0.247786 -0.001029 0.000000
0.001757 143.111099 266.666687 0.309769 0.030009 0.000000
0.039943 161.777802 266.666687 0.650672 -0.001029 0.000000
0.052672 188.444397 253.333298 0.929589 -0.466588 0.000000
0.034852 206.222198 243.555603 0.619681 -0.342435 0.000000
0.034852 223.111099 239.111099 0.588689 -0.156217 2.000000
0.006849 223.111099 239.111099 -0.000142 -0.001029 2.000000
0.029760 238.222198 240.000000 0.526706 0.030009 2.000000
0.052672 251.555603 248.000000 0.464727 0.278306 2.000000
0.039943 259.555511 257.777802 0.278775 0.340381 2.000000
0.017032 263.111115 266.666687 0.123824 0.309343 2.000000
0.004303 263.111115 266.666687 -0.000142 -0.001029 2.000000
0.004303 263.111115 273.777802 -0.000142 0.247269 2.000000
0.034852 262.222198 276.444489 -0.031134 0.092084 1.000000
0.017032 259.555511 280.000000 -0.093116 0.123119 1.000000
0.011940 256.888885 283.555511 -0.093114 0.123119 0.000000
0.024669 256.000000 284.444489 -0.031133 0.030012 0.000000
0.009394 255.111099 284.444489 -0.031134 -0.001029 0.000000
0.011940 255.111099 284.444489 -0.000142 -0.001029 0.000000
0.006849 254.222198 284.444489 -0.031134 -0.001029 0.000000
0.017032 253.333298 281.777802 -0.031134 -0.094141 0.000000
0.006849 251.555603 279.111115 -0.062121 -0.094141 0.000000
0.019577 247.111099 271.111115 -0.155100 -0.280363 0.000000
0.009394 247.111099 271.111115 -0.000142 -0.001029 0.000000
0.024669 243.555603 263.111115 -0.124105 -0.280363 1.000000
0.006849 242.666702 258.666687 -0.031134 -0.156214 2.000000
0.017032 242.666702 256.000000 -0.000142 -0.094141 2.000000
0.001757 242.666702 253.333298 -0.000142 -0.094141 2.000000
0.014486 242.666702 251.555603 -0.000142 -0.063100 2.000000
0.001757 242.666702 251.555603 -0.000142 -0.001029 2.000000
-0.000788 242.666702 251.555603 -0.000142 -0.001029 2.000000
0.014486 242.666702 251.555603 -0.000142 -0.001029 2.000000
-0.000788 242.666702 251.555603 -0.000142 -0.001029 2.000000
0.017032 242.666702 251.555603 -0.000142 -0.001029 2.000000
0.009394 241.777802 250.666702 -0.031134 -0.032066 2.000000
0.014486 241.777802 250.666702 -0.000142 -0.001029 2.000000
0.009394 241.777802 250.666702 -0.000142 -0.001029 1.000000
0.024669 242.666702 251.555603 0.030849 0.030009 1.000000
0.009394 244.444397 252.444397 0.061837 0.030005 1.000000
0.042489 251.555603 256.888885 0.247790 0.154159 0.000000
0.047580 260.444489 259.555511 0.309769 0.092082 0.000000
0.045035 272.888885 261.333313 0.433732 0.061047 0.000000
0.050126 299.555511 266.666687 0.929590 0.185196 0.000000
0.045035 320.888885 270.222198 0.743646 0.123119 0.000000
0.045035 339.555511 272.888885 0.650670 0.092084 0.000000
0.022123 348.444489 273.777802 0.309772 0.030010 2.000000
0.006849 350.222198 273.777802 0.061838 -0.001029 2.000000
0.017032 350.222198 273.777802 -0.000142 -0.001029 2.000000
0.004303 350.222198 273.777802 -0.000142 -0.001029 2.000000
0.017032 348.444489 273.777802 -0.062122 -0.001029 2.000000
0.004303 346.666687 273.777802 -0.062125 -0.001029 2.000000
0.019577 344.000000 273.777802 -0.093116 -0.001029 2.000000
0.001757 342.222198 273.777802 -0.062125 -0.001029 2.000000
0.019577 341.333313 273.777802 -0.031133 -0.001029 2.000000
0.001757 341.333313 272.000000 -0.000142 -0.063104 1.000000
0.004303 341.333313 270.222198 -0.000142 -0.063104 1.000000
0.019577 341.333313 267.555511 -0.000142 -0.094141 1.000000
0.001757 342.222198 264.000000 0.030849 -0.125176 1.000000
0.017032 343.111115 260.444489 0.030850 -0.125176 1.000000
0.004303 343.111115 256.888885 -0.000142 -0.125179 0.000000
0.019577 344.000000 254.222198 0.030849 -0.094141 0.000000
0.004303 344.000000 250.666702 -0.000142 -0.125175 0.000000
0.017032 344.000000 248.000000 -0.000142 -0.094141 0.000000
0.001757 344.000000 245.333298 -0.000142 -0.094141 0.000000
-0.000788 344.000000 245.333298 -0.000142 -0.001029 0.000000
0.019577 346.666687 237.333298 0.092832 -0.280363 0.000000
0.004303 349.333313 232.000000 0.092830 -0.187250 0.000000
0.017032 353.777802 225.777802 0.154815 -0.218288 0.000000
0.001757 357.333313 217.777802 0.123821 -0.280363 0.000000
0.039943 365.333313 202.666702 0.278778 -0.528660 0.000000
0.057763 369.777802 191.111099 0.154815 -0.404514 0.000000
0.019577 371.555511 186.666702 0.061838 -0.156213 0.000000
0.001757 371.555511 186.666702 -0.000142 -0.001029 0.000000
0.017032 371.555511 185.777802 -0.000142 -0.032066 0.000000
0.001757 371.555511 185.777802 -0.000142 -0.001029 0.000000
0.019577 365.333313 193.777802 -0.217079 0.278306 0.000000
0.001757 365.333313 193.777802 -0.000142 -0.001029 0.000000
0.022123 356.444489 205.333298 -0.310051 0.402453 1.000000
0.006849 350.222198 210.666702 -0.217082 0.185197 2.000000
0.004303 350.222198 210.666702 -0.000142 -0.001029 2.000000
0.022123 334.222198 220.444397 -0.557982 0.340378 2.000000
0.017032 323.555511 224.000000 -0.372036 0.123122 2.000000
0.001757 311.111115 226.666702 -0.434016 0.092084 2.000000
0.004303 297.777802 227.555603 -0.465008 0.030009 2.000000
0.022123 284.444489 227.555603 -0.465008 -0.001029 2.000000
0.019577 271.111115 227.555603 -0.465010 -0.001029 2.000000
0.004303 259.555511 224.888901 -0.403028 -0.094141 2.000000
0.006849 248.888901 222.222198 -0.372034 -0.094141 2.000000
0.024669 231.111099 216.000000 -0.619965 -0.218288 2.000000
0.004303 231.111099 216.000000 -0.000142 -0.001029 2.000000
0.017032 216.000000 211.555603 -0.526991 -0.156213 2.000000
0.004303 216.000000 211.555603 -0.000142 -0.001029 2.000000
0.019577 203.555603 211.555603 -0.434016 -0.001029 1.000000
0.004303 199.111099 213.333298 -0.155100 0.061043 0.000000
0.019577 195.555603 216.000000 -0.124105 0.092084 0.000000
0.004303 193.777802 218.666702 -0.062125 0.092084 0.000000
0.017032 192.000000 220.444397 -0.062125 0.061043 0.000000
0.001757 191.111099 222.222198 -0.031134 0.061047 0.000000
0.019577 191.111099 223.111099 -0.000142 0.030009 0.000000
0.004303 191.111099 223.111099 -0.000142 -0.001029 0.000000
-0.000788 191.111099 223.111099 -0.000142 -0.001029 0.000000
0.014486 191.111099 223.111099 -0.000142 -0.001029 0.000000
0.004303 196.444397 216.000000 0.185803 -0.249326 0.000000
0.039943 200.000000 208.888901 0.123824 -0.249326 0.000000
0.039943 217.777802 176.000000 0.619681 -1.149405 0.000000
0.052672 232.000000 148.444397 0.495715 -0.963183 1.000000
0.045035 244.444397 118.222198 0.433732 -1.056292 2.000000
0.080675 258.666687 68.444443 0.495718 -1.739110 2.000000
0.011940 260.444489 60.444439 0.061841 -0.280363 2.000000
0.017032 261.333313 54.222221 0.030847 -0.218289 2.000000
0.004303 261.333313 50.666672 -0.000142 -0.125177 2.000000
0.057763 262.222198 48.000000 0.030849 -0.094140 2.000000
0.050126 262.222198 58.666672 -0.000142 0.371418 2.000000
0.022123 262.222198 69.333344 -0.000142 0.371418 1.000000
0.027215 261.333313 96.888893 -0.031133 0.961124 0.000000
0.009394 261.333313 112.888901 -0.000142 0.557641 0.000000
0.050126 265.777802 148.444397 0.154815 1.240456 0.000000
0.083221 284.444489 207.111099 0.650672 2.047426 0.000000
0.004303 284.444489 207.111099 -0.000142 -0.001029 0.000000
0.075583 282.666687 223.111099 -0.062125 0.557641 0.000000
0.014486 277.333313 219.555603 -0.186090 -0.125175 0.000000
0.032306 263.111115 197.333298 -0.495999 -0.776961 2.000000
0.014486 255.111099 179.555603 -0.279063 -0.621769 2.000000
0.022123 246.222198 157.333298 -0.310054 -0.776961 2.000000
0.024669 224.888901 112.888901 -0.743928 -1.552886 2.000000
0.001757 224.888901 112.888901 -0.000142 -0.001029 2.000000
0.088312 176.000000 64.888893 -1.704654 -1.677036 2.000000
0.009394 160.888901 59.555561 -0.526991 -0.187252 2.000000
0.034852 128.000000 55.111111 -1.146814 -0.156215 2.000000
0.027215 100.444397 56.000000 -0.960868 0.030009 1.000000
0.017032 89.777779 59.555561 -0.372034 0.123120 1.000000
0.032306 72.000000 71.111107 -0.619964 0.402454 0.000000
0.050126 58.666672 88.888893 -0.465009 0.619715 0.000000
0.029760 49.777779 116.444397 -0.310053 0.961122 0.000000
0.027215 45.333328 146.666702 -0.155098 1.054238 0.000000
0.006849 45.333328 146.666702 -0.000142 -0.001029 0.000000
0.029760 45.333328 173.333298 -0.000142 0.930084 0.000000
0.024669 46.222221 183.111099 0.030849 0.340381 0.000000
0.006849 48.000000 196.444397 0.061840 0.464528 0.000000
0.024669 48.000000 200.888901 -0.000142 0.154159 0.000000
0.006849 48.000000 205.333298 -0.000142 0.154156 1.000000
0.022123 46.222221 209.777802 -0.062124 0.154159 1.000000
0.006849 43.555561 213.333298 -0.093115 0.123118 2.000000
0.052672 39.111111 217.777802 -0.155098 0.154159 2.000000
0.050126 37.333328 216.000000 -0.062125 -0.063104 2.000000
0.060309 46.222221 186.666702 0.309769 -1.025254 2.000000
0.004303 53.333328 169.777802 0.247787 -0.590735 2.000000
0.006849 53.333328 169.777802 -0.000142 -0.001029 2.000000
0.022123 72.000000 128.888901 0.650671 -1.428739 2.000000
0.024669 95.111107 93.333344 0.805627 -1.242516 1.000000
0.006849 95.111107 93.333344 -0.000142 -0.001029 1.000000
0.027215 116.444397 72.000000 0.743643 -0.745921 0.000000
0.006849 126.222198 64.888893 0.340761 -0.249326 0.000000
0.042489 144.888901 58.666672 0.650672 -0.218289 0.000000
0.045035 158.222198 58.666672 0.464723 -0.001029 0.000000
0.050126 164.444397 80.888893 0.216795 0.774901 0.000000
0.024669 164.444397 93.333344 -0.000142 0.433492 0.000000
0.027215 164.444397 121.777802 -0.000142 0.992162 1.000000
0.009394 164.444397 138.666702 -0.000142 0.588678 2.000000
0.019577 164.444397 157.333298 -0.000142 0.650750 2.000000
0.009394 166.222198 176.000000 0.061841 0.650753 2.000000
0.019577 168.000000 194.666702 0.061841 0.650753 2.000000
0.004303 169.777802 213.333298 0.061841 0.650750 2.000000
0.024669 171.555603 248.888901 0.061841 1.240460 2.000000
0.006849 171.555603 248.888901 -0.000142 -0.001029 2.000000
0.022123 171.555603 278.222198 -0.000142 1.023197 2.000000
0.006849 171.555603 287.111115 -0.000142 0.309344 2.000000
0.022123 171.555603 293.333313 -0.000142 0.216231 2.000000
0.009394 171.555603 297.777802 -0.000142 0.154159 1.000000
0.022123 171.555603 306.666687 -0.000142 0.309343 1.000000
0.009394 172.444397 312.000000 0.030846 0.185194 0.000000
0.022123 174.222198 318.222198 0.061841 0.216231 0.000000
0.019577 176.888901 323.555511 0.092832 0.185194 0.000000
0.004303 179.555603 328.888885 0.092832 0.185196 0.000000
0.009394 183.111099 332.444489 0.123820 0.123122 0.000000
0.019577 185.777802 334.222198 0.092832 0.061043 0.000000
0.019577 188.444397 336.000000 0.092829 0.061047 0.000000
0.001757 188.444397 336.000000 -0.000142 -0.001029 0.000000
0.001757 188.444397 335.111115 -0.000142 -0.032066 0.000000
0.019577 188.444397 329.777802 -0.000142 -0.187251 0.000000
0.009394 188.444397 327.111115 -0.000142 -0.094141 0.000000
0.022123 187.555603 324.444489 -0.031130 -0.094139 1.000000
0.006849 187.555603 322.666687 -0.000142 -0.063104 1.000000
0.022123 188.444397 320.000000 0.030846 -0.094141 2.000000
0.022123 194.666702 312.000000 0.216799 -0.280363 2.000000
0.027215 200.000000 307.555511 0.185803 -0.156216 2.000000
0.039943 211.555603 294.222198 0.402744 -0.466585 2.000000
0.042489 234.666702 268.444489 0.805626 -0.901104 2.000000
0.039943 253.333298 256.888885 0.650669 -0.404514 2.000000
0.047580 273.777802 253.333298 0.712655 -0.125178 2.000000
0.024669 283.555511 253.333298 0.340758 -0.001029 1.000000
0.009394 291.555511 253.333298 0.278778 -0.001029 1.000000
0.022123 302.222198 256.888885 0.371752 0.123121 0.000000
0.009394 304.000000 259.555511 0.061841 0.092082 0.000000
0.060309 303.111115 272.888885 -0.031133 0.464531 0.000000
0.050126 297.777802 284.444489 -0.186088 0.402456 0.000000
0.047580 296.000000 294.222198 -0.062125 0.340378 0.000000
0.001757 296.000000 298.666687 -0.000142 0.154159 0.000000
0.022123 296.000000 301.333313 -0.000142 0.092082 0.000000
0.042489 305.777802 304.000000 0.340761 0.092084 0.000000
0.004303 305.777802 304.000000 -0.000142 -0.001029 2.000000
0.006849 310.222198 304.000000 0.154812 -0.001029 2.000000
0.055218 325.333313 294.222198 0.526707 -0.342438 2.000000
0.022123 329.777802 288.888885 0.154815 -0.187251 2.000000
0.055218 347.555511 269.333313 0.619678 -0.683847 2.000000
0.009394 353.777802 264.888885 0.216798 -0.156214 2.000000
0.001757 353.777802 264.888885 -0.000142 -0.001029 2.000000
0.017032 366.222198 258.666687 0.433732 -0.218288 1.000000
0.009394 372.444489 256.000000 0.216798 -0.094141 1.000000
0.009394 379.555511 255.111099 0.247784 -0.032066 0.000000
0.022123 385.777802 253.333298 0.216798 -0.063104 0.000000
0.017032 392.000000 253.333298 0.216795 -0.001029 0.000000
0.006849 399.111115 253.333298 0.247787 -0.001029 0.000000
0.050126 419.555511 253.333298 0.712652 -0.001029 0.000000
0.039943 431.111115 256.000000 0.402744 0.092084 0.000000
0.052672 441.777802 256.888885 0.371752 0.030009 0.000000
0.039943 450.666687 258.666687 0.309769 0.061047 0.000000
0.017032 459.555511 258.666687 0.309767 -0.001029 1.000000
0.006849 459.555511 258.666687 -0.000142 -0.001029 1.000000
-0.000788 464.000000 258.666687 0.154815 -0.001029 2.000000
0.052672 478.222198 255.111099 0.495715 -0.125178 2.000000
0.022123 481.777802 253.333298 0.123824 -0.063104 2.000000
0.011940 485.333313 250.666702 0.123821 -0.094138 2.000000
-0.000788 485.333313 250.666702 -0.000142 -0.001029 2.000000
0.017032 488.888885 240.888901 0.123823 -0.342438 2.000000
0.001757 488.888885 240.888901 -0.000142 -0.001029 2.000000
0.001757 489.777802 233.777802 0.030850 -0.249326 2.000000
0.019577 489.777802 224.888901 -0.000142 -0.311401 2.000000
0.001757 489.777802 215.111099 -0.000142 -0.342438 1.000000
0.014486 488.000000 205.333298 -0.062125 -0.342438 1.000000
0.001757 485.333313 196.444397 -0.093116 -0.311401 1.000000
0.001757 481.777802 187.555603 -0.124105 -0.311397 1.000000
0.014486 477.333313 180.444397 -0.155099 -0.249329 0.000000
0.004303 471.111115 175.111099 -0.217079 -0.187250 0.000000
0.014486 464.000000 170.666702 -0.248071 -0.156213 0.000000
0.001757 454.222198 168.000000 -0.341045 -0.094141 0.000000
0.001757 454.222198 168.000000 -0.000142 -0.001029 0.000000
0.019577 426.666687 166.222198 -0.960865 -0.063104 0.000000
0.001757 426.666687 166.222198 -0.000142 -0.001029 0.000000
0.037397 383.111115 175.111099 -1.518707 0.309344 0.000000
0.055218 306.666687 215.111099 -2.665377 1.395644 0.000000
0.019577 288.000000 237.333298 -0.650956 0.774900 1.000000
0.004303 274.666687 262.222198 -0.465008 0.868013 1.000000
0.039943 263.111115 308.444489 -0.403027 1.612907 1.000000
0.014486 263.111115 327.111115 -0.000142 0.650751 2.000000
0.024669 270.222198 356.444489 0.247786 1.023200 2.000000
0.037397 285.333313 376.000000 0.526707 0.681788 2.000000
0.037397 303.111115 384.000000 0.619681 0.278306 2.000000
0.017032 312.888885 384.000000 0.340760 -0.001029 2.000000
0.001757 322.666687 378.666687 0.340761 -0.187251 2.000000
0.019577 332.444489 370.666687 0.340761 -0.280363 1.000000
0.024669 341.333313 359.111115 0.309767 -0.404512 1.000000
0.019577 355.555511 318.222198 0.495715 -1.428740 0.000000
0.004303 355.555511 318.222198 -0.000142 -0.001029 0.000000
0.042489 365.333313 230.222198 0.340761 -3.073709 0.000000
0.042489 362.666687 188.444397 -0.093114 -1.459777 0.000000
0.045035 350.222198 165.333298 -0.434019 -0.807995 0.000000
0.019577 341.333313 158.222198 -0.310053 -0.249326 0.000000
0.011940 315.555511 151.111099 -0.898885 -0.249326 0.000000
0.047580 282.666687 157.333298 -1.146811 0.216231 0.000000
0.017032 264.888885 165.333298 -0.619965 0.278306 1.000000
0.009394 248.000000 177.777802 -0.588973 0.433494 2.000000
0.045035 224.000000 208.888901 -0.836902 1.085272 2.000000
0.062855 222.222198 262.222198 -0.062125 1.861201 2.000000
0.034852 246.222198 288.888885 0.836618 0.930087 2.000000
0.057763 311.111115 300.444489 2.262210 0.402456 2.000000
0.024669 338.666687 299.555511 0.960583 -0.032069 2.000000
0.022123 390.222198 293.333313 1.797341 -0.218288 1.000000
0.006849 390.222198 293.333313 -0.000142 -0.001029 1.000000
0.014486 426.666687 285.333313 1.270495 -0.280363 0.000000
0.001757 426.666687 285.333313 -0.000142 -0.001029 0.000000
0.078129 431.111115 256.888885 0.154813 -0.994218 0.000000
0.019577 416.888885 248.000000 -0.496000 -0.311400 0.000000
0.024669 373.333313 236.444397 -1.518707 -0.404514 0.000000
0.019577 346.666687 235.555603 -0.929874 -0.032062 0.000000
0.029760 301.333313 239.111099 -1.580690 0.123118 0.000000
0.062855 280.000000 245.333298 -0.743928 0.216231 2.000000
0.032306 281.777802 249.777802 0.061841 0.154159 2.000000
0.055218 336.000000 242.666702 1.890315 -0.249326 2.000000
0.027215 360.000000 235.555603 0.836618 -0.249326 2.000000
0.022123 401.777802 217.777802 1.456441 -0.621773 2.000000
0.019577 415.111115 207.111099 0.464724 -0.373476 2.000000
0.032306 424.888885 179.555603 0.340760 -0.963179 2.000000
0.022123 408.000000 149.333298 -0.588973 -1.056296 0.000000
0.022123 389.333313 138.666702 -0.650956 -0.373472 0.000000
-0.000788 389.333313 138.666702 -0.000142 -0.001029 0.000000
0.001757 363.555511 132.444397 -0.898885 -0.218292 0.000000
0.017032 297.777802 128.888901 -2.293482 -0.125175 0.000000
0.004303 297.777802 128.888901 -0.000142 -0.001029 0.000000
0.017032 262.222198 129.777802 -1.239788 0.030009 0.000000
0.001757 229.333298 132.444397 -1.146814 0.092080 0.000000
0.004303 200.000000 135.111099 -1.022848 0.092084 0.000000
0.019577 175.111099 137.777802 -0.867894 0.092084 0.000000
0.022123 141.333298 143.111099 -1.177805 0.185193 3.000000
0.004303 141.333298 143.111099 -0.000142 -0.001029 3.000000
0.001757 124.444397 149.333298 -0.588974 0.216231 2.000000
0.024669 123.555603 154.666702 -0.031130 0.185197 2.000000
0.017032 125.333298 163.555603 0.061837 0.309344 2.000000
0.004303 132.444397 175.111099 0.247786 0.402453 2.000000
0.004303 132.444397 175.111099 -0.000142 -0.001029 2.000000
0.042489 169.777802 224.000000 1.301487 1.706017 2.000000
0.045035 200.888901 256.888885 1.084546 1.147347 2.000000
0.042489 226.666702 284.444489 0.898601 0.961126 1.000000
0.014486 236.444397 295.111115 0.340757 0.371416 0.000000
0.039943 248.888901 312.888885 0.433735 0.619715 0.000000
0.037397 255.111099 326.222198 0.216795 0.464528 0.000000
0.024669 259.555511 333.333313 0.154812 0.247269 0.000000
0.019577 262.222198 335.111115 0.092832 0.061047 0.000000
0.004303 266.666687 336.000000 0.154815 0.030009 0.000000
0.017032 271.111115 336.000000 0.154813 -0.001029 0.000000
-0.000788 275.555511 335.111115 0.154812 -0.032066 0.000000
0.004303 275.555511 335.111115 -0.000142 -0.001029 0.000000
0.022123 283.555511 332.444489 0.278778 -0.094139 2.000000
0.019577 286.222198 331.555511 0.092832 -0.032069 2.000000
0.001757 288.000000 330.666687 0.061841 -0.032063 2.000000
0.001757 289.777802 329.777802 0.061841 -0.032066 2.000000
0.019577 291.555511 328.888885 0.061838 -0.032067 2.000000
0.004303 293.333313 328.000000 0.061841 -0.032066 2.000000
0.017032 296.000000 326.222198 0.092832 -0.063104 2.000000
0.001757 299.555511 322.666687 0.123821 -0.125176 2.000000
0.001757 299.555511 322.666687 -0.000142 -0.001029 2.000000
0.017032 308.444489 312.000000 0.309772 -0.373475 2.000000
0.001757 314.666687 304.888885 0.216795 -0.249326 1.000000
0.011940 314.666687 304.888885 -0.000142 -0.001029 1.000000
0.001757 320.888885 298.666687 0.216795 -0.218288 1.000000
-0.000788 327.111115 293.333313 0.216796 -0.187253 1.000000
0.019577 332.444489 289.777802 0.185806 -0.125176 0.000000
-0.000788 336.888885 287.111115 0.154812 -0.094141 0.000000
0.011940 340.444489 286.222198 0.123824 -0.032067 0.000000
0.001757 340.444489 286.222198 -0.000142 -0.001029 0.000000
0.001757 342.222198 286.222198 0.061838 -0.001029 0.000000
0.019577 342.222198 286.222198 -0.000142 -0.001029 0.000000
0.001757 342.222198 288.888885 -0.000142 0.092084 0.000000
0.011940 341.333313 292.444489 -0.031133 0.123122 0.000000
0.017032 338.666687 302.222198 -0.093114 0.340378 0.000000
0.034852 337.777802 306.666687 -0.031133 0.154159 0.000000
0.037397 341.333313 322.666687 0.123821 0.557641 2.000000
0.004303 341.333313 322.666687 -0.000142 -0.001029 2.000000
0.027215 346.666687 335.111115 0.185806 0.433491 2.000000
0.017032 350.222198 340.444489 0.123821 0.185196 2.000000
0.019577 353.777802 345.777802 0.123824 0.185194 2.000000
0.045035 360.000000 352.888885 0.216795 0.247268 2.000000
0.050126 368.888885 355.555511 0.309769 0.092082 2.000000
0.032306 372.444489 353.777802 0.123824 -0.063101 2.000000
0.052672 372.444489 351.111115 -0.000142 -0.094141 1.000000
0.065400 361.777802 346.666687 -0.372036 -0.156214 0.000000
0.017032 357.333313 345.777802 -0.155099 -0.032066 0.000000
0.047580 346.666687 342.222198 -0.372034 -0.125179 0.000000
0.045035 342.222198 336.000000 -0.155099 -0.218288 0.000000
0.052672 339.555511 327.111115 -0.093116 -0.311400 0.000000
0.045035 337.777802 318.222198 -0.062122 -0.311401 0.000000
0.045035 335.111115 309.333313 -0.093116 -0.311400 0.000000
0.042489 333.333313 305.777802 -0.062125 -0.125176 0.000000
0.014486 333.333313 303.111115 -0.000142 -0.094141 3.000000
0.014486 333.333313 299.555511 -0.000142 -0.125179 3.000000
0.045035 335.111115 289.777802 0.061841 -0.342435 3.000000
0.042489 337.777802 264.000000 0.092832 -0.901108 3.000000
0.039943 336.888885 241.777802 -0.031134 -0.776957 3.000000
0.045035 330.666687 222.222198 -0.217079 -0.683848 3.000000
0.047580 317.333313 208.000000 -0.465010 -0.497623 3.000000
0.045035 298.666687 199.111099 -0.650954 -0.311401 3.000000
0.042489 263.111115 198.222198 -1.239787 -0.032066 3.000000
0.045035 239.111099 208.888901 -0.836903 0.371419 3.000000
0.045035 221.333298 227.555603 -0.619965 0.650753 3.000000
0.047580 215.111099 249.777802 -0.217079 0.774900 3.000000
0.039943 218.666702 268.444489 0.123824 0.650753 3.000000
0.042489 239.111099 279.111115 0.712652 0.371416 3.000000
0.042489 254.222198 276.444489 0.526706 -0.094139 3.000000
0.052672 269.333313 266.666687 0.526707 -0.342438 3.000000
0.050126 280.888885 251.555603 0.402743 -0.528660 3.000000
0.062855 281.777802 220.444397 0.030850 -1.087333 3.000000
0.027215 270.222198 200.888901 -0.403028 -0.683844 3.000000
0.039943 255.111099 188.444397 -0.526991 -0.435551 3.000000
0.042489 238.222198 184.000000 -0.588974 -0.156213 3.000000
0.067946 218.666702 184.000000 -0.681944 -0.001029 3.000000
0.037397 212.444397 187.555603 -0.217083 0.123122 3.000000
0.065400 212.444397 192.888901 -0.000142 0.185193 3.000000
0.019577 214.222198 194.666702 0.061841 0.061047 3.000000
0.039943 220.444397 197.333298 0.216795 0.092080 3.000000
0.047580 229.333298 197.333298 0.309769 -0.001029 3.000000
0.039943 231.111099 195.555603 0.061841 -0.063100 3.000000
0.042489 229.333298 192.000000 -0.062125 -0.125179 3.000000
0.045035 222.222198 187.555603 -0.248071 -0.156213 3.000000
0.045035 213.333298 185.777802 -0.310054 -0.063104 3.000000
0.047580 206.222198 185.777802 -0.248071 -0.001029 3.000000
0.050126 206.222198 185.777802 -0.000142 -0.001029 3.000000
0.039943 206.222198 185.777802 -0.000142 -0.001029 3.000000
0.042489 207.111099 185.777802 0.030849 -0.001029 3.000000
0.047580 216.888901 185.777802 0.340761 -0.001029 3.000000
0.057763 225.777802 184.000000 0.309769 -0.063104 3.000000
0.057763 239.111099 177.777802 0.464723 -0.218288 3.000000
0.045035 243.555603 173.333298 0.154815 -0.156217 3.000000
0.042489 245.333298 170.666702 0.061837 -0.094138 3.000000
0.029760 243.555603 168.888901 -0.062121 -0.063104 3.000000
0.057763 237.333298 168.888901 -0.217083 -0.001029 3.000000
0.024669 235.555603 169.777802 -0.062121 0.030009 3.000000
0.045035 234.666702 171.555603 -0.031134 0.061047 3.000000
0.045035 235.555603 175.111099 0.030849 0.123118 3.000000
0.047580 239.111099 177.777802 0.123820 0.092084 3.000000
0.039943 244.444397 178.666702 0.185803 0.030009 3.000000
0.070492 253.333298 178.666702 0.309769 -0.001029 3.000000
0.027215 256.888885 176.888901 0.123823 -0.063104 3.000000
0.057763 257.777802 176.000000 0.030850 -0.032066 3.000000
0.029760 256.000000 176.000000 -0.062125 -0.001029 3.000000
0.039943 249.777802 176.888901 -0.217079 0.030009 3.000000
0.039943 243.555603 179.555603 -0.217079 0.092084 3.000000
0.050126 241.777802 181.333298 -0.062125 0.061043 3.000000
0.075583 245.333298 182.222198 0.123820 0.030009 3.000000
0.039943 249.777802 182.222198 0.154815 -0.001029 3.000000
0.024669 253.333298 181.333298 0.123820 -0.032066 3.000000
0.042489 255.111099 179.555603 0.061841 -0.063100 3.000000
0.042489 255.111099 178.666702 -0.000142 -0.032066 3.000000
0.045035 250.666702 177.777802 -0.155096 -0.032066 3.000000
0.047580 245.333298 176.888901 -0.186091 -0.032066 3.000000
0.045035 241.777802 176.888901 -0.124105 -0.001029 3.000000
0.042489 240.000000 178.666702 -0.062125 0.061047 3.000000
0.045035 240.000000 181.333298 -0.000142 0.092080 3.000000
0.075583 240.000000 184.888901 -0.000142 0.123122 3.000000
0.042489 240.888901 185.777802 0.030849 0.030009 3.000000
0.039943 240.888901 185.777802 -0.000142 -0.001029 3.000000
0.039943 241.777802 185.777802 0.030849 -0.001029 3.000000
0.029760 243.555603 183.111099 0.061841 -0.094141 3.000000
0.047580 245.333298 182.222198 0.061837 -0.032066 3.000000
0.039943 247.111099 181.333298 0.061841 -0.032066 3.000000
0.042489 248.000000 181.333298 0.030849 -0.001029 3.000000
0.075583 248.888901 183.111099 0.030849 0.061047 3.000000
0.042489 248.000000 184.000000 -0.031134 0.030009 3.000000
0.029760 247.111099 184.000000 -0.031134 -0.001029 3.000000
0.032306 247.111099 184.000000 -0.000142 -0.001029 3.000000
0.050126 247.111099 184.000000 -0.000142 -0.001029 3.000000
0.037397 248.000000 184.000000 0.030849 -0.001029 3.000000
0.055218 249.777802 184.000000 0.061841 -0.001029 3.000000
0.037397 250.666702 183.111099 0.030849 -0.032066 3.000000
0.052672 249.777802 183.111099 -0.031134 -0.001029 3.000000
0.055218 246.222198 186.666702 -0.124108 0.123122 3.000000
0.055218 246.222198 189.333298 -0.000142 0.092080 3.000000
0.019577 246.222198 190.222198 -0.000142 0.030009 3.000000
0.055218 247.111099 191.111099 0.030849 0.030009 3.000000
0.032306 248.000000 191.111099 0.030849 -0.001029 3.000000
0.045035 248.000000 191.111099 -0.000142 -0.001029 3.000000
0.062855 250.666702 192.888901 0.092832 0.061047 3.000000
0.034852 253.333298 192.888901 0.092829 -0.001029 3.000000
0.062855 264.888885 192.000000 0.402743 -0.032066 3.000000
0.047580 273.777802 184.888901 0.309770 -0.249326 3.000000
0.017032 276.444489 181.333298 0.092832 -0.125179 3.000000
0.050126 284.444489 176.000000 0.278778 -0.187250 3.000000
0.067946 300.444489 170.666702 0.557698 -0.187250 3.000000
0.050126 320.888885 168.888901 0.712652 -0.063104 3.000000
0.014486 327.111115 168.888901 0.216796 -0.001029 3.000000
0.047580 336.888885 168.888901 0.340760 -0.001029 3.000000
0.037397 344.000000 170.666702 0.247787 0.061047 3.000000
0.014486 349.333313 172.444397 0.185804 0.061043 3.000000
0.006849 349.333313 172.444397 -0.000142 -0.001029 0.000000
0.001757 352.000000 173.333298 0.092832 0.030009 0.000000
0.017032 354.666687 174.222198 0.092832 0.030009 0.000000
-0.003334 356.444489 175.111099 0.061841 0.030009 0.000000
0.011940 359.111115 176.000000 0.092830 0.030009 0.000000
0.001757 359.111115 176.000000 -0.000142 -0.001029 0.000000
-0.000788 361.777802 177.777802 0.092832 0.061047 0.000000
0.022123 368.888885 180.444397 0.247786 0.092080 0.000000
0.006849 368.888885 180.444397 -0.000142 -0.001029 0.000000
0.022123 377.777802 184.888901 0.309770 0.154159 0.000000
0.006849 382.222198 187.555603 0.154812 0.092084 0.000000
0.029760 386.666687 190.222198 0.154815 0.092080 0.000000
0.009394 391.111115 192.888901 0.154813 0.092084 0.000000
0.027215 399.111115 195.555603 0.278778 0.092084 0.000000
0.006849 402.666687 196.444397 0.123823 0.030005 0.000000
0.006849 405.333313 196.444397 0.092830 -0.001029 0.000000
0.011940 407.111115 194.666702 0.061841 -0.063100 0.000000
0.027215 408.888885 192.000000 0.061840 -0.094141 0.000000
0.001757 408.888885 187.555603 -0.000142 -0.156213 0.000000
0.004303 408.888885 183.111099 -0.000142 -0.156217 0.000000
0.011940 408.000000 178.666702 -0.031133 -0.156213 0.000000
0.022123 406.222198 175.111099 -0.062125 -0.125179 0.000000
0.004303 403.555511 171.555603 -0.093116 -0.125175 0.000000
0.019577 396.444489 163.555603 -0.248068 -0.280363 0.000000
0.009394 392.000000 159.111099 -0.155099 -0.156217 0.000000
0.019577 387.555511 154.666702 -0.155099 -0.156213 1.000000
0.024669 375.111115 143.111099 -0.434016 -0.404514 2.000000
0.006849 375.111115 143.111099 -0.000142 -0.001029 2.000000
0.024669 363.555511 131.555603 -0.403028 -0.404510 2.000000
0.027215 358.222198 126.222198 -0.186088 -0.187254 2.000000
0.034852 346.666687 118.222198 -0.403025 -0.280363 2.000000
0.062855 329.777802 108.444397 -0.588973 -0.342438 2.000000
0.047580 316.444489 101.333298 -0.465008 -0.249326 2.000000
0.006849 312.888885 98.666656 -0.124108 -0.094139 0.000000
0.024669 310.222198 96.888893 -0.093116 -0.063102 0.000000
0.042489 307.555511 96.000000 -0.093116 -0.032066 0.000000
0.001757 307.555511 96.000000 -0.000142 -0.001029 0.000000
0.011940 306.666687 96.000000 -0.031131 -0.001029 0.000000
0.050126 306.666687 103.111099 -0.000142 0.247268 0.000000
0.034852 304.888885 114.666702 -0.062125 0.402456 0.000000
0.029760 300.444489 125.333298 -0.155096 0.371415 0.000000
0.024669 298.666687 129.777802 -0.062125 0.154159 2.000000
0.009394 296.000000 133.333298 -0.093116 0.123118 2.000000
0.070492 290.666687 139.555603 -0.186088 0.216235 2.000000
0.050126 286.222198 144.000000 -0.155099 0.154156 2.000000
0.006849 284.444489 145.777802 -0.062122 0.061047 2.000000
0.024669 280.888885 146.666702 -0.124108 0.030009 2.000000
0.065400 276.444489 148.444397 -0.155096 0.061043 2.000000
0.034852 263.111115 152.888901 -0.465010 0.154159 2.000000
0.022123 255.111099 155.555603 -0.279063 0.092084 1.000000
-0.003334 245.333298 158.222198 -0.341045 0.092080 0.000000
-0.059340 224.888901 164.444397 -0.712936 0.216231 0.000000
0.004303 224.888901 164.444397 -0.000142 -0.001029 0.000000
-0.041520 206.222198 170.666702 -0.650957 0.216235 0.000000
0.073038 193.777802 174.222198 -0.434016 0.123118 0.000000
0.006849 193.777802 174.222198 -0.000142 -0.001029 0.000000
0.029760 182.222198 175.111099 -0.403028 0.030009 0.000000
0.004303 182.222198 175.111099 -0.000142 -0.001029 0.000000
0.029760 177.777802 169.777802 -0.155096 -0.187250 0.000000
0.027215 173.333298 164.444397 -0.155100 -0.187254 0.000000
0.029760 171.555603 162.666702 -0.062121 -0.063100 2.000000
0.019577 169.777802 160.888901 -0.062125 -0.063104 2.000000
0.027215 166.222198 159.111099 -0.124108 -0.063104 2.000000
0.034852 162.666702 158.222198 -0.124105 -0.032066 2.000000
0.014486 161.777802 157.333298 -0.031134 -0.032066 2.000000
0.024669 160.000000 153.777802 -0.062125 -0.125175 2.000000
0.034852 159.111099 146.666702 -0.031134 -0.249326 2.000000
0.029760 158.222198 142.222198 -0.031134 -0.156217 2.000000
0.011940 157.333298 137.777802 -0.031134 -0.156213 2.000000
0.034852 157.333298 128.000000 -0.000142 -0.342438 1.000000
0.006849 157.333298 128.000000 -0.000142 -0.001029 1.000000
0.067946 160.000000 118.222198 0.092832 -0.342438 0.000000
0.034852 164.444397 108.444397 0.154812 -0.342438 0.000000
0.052672 173.333298 90.666656 0.309769 -0.621771 0.000000
0.045035 176.888901 81.777779 0.123824 -0.311400 0.000000
0.039943 178.666702 78.222221 0.061841 -0.125177 0.000000
0.004303 178.666702 78.222221 -0.000142 -0.001029 0.000000
0.019577 178.666702 78.222221 -0.000142 -0.001029 2.000000
0.042489 176.888901 81.777779 -0.062125 0.123120 2.000000
0.045035 176.000000 91.555557 -0.031134 0.340380 2.000000
0.045035 185.777802 113.777802 0.340761 0.774902 2.000000
0.057763 195.555603 129.777802 0.340761 0.557641 2.000000
0.039943 210.666702 152.000000 0.526706 0.774900 1.000000
0.037397 219.555603 167.111099 0.309769 0.526603 0.000000
0.006849 219.555603 167.111099 -0.000142 -0.001029 0.000000
-0.005880 223.111099 174.222198 0.123820 0.247268 0.000000
0.014486 225.777802 180.444397 0.092832 0.216231 0.000000
-0.000788 225.777802 180.444397 -0.000142 -0.001029 0.000000
0.004303 229.333298 186.666702 0.123820 0.216235 0.000000
0.019577 234.666702 195.555603 0.185807 0.309344 0.000000
0.006849 234.666702 195.555603 -0.000142 -0.001029 0.000000
0.019577 236.444397 198.222198 0.061837 0.092080 0.000000
0.006849 236.444397 199.111099 -0.000142 0.030009 0.000000
0.022123 236.444397 200.000000 -0.000142 0.030009 0.000000
0.006849 234.666702 201.777802 -0.062121 0.061047 0.000000
0.024669 229.333298 208.000000 -0.186091 0.216231 0.000000
0.027215 225.777802 211.555603 -0.124105 0.123122 0.000000
0.014486 223.111099 216.000000 -0.093117 0.154156 1.000000
0.024669 216.888901 224.000000 -0.217079 0.278306 2.000000
0.019577 214.222198 228.444397 -0.093117 0.154156 2.000000
0.070492 208.000000 243.555603 -0.217079 0.526607 2.000000
0.022123 201.777802 258.666687 -0.217079 0.526603 2.000000
0.052672 192.000000 277.333313 -0.341045 0.650751 2.000000
0.042489 177.777802 296.888885 -0.495999 0.681790 2.000000
0.042489 157.333298 323.555511 -0.712940 0.930085 1.000000
0.039943 146.666702 335.111115 -0.372033 0.402456 0.000000
0.001757 146.666702 335.111115 -0.000142 -0.001029 0.000000
0.001757 143.111099 339.555511 -0.124108 0.154156 0.000000
0.014486 140.444397 342.222198 -0.093117 0.092084 0.000000
0.001757 137.777802 344.000000 -0.093113 0.061047 0.000000
0.014486 136.000000 346.666687 -0.062125 0.092084 0.000000
0.001757 134.222198 348.444489 -0.062125 0.061047 0.000000
0.004303 134.222198 348.444489 -0.000142 -0.001029 0.000000
0.014486 132.444397 350.222198 -0.062125 0.061043 0.000000
0.001757 131.555603 351.111115 -0.031130 0.030010 0.000000
0.014486 129.777802 352.888885 -0.062125 0.061046 0.000000
-0.000788 129.777802 352.888885 -0.000142 -0.001029 0.000000
-0.000788 129.777802 352.888885 -0.000142 -0.001029 0.000000
0.011940 129.777802 352.000000 -0.000142 -0.032066 1.000000
0.001757 129.777802 352.000000 -0.000142 -0.001029 1.000000
-0.000788 129.777802 347.555511 -0.000142 -0.156216 2.000000
0.014486 131.555603 341.333313 0.061841 -0.218288 2.000000
0.001757 134.222198 333.333313 0.092829 -0.280363 2.000000
0.014486 138.666702 323.555511 0.154815 -0.342438 2.000000
0.050126 151.111099 306.666687 0.433732 -0.590733 2.000000
0.032306 166.222198 295.111115 0.526706 -0.404512 2.000000
0.047580 188.444397 285.333313 0.774635 -0.342438 2.000000
0.017032 194.666702 283.555511 0.216799 -0.063104 1.000000
0.014486 201.777802 283.555511 0.247786 -0.001029 1.000000
0.047580 216.000000 283.555511 0.495715 -0.001029 1.000000
0.017032 223.111099 284.444489 0.247786 0.030012 0.000000
0.011940 236.444397 288.888885 0.464723 0.154156 0.000000
0.014486 242.666702 292.444489 0.216799 0.123122 0.000000
0.011940 248.000000 296.000000 0.185803 0.123119 0.000000
-0.003334 248.000000 296.000000 -0.000142 -0.001029 0.000000
0.014486 256.888885 303.111115 0.309769 0.247269 0.000000
-0.003334 256.888885 303.111115 -0.000142 -0.001029 0.000000
-0.000788 261.333313 305.777802 0.154813 0.092084 0.000000
0.011940 264.888885 308.444489 0.123823 0.092084 0.000000
-0.000788 264.888885 308.444489 -0.000142 -0.001029 0.000000
-0.000788 268.444489 310.222198 0.123824 0.061043 0.000000
0.014486 272.888885 311.111115 0.154812 0.030010 0.000000
-0.003334 277.333313 311.111115 0.154813 -0.001029 0.000000
0.001757 277.333313 311.111115 -0.000142 -0.001029 1.000000
0.011940 281.777802 311.111115 0.154815 -0.001029 2.000000
0.001757 287.111115 311.111115 0.185804 -0.001029 2.000000
-0.003334 292.444489 310.222198 0.185806 -0.032067 2.000000
0.017032 296.888885 308.444489 0.154812 -0.063101 2.000000
0.006849 302.222198 307.555511 0.185804 -0.032069 2.000000
0.014486 307.555511 305.777802 0.185804 -0.063101 2.000000
0.006849 312.000000 304.888885 0.154815 -0.032067 2.000000
0.022123 317.333313 303.111115 0.185804 -0.063103 2.000000
0.004303 322.666687 302.222198 0.185806 -0.032067 2.000000
0.022123 332.444489 301.333313 0.340761 -0.032066 2.000000
0.001757 332.444489 301.333313 -0.000142 -0.001029 2.000000
0.017032 340.444489 300.444489 0.278778 -0.032063 2.000000
-0.000788 340.444489 300.444489 -0.000142 -0.001029 2.000000
0.006849 344.888885 300.444489 0.154812 -0.001029 1.000000
0.014486 348.444489 300.444489 0.123824 -0.001029 1.000000
0.006849 352.000000 300.444489 0.123821 -0.001029 0.000000
0.014486 355.555511 301.333313 0.123821 0.030006 0.000000
0.001757 359.111115 302.222198 0.123824 0.030009 0.000000
0.017032 363.555511 302.222198 0.154812 -0.001029 0.000000
0.001757 367.111115 302.222198 0.123824 -0.001029 0.000000
0.006849 371.555511 302.222198 0.154812 -0.001029 0.000000
0.009394 371.555511 302.222198 -0.000142 -0.001029 0.000000
0.004303 381.333313 301.333313 0.340761 -0.032066 0.000000
0.011940 385.777802 299.555511 0.154815 -0.063104 0.000000
-0.003334 385.777802 299.555511 -0.000142 -0.001029 0.000000
0.001757 390.222198 298.666687 0.154812 -0.032063 0.000000
0.011940 393.777802 296.888885 0.123824 -0.063104 0.000000
-0.000788 396.444489 296.000000 0.092832 -0.032066 0.000000
0.004303 396.444489 296.000000 -0.000142 -0.001029 0.000000
0.014486 400.000000 295.111115 0.123821 -0.032066 0.000000
0.001757 402.666687 294.222198 0.092832 -0.032067 0.000000
0.014486 406.222198 293.333313 0.123821 -0.032066 0.000000
0.001757 408.888885 292.444489 0.092832 -0.032063 0.000000
0.001757 412.444489 291.555511 0.123824 -0.032069 0.000000
0.011940 415.111115 289.777802 0.092830 -0.063101 0.000000
-0.003334 415.111115 289.777802 -0.000142 -0.001029 0.000000
0.017032 420.444489 285.333313 0.185806 -0.156216 0.000000
-0.000788 420.444489 285.333313 -0.000142 -0.001029 0.000000
0.006849 422.222198 280.888885 0.061838 -0.156214 0.000000
0.014486 423.111115 274.666687 0.030850 -0.218288 0.000000
0.009394 423.111115 266.666687 -0.000142 -0.280363 0.000000
0.014486 422.222198 257.777802 -0.031134 -0.311400 0.000000
0.045035 415.111115 235.555603 -0.248070 -0.776957 2.000000
0.039943 408.888885 224.888901 -0.217080 -0.373476 2.000000
0.055218 401.777802 215.111099 -0.248070 -0.342438 2.000000
0.037397 392.888885 203.555603 -0.310054 -0.404510 2.000000
0.039943 384.888885 190.222198 -0.279062 -0.466589 2.000000
0.060309 374.222198 174.222198 -0.372036 -0.559698 2.000000
0.009394 371.555511 172.444397 -0.093116 -0.063104 2.000000
0.011940 369.777802 170.666702 -0.062122 -0.063100 2.000000
0.001757 367.111115 170.666702 -0.093116 -0.001029 1.000000
0.014486 365.333313 170.666702 -0.062125 -0.001029 1.000000
0.001757 362.666687 171.555603 -0.093114 0.030009 0.000000
0.004303 362.666687 171.555603 -0.000142 -0.001029 0.000000
0.011940 356.444489 175.111099 -0.217079 0.123118 0.000000
0.004303 356.444489 175.111099 -0.000142 -0.001029 0.000000
0.011940 353.777802 176.888901 -0.093116 0.061047 0.000000
0.004303 351.111115 177.777802 -0.093116 0.030009 0.000000
0.001757 348.444489 178.666702 -0.093114 0.030009 0.000000
0.011940 345.777802 179.555603 -0.093116 0.030009 0.000000
0.006849 344.000000 179.555603 -0.062125 -0.001029 0.000000
0.011940 342.222198 180.444397 -0.062125 0.030005 0.000000
0.001757 341.333313 182.222198 -0.031133 0.061047 0.000000
0.019577 340.444489 184.000000 -0.031131 0.061047 0.000000
0.004303 340.444489 186.666702 -0.000142 0.092084 0.000000
0.022123 342.222198 194.666702 0.061838 0.278306 2.000000
0.045035 345.777802 198.222198 0.123824 0.123118 2.000000
0.065400 360.000000 206.222198 0.495715 0.278306 2.000000
0.037397 372.444489 207.111099 0.433735 0.030009 2.000000
0.042489 387.555511 204.444397 0.526704 -0.094141 2.000000
0.039943 402.666687 197.333298 0.526709 -0.249326 2.000000
0.045035 427.555511 176.888901 0.867607 -0.714882 1.000000
0.001757 427.555511 176.888901 -0.000142 -0.001029 1.000000
0.004303 436.444489 168.000000 0.309772 -0.311401 1.000000
0.011940 444.444489 157.333298 0.278778 -0.373476 0.000000
0.001757 450.666687 147.555603 0.216795 -0.342435 0.000000
0.017032 455.111115 139.555603 0.154813 -0.280363 0.000000
0.004303 457.777802 132.444397 0.092832 -0.249329 0.000000
0.017032 459.555511 127.111099 0.061838 -0.187250 0.000000
0.001757 459.555511 123.555603 -0.000142 -0.125175 0.000000
0.004303 459.555511 120.000000 -0.000142 -0.125179 0.000000
0.011940 457.777802 117.333298 -0.062122 -0.094141 0.000000
0.001757 457.777802 117.333298 -0.000142 -0.001029 0.000000
0.014486 453.333313 113.777802 -0.155099 -0.125175 0.000000
-0.000788 453.333313 113.777802 -0.000142 -0.001029 0.000000
0.004303 451.555511 112.888901 -0.062125 -0.032066 0.000000
0.011940 448.888885 112.000000 -0.093114 -0.032066 0.000000
-0.000788 448.000000 111.111099 -0.031133 -0.032066 0.000000
0.017032 446.222198 110.222198 -0.062125 -0.032066 1.000000
0.001757 444.444489 109.333298 -0.062122 -0.032066 1.000000
0.034852 440.888885 105.777802 -0.124108 -0.125175 2.000000
0.034852 438.222198 104.000000 -0.093116 -0.063104 2.000000
0.055218 426.666687 96.888893 -0.403025 -0.249326 2.000000
0.047580 417.777802 93.333344 -0.310053 -0.125177 2.000000
0.034852 407.111115 89.777779 -0.372036 -0.125178 2.000000
0.001757 400.888885 88.000000 -0.217080 -0.063103 1.000000
0.034852 386.666687 84.444443 -0.495999 -0.125177 1.000000
0.034852 371.555511 82.666656 -0.526993 -0.063103 0.000000
0.001757 371.555511 82.666656 -0.000142 -0.001029 0.000000
0.004303 364.444489 82.666656 -0.248068 -0.001029 0.000000
0.014486 358.222198 82.666656 -0.217082 -0.001029 0.000000
0.001757 353.777802 83.555557 -0.155096 0.030009 0.000000
0.014486 349.333313 84.444443 -0.155099 0.030009 0.000000
0.001757 346.666687 85.333344 -0.093114 0.030009 0.000000
0.001757 346.666687 85.333344 -0.000142 -0.001029 0.000000
0.011940 342.222198 86.222221 -0.155099 0.030008 0.000000
0.004303 342.222198 86.222221 -0.000142 -0.001029 0.000000
0.014486 338.666687 87.111107 -0.124105 0.030009 0.000000
-0.000788 338.666687 87.111107 -0.000142 -0.001029 0.000000
0.004303 336.000000 87.111107 -0.093116 -0.001029 0.000000
0.019577 332.444489 88.000000 -0.124105 0.030009 0.000000
0.009394 324.444489 89.777779 -0.279062 0.061046 1.000000
0.014486 324.444489 89.777779 -0.000142 -0.001029 1.000000
0.006849 320.000000 91.555557 -0.155099 0.061046 1.000000
0.022123 312.000000 93.333344 -0.279062 0.061046 2.000000
0.017032 309.333313 95.111107 -0.093116 0.061045 2.000000
0.011940 306.666687 96.000000 -0.093114 0.030009 2.000000
0.014486 303.111115 97.777779 -0.124107 0.061046 2.000000
0.009394 303.111115 97.777779 -0.000142 -0.001029 2.000000
0.022123 297.777802 99.555557 -0.186088 0.061046 2.000000
0.004303 297.777802 99.555557 -0.000142 -0.001029 2.000000
0.022123 288.888885 102.222198 -0.310054 0.092082 2.000000
0.001757 283.555511 104.000000 -0.186090 0.061047 2.000000
0.024669 276.444489 106.666702 -0.248068 0.092084 1.000000
0.004303 269.333313 109.333298 -0.248073 0.092080 1.000000
0.024669 256.000000 113.777802 -0.465008 0.154159 1.000000
0.006849 256.000000 113.777802 -0.000142 -0.001029 0.000000
0.019577 247.111099 114.666702 -0.310054 0.030009 0.000000
0.039943 242.666702 112.888901 -0.155096 -0.063104 0.000000
0.060309 240.888901 103.111099 -0.062125 -0.342438 0.000000
0.034852 240.000000 98.666656 -0.031134 -0.156214 0.000000
0.039943 234.666702 85.333344 -0.186088 -0.466585 0.000000
0.062855 224.888901 78.222221 -0.341045 -0.249326 0.000000
0.039943 212.444397 72.888893 -0.434020 -0.187251 2.000000
0.001757 205.333298 71.111107 -0.248071 -0.063103 2.000000
0.017032 200.000000 68.444443 -0.186088 -0.094140 2.000000
0.055218 185.777802 63.111111 -0.495999 -0.187252 2.000000
0.039943 177.777802 61.333328 -0.279062 -0.063103 2.000000
0.037397 173.333298 59.555561 -0.155100 -0.063103 2.000000
0.004303 173.333298 59.555561 -0.000142 -0.001029 2.000000
0.037397 172.444397 59.555561 -0.031134 -0.001029 1.000000
0.029760 172.444397 60.444439 -0.000142 0.030008 0.000000
0.055218 179.555603 68.444443 0.247790 0.278306 0.000000
0.004303 182.222198 70.222221 0.092829 0.061046 0.000000
0.014486 184.000000 72.888893 0.061841 0.092083 0.000000
0.001757 184.000000 72.888893 -0.000142 -0.001029 0.000000
0.001757 185.777802 73.777779 0.061841 0.030009 0.000000
0.017032 186.666702 75.555557 0.030849 0.061046 0.000000
0.001757 186.666702 76.444443 -0.000142 0.030009 0.000000
0.014486 187.555603 77.333344 0.030849 0.030009 0.000000
0.001757 187.555603 77.333344 -0.000142 -0.001029 0.000000
0.014486 187.555603 78.222221 -0.000142 0.030008 0.000000
-0.000788 187.555603 78.222221 -0.000142 -0.001029 0.000000
0.004303 187.555603 78.222221 -0.000142 -0.001029 0.000000
0.014486 187.555603 78.222221 -0.000142 -0.001029 1.000000
0.004303 187.555603 78.222221 -0.000142 -0.001029 1.000000
0.019577 187.555603 78.222221 -0.000142 -0.001029 2.000000
0.006849 187.555603 78.222221 -0.000142 -0.001029 2.000000
0.022123 185.777802 78.222221 -0.062125 -0.001029 2.000000
