0.070492 72.888893 231.111099 0.216796 0.030009 1.000000
0.001757 73.777779 233.777802 0.030849 0.092084 0.000000
0.001757 73.777779 238.222198 -0.000142 0.154156 0.000000
0.060309 73.777779 248.888901 -0.000142 0.371419 0.000000
0.022123 73.777779 258.666687 -0.000142 0.340381 0.000000
0.052672 73.777779 268.444489 -0.000142 0.340381 0.000000
0.050126 72.888893 294.222198 -0.031133 0.899047 0.000000
0.055218 71.111107 319.111115 -0.062125 0.868013 0.000000
-0.000788 69.333344 333.333313 -0.062124 0.495565 0.000000
0.004303 67.555557 346.666687 -0.062125 0.464531 2.000000
0.045035 64.888893 368.888885 -0.093115 0.774900 2.000000
0.047580 64.000000 379.555511 -0.031133 0.371416 2.000000
0.050126 66.666656 379.555511 0.092831 -0.001029 2.000000
0.067946 100.444397 343.111115 1.177519 -1.273551 2.000000
0.001757 100.444397 343.111115 -0.000142 -0.001029 2.000000
0.014486 134.222198 306.666687 1.177521 -1.273552 2.000000
0.001757 134.222198 306.666687 -0.000142 -0.001029 2.000000
0.006849 154.666702 285.333313 0.712655 -0.745922 2.000000
0.019577 200.000000 245.333298 1.580403 -1.397702 0.000000
0.004303 200.000000 245.333298 -0.000142 -0.001029 0.000000
0.017032 223.111099 229.333298 0.805626 -0.559698 0.000000
-0.000788 244.444397 217.777802 0.743643 -0.404510 0.000000
0.014486 264.000000 208.888901 0.681664 -0.311401 0.000000
0.001757 280.000000 202.666702 0.557698 -0.218288 0.000000
0.004303 294.222198 199.111099 0.495715 -0.125179 0.000000
0.017032 304.888885 195.555603 0.371752 -0.125175 0.000000
0.006849 312.888885 192.888901 0.278778 -0.094141 0.000000
0.014486 318.222198 191.111099 0.185804 -0.063104 0.000000
0.001757 320.888885 189.333298 0.092832 -0.063104 0.000000
0.019577 321.777802 186.666702 0.030850 -0.094138 0.000000
0.027215 320.000000 179.555603 -0.062125 -0.249326 0.000000
0.039943 315.555511 175.111099 -0.155099 -0.156217 0.000000
0.067946 296.000000 158.222198 -0.681945 -0.590735 2.000000
0.024669 292.444489 153.777802 -0.124105 -0.156213 2.000000
0.070492 284.444489 139.555603 -0.279062 -0.497623 2.000000
0.037397 278.222198 130.666702 -0.217082 -0.311401 2.000000
0.022123 268.444489 124.444397 -0.341042 -0.218292 2.000000
0.070492 248.000000 122.666702 -0.712939 -0.063100 2.000000
0.001757 241.777802 123.555603 -0.217079 0.030009 1.000000
0.004303 241.777802 123.555603 -0.000142 -0.001029 1.000000
0.017032 231.111099 128.000000 -0.372037 0.154156 0.000000
0.001757 231.111099 128.000000 -0.000142 -0.001029 0.000000
0.067946 220.444397 138.666702 -0.372037 0.371419 0.000000
0.047580 209.777802 165.333298 -0.372033 0.930084 0.000000
0.019577 206.222198 176.888901 -0.124108 0.402456 0.000000
0.065400 200.888901 220.444397 -0.186088 1.519791 0.000000
0.055218 204.444397 264.000000 0.123820 1.519795 0.000000
0.019577 207.111099 275.555511 0.092832 0.402453 0.000000
0.047580 216.888901 296.000000 0.340761 0.712828 2.000000
0.065400 241.777802 311.111115 0.867609 0.526604 2.000000
0.019577 253.333298 311.111115 0.402740 -0.001029 2.000000
0.065400 294.222198 291.555511 1.425449 -0.683848 2.000000
0.050126 324.444489 241.777802 1.053558 -1.739108 2.000000
0.017032 329.777802 216.888901 0.185804 -0.870070 2.000000
0.029760 331.555511 156.444397 0.061838 -2.111559 1.000000
0.001757 331.555511 156.444397 -0.000142 -0.001029 1.000000
0.065400 305.777802 81.777779 -0.898882 -2.608150 0.000000
0.024669 279.111115 64.888893 -0.929876 -0.590735 0.000000
0.047580 240.000000 69.333344 -1.363751 0.154158 0.000000
0.062855 178.666702 114.666702 -2.138528 1.581868 0.000000
0.047580 160.888901 163.555603 -0.619965 1.706017 0.000000
0.019577 160.888901 189.333298 -0.000142 0.899047 0.000000
0.052672 200.888901 248.000000 1.394458 2.047426 0.000000
0.057763 272.888885 263.111115 2.510137 0.526604 0.000000
0.047580 315.555511 246.222198 1.487430 -0.590736 0.000000
0.019577 331.555511 232.000000 0.557698 -0.497623 0.000000
0.050126 350.222198 168.888901 0.650672 -2.204668 0.000000
0.067946 316.444489 108.444397 -1.177802 -2.111559 0.000000
0.017032 296.888885 101.333298 -0.681948 -0.249326 0.000000
0.047580 249.777802 104.888901 -1.642670 0.123122 0.000000
0.050126 185.777802 141.333298 -2.231502 1.271494 0.000000
0.060309 169.777802 175.111099 -0.557982 1.178385 0.000000
0.047580 187.555603 216.888901 0.619681 1.457720 0.000000
0.042489 223.111099 230.222198 1.239500 0.464528 0.000000
0.050126 264.000000 228.444397 1.425449 -0.063104 0.000000
0.017032 296.000000 214.222198 1.115538 -0.497623 0.000000
0.045035 309.333313 192.888901 0.464724 -0.745920 0.000000
0.047580 303.111115 170.666702 -0.217079 -0.776957 0.000000
0.047580 260.444489 160.888901 -1.487714 -0.342438 0.000000
0.060309 219.555603 176.000000 -1.425733 0.526603 0.000000
0.045035 184.888901 197.333298 -1.208797 0.743862 0.000000
0.047580 189.333298 205.333298 0.154812 0.278306 0.000000
0.045035 213.333298 206.222198 0.836618 0.030009 0.000000
0.042489 248.888901 193.777802 1.239504 -0.435547 0.000000
0.045035 280.000000 176.000000 1.084546 -0.621773 0.000000
0.045035 294.222198 158.222198 0.495715 -0.621773 0.000000
0.047580 280.888885 157.333298 -0.465008 -0.032066 0.000000
0.045035 250.666702 173.333298 -1.053838 0.557641 0.000000
0.047580 216.888901 200.000000 -1.177805 0.930088 0.000000
0.017032 197.333298 224.000000 -0.681948 0.836975 0.000000
0.047580 198.222198 240.000000 0.030849 0.557641 0.000000
0.073038 234.666702 244.444397 1.270495 0.154156 0.000000
0.014486 252.444397 237.333298 0.619677 -0.249326 0.000000
0.047580 304.000000 202.666702 1.797344 -1.211476 0.000000
0.047580 320.888885 178.666702 0.588689 -0.839032 0.000000
0.045035 314.666687 159.111099 -0.217079 -0.683848 0.000000
0.047580 288.888885 154.666702 -0.898885 -0.156213 0.000000
0.055218 227.555603 183.111099 -2.138527 0.992159 0.000000
0.034852 191.111099 208.888901 -1.270780 0.899050 0.000000
0.057763 180.444397 229.333298 -0.372037 0.712825 0.000000
0.047580 207.111099 228.444397 0.929592 -0.032066 0.000000
0.029760 227.555603 221.333298 0.712655 -0.249326 0.000000
0.042489 296.888885 185.777802 2.417163 -1.242514 0.000000
0.057763 327.111115 157.333298 1.053556 -0.994220 0.000000
0.047580 316.444489 151.111099 -0.372034 -0.218288 0.000000
0.047580 286.222198 160.888901 -1.053842 0.340381 0.000000
0.045035 248.888901 184.888901 -1.301768 0.836975 0.000000
0.042489 220.444397 208.000000 -0.991860 0.805938 0.000000
0.045035 221.333298 225.777802 0.030849 0.619716 0.000000
0.034852 232.888901 225.777802 0.402744 -0.001029 0.000000
0.062855 280.000000 206.222198 1.642386 -0.683848 0.000000
0.039943 304.888885 186.666702 0.867609 -0.683844 0.000000
0.050126 304.888885 163.555603 -0.000142 -0.807995 0.000000
0.045035 280.888885 161.777802 -0.836902 -0.063104 0.000000
0.047580 248.000000 176.888901 -1.146813 0.526603 0.000000
0.047580 221.333298 196.444397 -0.929877 0.681787 0.000000
0.014486 215.111099 212.444397 -0.217079 0.557641 0.000000
0.045035 232.000000 221.333298 0.588689 0.309344 0.000000
0.047580 264.000000 217.777802 1.115538 -0.125175 0.000000
0.062855 317.333313 191.111099 1.859324 -0.932145 0.000000
0.045035 336.888885 172.444397 0.681663 -0.652811 0.000000
0.045035 322.666687 151.111099 -0.495999 -0.745920 0.000000
0.050126 289.777802 153.777802 -1.146813 0.092084 0.000000
0.045035 250.666702 174.222198 -1.363751 0.712825 0.000000
0.050126 218.666702 198.222198 -1.115822 0.836975 0.000000
0.042489 208.888901 225.777802 -0.341045 0.961126 0.000000
0.014486 216.888901 230.222198 0.278778 0.154156 0.000000
0.047580 246.222198 229.333298 1.022563 -0.032066 0.000000
0.067946 296.888885 208.000000 1.766352 -0.745920 0.000000
0.052672 313.777802 198.222198 0.588690 -0.342438 0.000000
0.014486 310.222198 194.666702 -0.124108 -0.125175 0.000000
0.047580 290.666687 198.222198 -0.681945 0.123118 0.000000
0.065400 249.777802 216.000000 -1.425733 0.619716 0.000000
0.050126 232.888901 225.777802 -0.588974 0.340381 0.000000
0.042489 229.333298 230.222198 -0.124108 0.154156 0.000000
0.034852 232.000000 230.222198 0.092832 -0.001029 0.000000
0.001757 237.333298 230.222198 0.185803 -0.001029 0.000000
0.009394 242.666702 227.555603 0.185807 -0.094138 0.000000
0.075583 256.888885 215.111099 0.495714 -0.435551 0.000000
0.042489 256.888885 211.555603 -0.000142 -0.125175 0.000000
0.039943 244.444397 193.777802 -0.434019 -0.621773 0.000000
0.037397 224.000000 176.888901 -0.712936 -0.590735 0.000000
0.027215 212.444397 167.111099 -0.403028 -0.342438 0.000000
0.075583 179.555603 136.888901 -1.146810 -1.056292 0.000000
0.034852 160.888901 118.222198 -0.650957 -0.652811 0.000000
0.055218 135.111099 96.888893 -0.898885 -0.745920 3.000000
0.034852 116.444397 89.777779 -0.650957 -0.249326 3.000000
0.052672 95.111107 91.555557 -0.743927 0.061046 3.000000
0.019577 74.666656 101.333298 -0.712938 0.340379 3.000000
0.062855 56.888889 117.333298 -0.619964 0.557641 3.000000
0.022123 54.222221 120.000000 -0.093116 0.092084 3.000000
0.009394 53.333328 120.888901 -0.031133 0.030009 3.000000
0.050126 53.333328 123.555603 -0.000142 0.092084 0.000000
0.037397 56.888889 128.000000 0.123822 0.154156 0.000000
0.055218 64.888893 137.777802 0.278778 0.340381 0.000000
0.032306 69.333344 142.222198 0.154814 0.154156 0.000000
0.022123 80.000000 148.444397 0.371751 0.216231 3.000000
0.014486 86.222221 152.000000 0.216796 0.123122 3.000000
0.037397 100.444397 157.333298 0.495714 0.185193 2.000000
0.027215 113.777802 162.666702 0.464727 0.185197 2.000000
0.011940 121.777802 165.333298 0.278778 0.092080 2.000000
-0.000788 121.777802 165.333298 -0.000142 -0.001029 2.000000
0.014486 138.666702 171.555603 0.588689 0.216235 2.000000
0.006849 138.666702 171.555603 -0.000142 -0.001029 2.000000
-0.000788 148.444397 173.333298 0.340757 0.061043 2.000000
0.014486 158.222198 175.111099 0.340761 0.061047 2.000000
-0.000788 167.111099 176.000000 0.309769 0.030009 2.000000
0.014486 176.888901 176.000000 0.340761 -0.001029 2.000000
0.004303 185.777802 176.000000 0.309769 -0.001029 1.000000
0.004303 193.777802 174.222198 0.278778 -0.063104 1.000000
0.014486 200.888901 172.444397 0.247786 -0.063104 1.000000
0.004303 208.888901 169.777802 0.278778 -0.094138 0.000000
0.017032 216.000000 167.111099 0.247786 -0.094141 0.000000
0.004303 216.000000 167.111099 -0.000142 -0.001029 0.000000
0.014486 232.888901 162.666702 0.588689 -0.156213 0.000000
0.004303 240.888901 160.888901 0.278778 -0.063104 0.000000
0.014486 248.000000 160.000000 0.247786 -0.032066 0.000000
0.057763 259.555511 166.222198 0.402741 0.216231 0.000000
0.037397 259.555511 172.444397 -0.000142 0.216231 0.000000
0.024669 250.666702 187.555603 -0.310050 0.526607 0.000000
0.042489 239.111099 201.777802 -0.403028 0.495565 2.000000
0.011940 234.666702 207.111099 -0.155096 0.185193 2.000000
0.037397 232.000000 212.444397 -0.093117 0.185193 2.000000
0.045035 236.444397 212.444397 0.154812 -0.001029 2.000000
0.042489 249.777802 203.555603 0.464727 -0.311397 2.000000
0.029760 267.555511 188.444397 0.619678 -0.528664 2.000000
0.014486 276.444489 178.666702 0.309772 -0.342435 2.000000
0.011940 287.111115 168.888901 0.371750 -0.342438 2.000000
0.019577 307.555511 147.555603 0.712652 -0.745920 0.000000
0.009394 307.555511 147.555603 -0.000142 -0.001029 0.000000
0.014486 328.000000 126.222198 0.712655 -0.745923 0.000000
0.009394 336.000000 116.444397 0.278778 -0.342438 0.000000
0.067946 344.888885 91.555557 0.309769 -0.870068 0.000000
0.039943 344.888885 81.777779 -0.000142 -0.342438 0.000000
0.027215 344.000000 79.111107 -0.031133 -0.094140 0.000000
0.067946 344.888885 75.555557 0.030849 -0.125177 2.000000
0.029760 348.444489 74.666656 0.123824 -0.032066 2.000000
0.055218 362.666687 68.444443 0.495715 -0.218288 2.000000
0.052672 370.666687 62.222221 0.278778 -0.218289 2.000000
0.004303 373.333313 58.666672 0.092830 -0.125177 2.000000
0.019577 375.111115 54.222221 0.061841 -0.156215 2.000000
0.039943 377.777802 45.333328 0.092832 -0.311400 2.000000
0.001757 377.777802 41.777779 -0.000142 -0.125177 2.000000
0.022123 376.888885 35.555561 -0.031134 -0.218289 0.000000
0.039943 374.222198 32.888889 -0.093116 -0.094140 0.000000
0.060309 371.555511 31.111111 -0.093116 -0.063103 0.000000
0.042489 364.444489 31.111111 -0.248068 -0.001029 0.000000
0.037397 352.000000 39.111111 -0.434019 0.278306 0.000000
0.037397 339.555511 58.666672 -0.434019 0.681790 0.000000
0.065400 334.222198 96.888893 -0.186088 1.333570 0.000000
0.011940 338.666687 108.444397 0.154815 0.402453 2.000000
0.014486 355.555511 129.777802 0.588687 0.743866 2.000000
0.004303 355.555511 129.777802 -0.000142 -0.001029 2.000000
0.011940 365.333313 140.444397 0.340761 0.371415 2.000000
-0.000788 376.000000 152.000000 0.371752 0.402456 2.000000
0.004303 386.666687 163.555603 0.371752 0.402456 2.000000
0.011940 398.222198 176.000000 0.402741 0.433490 2.000000
0.001757 409.777802 188.444397 0.402744 0.433490 2.000000
0.014486 420.444489 202.666702 0.371752 0.495569 2.000000
-0.000788 420.444489 202.666702 -0.000142 -0.001029 2.000000
0.001757 430.222198 216.888901 0.340758 0.495565 2.000000
0.014486 438.222198 230.222198 0.278778 0.464528 2.000000
0.004303 443.555511 243.555603 0.185804 0.464532 2.000000
0.017032 445.333313 255.111099 0.061841 0.402453 2.000000
-0.000788 445.333313 264.000000 -0.000142 0.309344 1.000000
0.004303 442.666687 270.222198 -0.093114 0.216231 1.000000
0.014486 436.444489 274.666687 -0.217079 0.154159 1.000000
0.004303 429.333313 276.444489 -0.248073 0.061047 0.000000
0.011940 421.333313 276.444489 -0.279062 -0.001029 0.000000
0.037397 404.444489 268.444489 -0.588971 -0.280363 0.000000
0.057763 390.222198 251.555603 -0.496002 -0.590735 0.000000
0.037397 377.777802 225.777802 -0.434016 -0.901108 0.000000
0.055218 357.333313 171.555603 -0.712939 -1.894296 0.000000
0.037397 336.000000 136.888901 -0.743928 -1.211480 0.000000
0.037397 308.444489 112.888901 -0.960865 -0.839032 1.000000
0.001757 308.444489 112.888901 -0.000142 -0.001029 1.000000
0.006849 295.111115 104.888901 -0.465010 -0.280363 2.000000
0.019577 272.000000 94.222221 -0.805911 -0.373475 2.000000
0.001757 272.000000 94.222221 -0.000142 -0.001029 2.000000
0.017032 256.888885 85.333344 -0.526991 -0.311400 2.000000
0.001757 256.888885 85.333344 -0.000142 -0.001029 2.000000
0.014486 251.555603 81.777779 -0.186087 -0.125178 2.000000
0.001757 247.111099 79.111107 -0.155100 -0.094140 2.000000
0.004303 243.555603 77.333344 -0.124105 -0.063102 2.000000
0.017032 240.000000 77.333344 -0.124108 -0.001029 2.000000
0.009394 236.444397 77.333344 -0.124108 -0.001029 2.000000
0.017032 228.444397 80.000000 -0.279062 0.092083 2.000000
0.004303 228.444397 80.000000 -0.000142 -0.001029 2.000000
0.019577 218.666702 88.000000 -0.341041 0.278306 1.000000
0.004303 218.666702 88.000000 -0.000142 -0.001029 1.000000
0.014486 210.666702 97.777779 -0.279062 0.340380 0.000000
0.024669 208.000000 103.111099 -0.093117 0.185194 0.000000
0.073038 200.888901 127.111099 -0.248071 0.836975 0.000000
0.039943 197.333298 152.888901 -0.124108 0.899050 0.000000
0.042489 192.000000 183.111099 -0.186088 1.054235 0.000000
0.024669 186.666702 210.666702 -0.186088 0.961126 0.000000
0.067946 178.666702 246.222198 -0.279062 1.240456 0.000000
0.039943 171.555603 264.000000 -0.248071 0.619716 1.000000
0.001757 168.000000 271.111115 -0.124108 0.247269 1.000000
0.004303 164.444397 275.555511 -0.124108 0.154156 1.000000
0.037397 161.777802 279.111115 -0.093113 0.123122 2.000000
0.017032 158.222198 282.666687 -0.124108 0.123121 2.000000
0.034852 156.444397 282.666687 -0.062125 -0.001029 2.000000
0.057763 153.777802 272.888885 -0.093113 -0.342438 2.000000
0.032306 149.333298 256.000000 -0.155100 -0.590735 2.000000
0.052672 133.333298 217.777802 -0.557982 -1.335626 2.000000
0.055218 114.666702 186.666702 -0.650953 -1.087329 1.000000
0.027215 93.333344 154.666702 -0.743930 -1.118367 1.000000
0.001757 93.333344 154.666702 -0.000142 -0.001029 0.000000
-0.000788 84.444443 140.444397 -0.310054 -0.497626 0.000000
0.009394 75.555557 128.000000 -0.310053 -0.435547 0.000000
0.050126 61.333328 110.222198 -0.496000 -0.621773 0.000000
0.001757 55.111111 104.888901 -0.217080 -0.187250 0.000000
0.032306 44.444439 100.444397 -0.372036 -0.156217 0.000000
0.017032 39.111111 100.444397 -0.186089 -0.001029 0.000000
0.062855 23.111111 109.333298 -0.557982 0.309344 0.000000
0.050126 16.888889 120.000000 -0.217080 0.371419 0.000000
0.001757 16.888889 124.444397 -0.000142 0.154156 1.000000
0.004303 16.888889 128.888901 -0.000142 0.154159 1.000000
0.014486 17.777781 131.555603 0.030849 0.092084 2.000000
0.032306 22.222219 134.222198 0.154813 0.092080 2.000000
0.050126 24.888889 139.555603 0.092831 0.185197 2.000000
0.014486 25.777781 144.888901 0.030849 0.185193 2.000000
0.065400 24.888889 172.444397 -0.031133 0.961122 2.000000
0.037397 24.000000 191.111099 -0.031133 0.650753 2.000000
0.062855 24.888889 215.111099 0.030849 0.836975 2.000000
0.004303 26.666670 224.000000 0.061840 0.309344 1.000000
0.014486 27.555559 233.777802 0.030849 0.340381 1.000000
0.037397 28.444441 259.555511 0.030849 0.899047 0.000000
0.055218 31.111111 300.444489 0.092831 1.426685 0.000000
0.037397 35.555561 318.222198 0.154814 0.619713 0.000000
0.057763 42.666672 323.555511 0.247787 0.185194 0.000000
0.034852 53.333328 316.444489 0.371751 -0.249323 0.000000
0.034852 68.444443 296.888885 0.526707 -0.683848 0.000000
0.047580 87.111107 267.555511 0.650671 -1.025257 0.000000
0.052672 120.888901 211.555603 1.177521 -1.956368 1.000000
0.047580 145.777802 180.444397 0.867609 -1.087333 1.000000
-0.000788 158.222198 168.000000 0.433732 -0.435547 2.000000
-0.000788 158.222198 168.000000 -0.000142 -0.001029 2.000000
0.011940 169.777802 159.111099 0.402744 -0.311401 2.000000
0.047580 200.000000 147.555603 1.053555 -0.404510 2.000000
0.029760 206.222198 148.444397 0.216795 0.030005 2.000000
0.052672 211.555603 176.888901 0.185807 0.992163 2.000000
0.050126 203.555603 208.888901 -0.279062 1.116310 2.000000
0.029760 194.666702 246.222198 -0.310054 1.302532 0.000000
0.052672 189.333298 304.888885 -0.186091 2.047426 0.000000
0.045035 189.333298 339.555511 -0.000142 1.209420 0.000000
0.001757 189.333298 339.555511 -0.000142 -0.001029 0.000000
0.032306 193.777802 366.222198 0.154815 0.930087 0.000000
0.037397 203.555603 377.777802 0.340761 0.402456 0.000000
0.022123 216.888901 374.222198 0.464723 -0.125179 0.000000
0.027215 236.444397 354.666687 0.681660 -0.683845 0.000000
0.022123 247.111099 339.555511 0.371752 -0.528663 0.000000
0.006849 257.777802 321.777802 0.371752 -0.621770 0.000000
0.027215 269.333313 301.333313 0.402741 -0.714885 1.000000
0.006849 280.888885 280.000000 0.402743 -0.745920 1.000000
0.022123 292.444489 261.333313 0.402744 -0.652810 1.000000
0.011940 304.000000 245.333298 0.402741 -0.559698 2.000000
0.019577 328.000000 222.222198 0.836618 -0.807995 2.000000
0.006849 328.000000 222.222198 -0.000142 -0.001029 2.000000
0.024669 352.888885 208.000000 0.867609 -0.497623 2.000000
0.027215 374.222198 199.111099 0.743644 -0.311401 2.000000
0.004303 374.222198 199.111099 -0.000142 -0.001029 2.000000
0.032306 402.666687 190.222198 0.991575 -0.311401 2.000000
0.060309 419.555511 189.333298 0.588687 -0.032066 2.000000
0.017032 425.777802 190.222198 0.216798 0.030009 2.000000
0.052672 440.888885 206.222198 0.526706 0.557641 2.000000
0.004303 444.444489 213.333298 0.123824 0.247268 0.000000
0.019577 446.222198 220.444397 0.061838 0.247268 0.000000
0.037397 449.777802 236.444397 0.123824 0.557641 0.000000
0.060309 454.222198 265.777802 0.154812 1.023201 0.000000
0.034852 457.777802 285.333313 0.123824 0.681788 0.000000
0.032306 459.555511 294.222198 0.061838 0.309343 0.000000
0.001757 461.333313 300.444489 0.061841 0.216234 0.000000
0.001757 463.111115 305.777802 0.061841 0.185194 0.000000
0.014486 464.000000 309.333313 0.030849 0.123119 0.000000
0.060309 462.222198 312.000000 -0.062125 0.092084 0.000000
0.011940 457.777802 311.111115 -0.155096 -0.032066 1.000000
0.006849 457.777802 311.111115 -0.000142 -0.001029 1.000000
0.042489 432.000000 295.111115 -0.898885 -0.559698 2.000000
0.042489 404.444489 274.666687 -0.960865 -0.714883 2.000000
0.039943 374.222198 246.222198 -1.053842 -0.994220 2.000000
0.047580 341.333313 217.777802 -1.146813 -0.994217 2.000000
0.039943 306.666687 193.777802 -1.208794 -0.839032 2.000000
0.057763 256.000000 171.555603 -1.766636 -0.776957 2.000000
0.009394 240.888901 168.000000 -0.526991 -0.125179 2.000000
0.017032 227.555603 165.333298 -0.465008 -0.094141 2.000000
0.047580 193.777802 168.888901 -1.177805 0.123122 0.000000
0.042489 176.000000 182.222198 -0.619965 0.464528 0.000000
0.034852 167.111099 190.222198 -0.310054 0.278306 0.000000
-0.000788 159.111099 198.222198 -0.279062 0.278306 0.000000
0.001757 152.000000 204.444397 -0.248071 0.216231 0.000000
0.014486 145.777802 210.666702 -0.217079 0.216235 0.000000
0.034852 137.777802 216.000000 -0.279062 0.185193 0.000000
0.055218 135.111099 216.888901 -0.093117 0.030009 0.000000
0.039943 134.222198 209.777802 -0.031134 -0.249326 0.000000
0.047580 131.555603 199.111099 -0.093113 -0.373476 1.000000
0.006849 131.555603 199.111099 -0.000142 -0.001029 1.000000
0.017032 124.444397 186.666702 -0.248074 -0.435547 1.000000
0.004303 119.111099 180.444397 -0.186088 -0.218292 2.000000
0.017032 112.888901 172.444397 -0.217079 -0.280363 2.000000
0.004303 106.666702 164.444397 -0.217079 -0.280363 2.000000
0.019577 102.222198 155.555603 -0.155100 -0.311397 2.000000
0.060309 97.777779 128.888901 -0.155097 -0.932145 2.000000
0.039943 102.222198 118.222198 0.154813 -0.373476 2.000000
0.042489 112.000000 114.666702 0.340761 -0.125175 2.000000
0.039943 128.000000 115.555603 0.557698 0.030009 2.000000
0.042489 152.000000 125.333298 0.836618 0.340378 0.000000
0.001757 166.222198 134.222198 0.495715 0.309344 0.000000
0.004303 182.222198 145.777802 0.557698 0.402456 0.000000
0.014486 200.000000 159.111099 0.619681 0.464528 0.000000
-0.003334 200.000000 159.111099 -0.000142 -0.001029 0.000000
0.001757 216.888901 173.333298 0.588689 0.495565 0.000000
0.014486 232.888901 187.555603 0.557698 0.495569 0.000000
0.001757 247.111099 200.888901 0.495715 0.464528 0.000000
0.014486 257.777802 213.333298 0.371752 0.433490 0.000000
-0.000788 264.888885 225.777802 0.247786 0.433494 0.000000
0.004303 271.111115 239.111099 0.216796 0.464528 0.000000
0.011940 275.555511 252.444397 0.154812 0.464528 0.000000
0.004303 275.555511 252.444397 -0.000142 -0.001029 0.000000
0.019577 280.888885 278.222198 0.185806 0.899050 0.000000
0.004303 280.888885 278.222198 -0.000142 -0.001029 0.000000
0.017032 285.333313 298.666687 0.154813 0.712828 0.000000
0.001757 285.333313 298.666687 -0.000142 -0.001029 0.000000
0.017032 290.666687 312.000000 0.185806 0.464528 0.000000
0.004303 294.222198 317.333313 0.123821 0.185194 1.000000
0.019577 296.888885 320.000000 0.092832 0.092084 1.000000
0.006849 298.666687 322.666687 0.061841 0.092084 2.000000
0.037397 300.444489 323.555511 0.061841 0.030006 2.000000
0.042489 300.444489 322.666687 -0.000142 -0.032063 2.000000
0.039943 300.444489 313.777802 -0.000142 -0.311400 2.000000
0.039943 304.000000 294.222198 0.123821 -0.683848 2.000000
0.039943 312.000000 261.333313 0.278778 -1.149404 2.000000
0.029760 320.888885 216.000000 0.309769 -1.583924 2.000000
0.011940 327.111115 192.000000 0.216796 -0.839032 2.000000
0.004303 333.333313 170.666702 0.216795 -0.745920 2.000000
0.019577 339.555511 152.888901 0.216795 -0.621773 0.000000
0.004303 339.555511 152.888901 -0.000142 -0.001029 0.000000
0.009394 353.777802 129.777802 0.495718 -0.807995 0.000000
-0.000788 353.777802 129.777802 -0.000142 -0.001029 0.000000
0.004303 360.000000 121.777802 0.216795 -0.280363 0.000000
0.014486 367.111115 116.444397 0.247787 -0.187254 0.000000
0.001757 373.333313 112.000000 0.216795 -0.156213 0.000000
0.017032 379.555511 109.333298 0.216795 -0.094141 0.000000
0.001757 386.666687 108.444397 0.247789 -0.032066 0.000000
0.004303 392.000000 108.444397 0.185804 -0.001029 0.000000
0.014486 398.222198 109.333298 0.216795 0.030009 0.000000
0.001757 398.222198 109.333298 -0.000142 -0.001029 0.000000
0.017032 410.666687 121.777802 0.433735 0.433494 0.000000
0.001757 410.666687 121.777802 -0.000142 -0.001029 0.000000
0.001757 416.888885 132.444397 0.216795 0.371415 0.000000
0.011940 422.222198 145.777802 0.185804 0.464532 0.000000
0.004303 426.666687 159.111099 0.154815 0.464528 0.000000
0.014486 430.222198 173.333298 0.123821 0.495565 0.000000
0.004303 433.777802 186.666702 0.123824 0.464532 1.000000
0.014486 437.333313 198.222198 0.123821 0.402453 1.000000
0.004303 439.111115 208.888901 0.061841 0.371419 1.000000
0.004303 440.888885 217.777802 0.061840 0.309344 2.000000
0.011940 443.555511 224.888901 0.092830 0.247268 2.000000
0.039943 448.888885 232.888901 0.185806 0.278306 2.000000
0.052672 454.222198 235.555603 0.185804 0.092084 2.000000
0.037397 462.222198 235.555603 0.278778 -0.001029 2.000000
0.001757 462.222198 235.555603 -0.000142 -0.001029 2.000000
0.014486 464.000000 235.555603 0.061841 -0.001029 2.000000
0.004303 466.666687 235.555603 0.092832 -0.001029 2.000000
0.001757 470.222198 236.444397 0.123821 0.030005 2.000000
0.017032 474.666687 238.222198 0.154815 0.061047 2.000000
0.006849 480.000000 240.888901 0.185804 0.092084 1.000000
0.011940 484.444489 241.777802 0.154815 0.030009 1.000000
0.001757 484.444489 241.777802 -0.000142 -0.001029 1.000000
0.001757 492.444489 242.666702 0.278778 0.030009 0.000000
0.017032 494.222198 242.666702 0.061838 -0.001029 0.000000
-0.000788 494.222198 242.666702 -0.000142 -0.001029 0.000000
0.014486 495.111115 240.000000 0.030850 -0.094141 0.000000
0.004303 495.111115 235.555603 -0.000142 -0.156213 0.000000
0.019577 493.333313 218.666702 -0.062125 -0.590735 0.000000
0.004303 493.333313 218.666702 -0.000142 -0.001029 0.000000
0.022123 487.111115 194.666702 -0.217079 -0.839032 0.000000
0.001757 487.111115 194.666702 -0.000142 -0.001029 0.000000
0.022123 480.888885 163.555603 -0.217080 -1.087329 0.000000
0.039943 472.888885 130.666702 -0.279062 -1.149405 0.000000
0.060309 450.666687 95.111107 -0.774919 -1.242517 0.000000
0.042489 429.333313 78.222221 -0.743930 -0.590735 1.000000
0.045035 409.777802 65.777779 -0.681945 -0.435549 2.000000
0.037397 395.555511 57.777779 -0.496002 -0.280363 2.000000
0.057763 376.888885 49.777779 -0.650954 -0.280363 2.000000
0.034852 363.555511 45.333328 -0.465010 -0.156215 2.000000
0.057763 350.222198 41.777779 -0.465008 -0.125177 2.000000
0.037397 338.666687 40.888889 -0.403025 -0.032066 2.000000
0.055218 328.000000 53.333328 -0.372036 0.433492 0.000000
0.032306 326.222198 62.222221 -0.062125 0.309343 0.000000
0.052672 325.333313 102.222198 -0.031133 1.395644 0.000000
0.039943 326.222198 136.888901 0.030849 1.209423 0.000000
0.004303 326.222198 156.444397 -0.000142 0.681787 0.000000
0.001757 327.111115 175.111099 0.030850 0.650753 0.000000
0.011940 327.111115 192.000000 -0.000142 0.588678 0.000000
0.032306 327.111115 208.000000 -0.000142 0.557641 0.000000
0.052672 324.444489 242.666702 -0.093114 1.209423 0.000000
0.034852 322.666687 252.444397 -0.062125 0.340378 0.000000
0.022123 322.666687 253.333298 -0.000142 0.030009 1.000000
0.014486 321.777802 253.333298 -0.031133 -0.001029 1.000000
0.045035 320.888885 232.000000 -0.031134 -0.745920 2.000000
0.039943 320.888885 201.777802 -0.000142 -1.056292 2.000000
0.004303 320.888885 201.777802 -0.000142 -0.001029 2.000000
0.022123 317.333313 161.777802 -0.124107 -1.397702 2.000000
0.004303 314.666687 140.444397 -0.093114 -0.745923 2.000000
0.019577 310.222198 120.888901 -0.155099 -0.683844 2.000000
0.006849 304.888885 103.111099 -0.186088 -0.621773 2.000000
0.022123 297.777802 87.111107 -0.248070 -0.559697 2.000000
0.006849 290.666687 74.666656 -0.248071 -0.435549 2.000000
0.019577 281.777802 64.000000 -0.310053 -0.373474 2.000000
0.004303 272.888885 56.000000 -0.310054 -0.280363 2.000000
0.019577 253.333298 46.222221 -0.681948 -0.342438 2.000000
0.004303 253.333298 46.222221 -0.000142 -0.001029 2.000000
0.022123 232.000000 40.000000 -0.743928 -0.218289 0.000000
0.009394 220.444397 39.111111 -0.403028 -0.032066 0.000000
0.019577 209.777802 38.222221 -0.372033 -0.032066 0.000000
0.037397 192.888901 40.000000 -0.588974 0.061046 0.000000
0.039943 182.222198 47.111111 -0.372037 0.247269 0.000000
0.060309 181.333298 66.666656 -0.031134 0.681789 0.000000
0.037397 191.111099 86.222221 0.340761 0.681790 0.000000
0.037397 205.333298 111.111099 0.495715 0.868012 0.000000
0.032306 217.777802 141.333298 0.433735 1.054235 1.000000
0.017032 221.333298 156.444397 0.123820 0.526603 1.000000
0.042489 223.111099 186.666702 0.061841 1.054238 2.000000
0.037397 222.222198 214.222198 -0.031134 0.961122 2.000000
0.039943 219.555603 242.666702 -0.093113 0.992163 2.000000
0.045035 219.555603 272.000000 -0.000142 1.023197 2.000000
0.042489 220.444397 296.000000 0.030846 0.836975 2.000000
0.022123 223.111099 311.111115 0.092832 0.526604 2.000000
0.014486 224.000000 314.666687 0.030849 0.123121 2.000000
0.037397 224.888901 316.444489 0.030849 0.061047 2.000000
0.039943 225.777802 308.444489 0.030849 -0.280363 0.000000
0.004303 225.777802 299.555511 -0.000142 -0.311403 0.000000
0.001757 225.777802 299.555511 -0.000142 -0.001029 0.000000
0.017032 224.000000 273.777802 -0.062125 -0.901104 0.000000
-0.000788 224.000000 273.777802 -0.000142 -0.001029 0.000000
0.014486 213.333298 234.666702 -0.372037 -1.366664 0.000000
0.004303 213.333298 234.666702 -0.000142 -0.001029 0.000000
0.001757 205.333298 213.333298 -0.279062 -0.745923 0.000000
0.014486 194.666702 192.000000 -0.372033 -0.745920 0.000000
0.004303 182.222198 173.333298 -0.434020 -0.652811 0.000000
0.014486 168.888901 158.222198 -0.465008 -0.528660 0.000000
0.004303 152.888901 148.444397 -0.557982 -0.342438 0.000000
0.017032 137.777802 142.222198 -0.526991 -0.218288 0.000000
0.004303 122.666702 139.555603 -0.526991 -0.094138 0.000000
0.017032 109.333298 138.666702 -0.465011 -0.032066 0.000000
0.004303 97.777779 138.666702 -0.403025 -0.001029 0.000000
0.006849 87.111107 140.444397 -0.372036 0.061043 0.000000
0.017032 78.222221 144.888901 -0.310053 0.154159 1.000000
0.037397 63.111111 157.333298 -0.526991 0.433490 2.000000
0.037397 51.555561 177.777802 -0.403026 0.712829 2.000000
0.060309 44.444439 219.555603 -0.248071 1.457720 2.000000
0.042489 48.000000 249.777802 0.123822 1.054235 2.000000
0.039943 57.777779 274.666687 0.340760 0.868012 2.000000
0.047580 70.222221 290.666687 0.433733 0.557641 2.000000
0.042489 89.777779 306.666687 0.681662 0.557641 2.000000
0.047580 103.111099 311.111115 0.464724 0.154157 0.000000
0.045035 120.000000 309.333313 0.588689 -0.063104 0.000000
0.001757 128.888901 306.666687 0.309769 -0.094139 0.000000
0.019577 136.888901 302.222198 0.278778 -0.156216 0.000000
0.039943 151.111099 295.111115 0.495715 -0.249325 0.000000
-0.000788 156.444397 290.666687 0.185803 -0.156214 0.000000
0.037397 166.222198 284.444489 0.340761 -0.218288 0.000000
0.037397 176.000000 280.000000 0.340761 -0.156216 0.000000
0.055218 187.555603 274.666687 0.402744 -0.187251 0.000000
-0.000788 194.666702 271.111115 0.247786 -0.125178 0.000000
0.014486 202.666702 266.666687 0.278778 -0.156214 0.000000
0.022123 211.555603 261.333313 0.309769 -0.187253 1.000000
0.014486 231.111099 250.666702 0.681660 -0.373473 1.000000
0.001757 231.111099 250.666702 -0.000142 -0.001029 1.000000
0.011940 240.888901 245.333298 0.340761 -0.187254 2.000000
0.057763 264.888885 235.555603 0.836617 -0.342435 2.000000
0.047580 276.444489 232.888901 0.402744 -0.094141 2.000000
0.032306 287.111115 232.888901 0.371750 -0.001029 2.000000
0.001757 291.555511 232.888901 0.154812 -0.001029 2.000000
0.032306 300.444489 234.666702 0.309772 0.061047 2.000000
0.032306 305.777802 235.555603 0.185804 0.030009 2.000000
0.055218 320.888885 243.555603 0.526706 0.278306 2.000000
0.001757 327.111115 248.000000 0.216796 0.154156 0.000000
0.032306 333.333313 251.555603 0.216795 0.123122 0.000000
0.029760 346.666687 261.333313 0.464726 0.340378 0.000000
0.052672 369.777802 275.555511 0.805627 0.495565 0.000000
0.039943 385.777802 280.888885 0.557698 0.185196 0.000000
-0.000788 385.777802 280.888885 -0.000142 -0.001029 0.000000
0.001757 393.777802 282.666687 0.278778 0.061047 0.000000
0.011940 402.666687 283.555511 0.309769 0.030006 0.000000
-0.000788 402.666687 283.555511 -0.000142 -0.001029 0.000000
0.001757 410.666687 283.555511 0.278778 -0.001029 0.000000
0.009394 419.555511 283.555511 0.309767 -0.001029 0.000000
-0.000788 428.444489 284.444489 0.309772 0.030012 0.000000
0.017032 436.444489 284.444489 0.278778 -0.001029 1.000000
0.001757 443.555511 284.444489 0.247784 -0.001029 1.000000
-0.000788 450.666687 285.333313 0.247789 0.030006 1.000000
0.011940 456.000000 285.333313 0.185804 -0.001029 1.000000
-0.003334 456.000000 285.333313 -0.000142 -0.001029 1.000000
0.004303 461.333313 285.333313 0.185804 -0.001029 2.000000
0.014486 464.888885 284.444489 0.123823 -0.032063 2.000000
0.001757 467.555511 282.666687 0.092830 -0.063104 2.000000
0.017032 469.333313 279.111115 0.061841 -0.125178 2.000000
0.001757 469.333313 274.666687 -0.000142 -0.156214 2.000000
0.001757 469.333313 274.666687 -0.000142 -0.001029 2.000000
0.011940 467.555511 258.666687 -0.062125 -0.559698 2.000000
0.029760 464.000000 248.000000 -0.124105 -0.373475 2.000000
0.055218 444.444489 204.444397 -0.681945 -1.521852 2.000000
0.050126 429.333313 170.666702 -0.526993 -1.180438 2.000000
0.034852 412.444489 144.888901 -0.588971 -0.901108 1.000000
0.001757 403.555511 136.000000 -0.310056 -0.311401 0.000000
0.029760 395.555511 130.666702 -0.279062 -0.187250 0.000000
0.032306 381.333313 123.555603 -0.495999 -0.249326 0.000000
0.055218 369.777802 121.777802 -0.403025 -0.063104 0.000000
0.055218 366.222198 128.888901 -0.124108 0.247268 0.000000
-0.000788 364.444489 136.000000 -0.062122 0.247268 0.000000
0.011940 363.555511 144.888901 -0.031136 0.309344 0.000000
0.050126 358.222198 179.555603 -0.186088 1.209423 0.000000
0.052672 354.666687 202.666702 -0.124105 0.805938 0.000000
0.029760 351.111115 224.888901 -0.124107 0.774900 1.000000
0.052672 351.111115 244.444397 -0.000142 0.681787 1.000000
0.004303 352.000000 251.555603 0.030849 0.247272 2.000000
0.029760 354.666687 258.666687 0.092832 0.247268 2.000000
0.029760 356.444489 258.666687 0.061841 -0.001029 2.000000
0.047580 368.000000 242.666702 0.402741 -0.559697 2.000000
0.055218 380.444489 219.555603 0.433735 -0.807995 2.000000
0.037397 395.555511 186.666702 0.526704 -1.149405 2.000000
0.052672 424.888885 120.000000 1.022566 -2.328818 2.000000
0.032306 442.666687 84.444443 0.619681 -1.242516 0.000000
0.052672 452.444489 62.222221 0.340761 -0.776958 0.000000
0.050126 456.000000 53.333328 0.123821 -0.311400 0.000000
0.032306 456.000000 50.666672 -0.000142 -0.094140 0.000000
0.047580 456.000000 49.777779 -0.000142 -0.032066 0.000000
0.047580 453.333313 56.888889 -0.093116 0.247269 0.000000
0.019577 450.666687 64.000000 -0.093114 0.247269 0.000000
0.032306 444.444489 86.222221 -0.217079 0.774901 0.000000
0.050126 438.222198 118.222198 -0.217082 1.116309 0.000000
0.027215 432.888885 157.333298 -0.186088 1.364607 1.000000
0.009394 432.000000 176.888901 -0.031133 0.681791 2.000000
0.014486 432.000000 193.777802 -0.000142 0.588678 2.000000
0.045035 440.000000 220.444397 0.278778 0.930084 2.000000
0.045035 451.555511 234.666702 0.402741 0.495569 2.000000
0.047580 462.222198 233.777802 0.371752 -0.032066 2.000000
0.004303 462.222198 233.777802 -0.000142 -0.001029 2.000000
0.019577 463.111115 217.777802 0.030850 -0.559698 2.000000
0.037397 456.888885 191.111099 -0.217080 -0.932145 2.000000
0.039943 443.555511 154.666702 -0.465010 -1.273551 0.000000
0.057763 424.000000 117.333298 -0.681945 -1.304592 0.000000
0.034852 396.444489 88.888893 -0.960865 -0.994217 0.000000
0.022123 358.222198 72.000000 -1.332762 -0.590735 0.000000
0.011940 335.111115 65.777779 -0.805910 -0.218289 0.000000
0.001757 312.888885 62.222221 -0.774920 -0.125177 0.000000
0.014486 292.444489 58.666672 -0.712936 -0.125177 0.000000
0.039943 263.111115 50.666672 -1.022850 -0.280363 0.000000
0.045035 245.333298 41.777779 -0.619966 -0.311400 0.000000
0.004303 238.222198 37.333328 -0.248071 -0.156215 0.000000
0.027215 232.888901 32.888889 -0.186088 -0.156214 0.000000
0.006849 229.333298 30.222219 -0.124108 -0.094140 1.000000
0.022123 223.111099 27.555559 -0.217079 -0.094140 2.000000
0.045035 215.111099 28.444441 -0.279062 0.030008 2.000000
0.045035 203.555603 34.666672 -0.403025 0.216232 2.000000
0.045035 190.222198 42.666672 -0.465011 0.278306 2.000000
0.047580 170.666702 53.333328 -0.681944 0.371417 2.000000
0.045035 156.444397 59.555561 -0.496003 0.216232 2.000000
0.004303 147.555603 62.222221 -0.310050 0.092083 2.000000
0.019577 137.777802 66.666656 -0.341045 0.154157 2.000000
0.006849 125.333298 72.000000 -0.434020 0.185195 2.000000
0.017032 112.888901 78.222221 -0.434016 0.216232 0.000000
0.004303 98.666656 85.333344 -0.496001 0.247269 0.000000
0.017032 83.555557 93.333344 -0.526991 0.278306 0.000000
0.004303 69.333344 102.222198 -0.496000 0.309342 0.000000
0.004303 56.888889 110.222198 -0.434018 0.278306 0.000000
0.017032 45.333328 117.333298 -0.403027 0.247268 0.000000
0.004303 37.333328 124.444397 -0.279062 0.247268 0.000000
0.014486 30.222219 131.555603 -0.248071 0.247272 0.000000
0.001757 24.888889 137.777802 -0.186089 0.216231 0.000000
0.024669 23.111111 144.000000 -0.062124 0.216231 0.000000
0.006849 22.222219 149.333298 -0.031133 0.185193 0.000000
0.022123 22.222219 153.777802 -0.000142 0.154159 0.000000
0.009394 22.222219 159.111099 -0.000142 0.185193 0.000000
0.019577 24.000000 168.000000 0.061840 0.309344 0.000000
0.050126 26.666670 176.888901 0.092831 0.309344 1.000000
0.047580 41.777779 186.666702 0.526707 0.340381 1.000000
0.019577 50.666672 187.555603 0.309769 0.030009 2.000000
0.009394 60.444439 187.555603 0.340760 -0.001029 2.000000
0.019577 72.000000 184.888901 0.402742 -0.094141 2.000000
0.050126 96.000000 175.111099 0.836618 -0.342438 2.000000
0.052672 131.555603 155.555603 1.239504 -0.683844 2.000000
0.009394 142.222198 148.444397 0.371749 -0.249329 2.000000
0.022123 162.666702 131.555603 0.712655 -0.590732 2.000000
0.006849 162.666702 131.555603 -0.000142 -0.001029 2.000000
0.017032 183.111099 110.222198 0.712652 -0.745923 2.000000
0.004303 183.111099 110.222198 -0.000142 -0.001029 2.000000
0.022123 202.666702 88.888893 0.681664 -0.745920 0.000000
0.009394 212.444397 80.000000 0.340757 -0.311400 0.000000
0.017032 220.444397 72.000000 0.278778 -0.280363 0.000000
0.006849 226.666702 65.777779 0.216799 -0.218289 0.000000
0.011940 232.000000 60.444439 0.185803 -0.187252 0.000000
-0.000788 234.666702 56.000000 0.092832 -0.156214 0.000000
0.017032 236.444397 52.444439 0.061837 -0.125177 0.000000
0.001757 236.444397 52.444439 -0.000142 -0.001029 0.000000
0.006849 236.444397 45.333328 -0.000142 -0.249326 0.000000
0.014486 235.555603 42.666672 -0.031130 -0.094140 0.000000
0.039943 231.111099 40.000000 -0.155100 -0.094140 0.000000
0.042489 220.444397 46.222221 -0.372037 0.216232 0.000000
0.037397 206.222198 66.666656 -0.495999 0.712826 0.000000
0.027215 192.888901 96.000000 -0.465008 1.023199 1.000000
0.017032 188.444397 113.777802 -0.155100 0.619716 1.000000
0.039943 181.333298 151.111099 -0.248071 1.302532 1.000000
0.006849 178.666702 168.888901 -0.093113 0.619716 2.000000
0.019577 176.888901 186.666702 -0.062125 0.619716 2.000000
0.045035 170.666702 225.777802 -0.217079 1.364607 2.000000
0.001757 166.222198 247.111099 -0.155100 0.743862 2.000000
0.017032 162.666702 267.555511 -0.124105 0.712825 2.000000
0.004303 158.222198 287.111115 -0.155100 0.681791 2.000000
0.019577 153.777802 303.111115 -0.155096 0.557641 2.000000
0.004303 151.111099 315.555511 -0.093117 0.433490 2.000000
0.017032 150.222198 324.444489 -0.031134 0.309346 2.000000
0.001757 150.222198 329.777802 -0.000142 0.185194 2.000000
0.006849 150.222198 331.555511 -0.000142 0.061043 2.000000
0.019577 151.111099 331.555511 0.030849 -0.001029 0.000000
0.006849 153.777802 329.777802 0.092832 -0.063101 0.000000
0.014486 157.333298 326.222198 0.123820 -0.125179 0.000000
0.001757 160.888901 320.888885 0.123824 -0.187251 0.000000
0.014486 164.444397 315.555511 0.123820 -0.187253 0.000000
0.001757 167.111099 311.111115 0.092832 -0.156213 0.000000
0.004303 167.111099 311.111115 -0.000142 -0.001029 0.000000
0.011940 174.222198 303.111115 0.247786 -0.280363 0.000000
0.037397 181.333298 293.333313 0.247786 -0.342438 0.000000
0.057763 189.333298 279.111115 0.278778 -0.497623 0.000000
0.034852 199.111099 258.666687 0.340761 -0.714883 0.000000
0.055218 221.333298 221.333298 0.774635 -1.304592 0.000000
0.034852 239.111099 201.777802 0.619681 -0.683844 1.000000
0.045035 255.111099 191.111099 0.557698 -0.373476 1.000000
0.006849 262.222198 186.666702 0.247786 -0.156213 2.000000
0.014486 268.444489 184.000000 0.216798 -0.094141 2.000000
-0.000788 268.444489 184.000000 -0.000142 -0.001029 2.000000
0.032306 280.888885 178.666702 0.433732 -0.187250 2.000000
0.052672 299.555511 168.888901 0.650670 -0.342438 2.000000
0.037397 307.555511 165.333298 0.278778 -0.125179 2.000000
0.050126 309.333313 165.333298 0.061841 -0.001029 2.000000
0.055218 298.666687 174.222198 -0.372034 0.309344 2.000000
-0.000788 277.333313 191.111099 -0.743930 0.588678 0.000000
0.009394 277.333313 191.111099 -0.000142 -0.001029 0.000000
0.045035 233.777802 214.222198 -1.518705 0.805938 0.000000
0.052672 197.333298 227.555603 -1.270780 0.464532 0.000000
0.052672 136.000000 243.555603 -2.138528 0.557641 0.000000
0.027215 115.555603 248.888901 -0.712936 0.185193 0.000000
-0.000788 96.888893 255.111099 -0.650957 0.216231 0.000000
0.024669 80.888893 262.222198 -0.557982 0.247268 0.000000
0.047580 59.555561 281.777802 -0.743929 0.681791 0.000000
0.014486 59.555561 287.111115 -0.000142 0.185194 1.000000
0.017032 63.111111 293.333313 0.123822 0.216231 1.000000
0.022123 71.111107 297.777802 0.278778 0.154159 2.000000
0.014486 81.777779 302.222198 0.371751 0.154156 2.000000
0.032306 111.111099 304.888885 1.022564 0.092084 2.000000
0.047580 164.444397 299.555511 1.859323 -0.187253 2.000000
0.052672 199.111099 289.777802 1.208512 -0.342435 2.000000
0.034852 226.666702 278.222198 0.960584 -0.404514 2.000000
0.022123 237.333298 272.888885 0.371749 -0.187251 2.000000
0.014486 245.333298 265.777802 0.278778 -0.249325 2.000000
0.034852 252.444397 235.555603 0.247786 -1.056292 0.000000
0.052672 238.222198 204.444397 -0.495999 -1.087333 0.000000
0.032306 214.222198 170.666702 -0.836902 -1.180438 0.000000
0.052672 189.333298 139.555603 -0.867894 -1.087329 0.000000
0.001757 178.666702 127.111099 -0.372033 -0.435551 0.000000
0.039943 160.888901 109.333298 -0.619965 -0.621773 0.000000
0.032306 147.555603 102.222198 -0.465008 -0.249326 0.000000
0.055218 136.000000 103.111099 -0.403028 0.030009 0.000000
0.037397 126.222198 120.000000 -0.341045 0.588678 0.000000
0.004303 123.555603 135.111099 -0.093113 0.526603 1.000000
0.014486 122.666702 154.666702 -0.031134 0.681791 1.000000
0.024669 126.222198 197.333298 0.123820 1.488753 2.000000
0.014486 132.444397 218.666702 0.216795 0.743866 2.000000
0.034852 148.444397 264.000000 0.557698 1.581866 2.000000
0.052672 166.222198 304.888885 0.619681 1.426681 2.000000
0.001757 176.000000 320.000000 0.340761 0.526604 2.000000
0.014486 185.777802 332.444489 0.340761 0.433493 2.000000
0.062855 221.333298 344.888885 1.239500 0.433490 2.000000
0.037397 248.888901 333.333313 0.960584 -0.404512 2.000000
0.001757 263.111115 321.777802 0.495715 -0.404510 0.000000
0.014486 277.333313 307.555511 0.495715 -0.497626 0.000000
0.052672 307.555511 266.666687 1.053555 -1.428736 0.000000
0.034852 338.666687 218.666702 1.084549 -1.677036 0.000000
0.055218 380.444489 167.111099 1.456441 -1.801186 0.000000
0.034852 392.000000 159.111099 0.402741 -0.280363 0.000000
-0.000788 403.555511 152.000000 0.402741 -0.249326 0.000000
0.034852 423.111115 143.111099 0.681664 -0.311401 0.000000
0.037397 437.333313 136.888901 0.495715 -0.218288 1.000000
0.027215 447.111115 128.000000 0.340761 -0.311401 2.000000
0.014486 450.666687 121.777802 0.123823 -0.218288 2.000000
0.029760 453.333313 115.555603 0.092830 -0.218288 2.000000
0.055218 455.111115 98.666656 0.061841 -0.590737 2.000000
0.047580 450.666687 91.555557 -0.155097 -0.249326 2.000000
0.034852 442.666687 86.222221 -0.279062 -0.187252 2.000000
0.060309 430.222198 80.000000 -0.434019 -0.218289 0.000000
0.037397 420.444489 73.777779 -0.341042 -0.218289 0.000000
0.050126 410.666687 65.777779 -0.341045 -0.280363 0.000000
0.001757 405.333313 61.333328 -0.186090 -0.156215 0.000000
0.011940 398.222198 56.000000 -0.248071 -0.187251 0.000000
0.050126 378.666687 42.666672 -0.681945 -0.466586 0.000000
0.055218 367.111115 37.333328 -0.403027 -0.187252 0.000000
0.032306 360.888885 34.666672 -0.217080 -0.094140 0.000000
0.001757 360.888885 34.666672 -0.000142 -0.001029 0.000000
0.027215 358.222198 32.888889 -0.093116 -0.063103 0.000000
0.034852 358.222198 32.000000 -0.000142 -0.032066 1.000000
0.060309 364.444489 27.555559 0.216798 -0.156214 2.000000
0.032306 370.666687 24.888889 0.216795 -0.094140 2.000000
0.001757 378.666687 23.111111 0.278778 -0.063103 2.000000
0.001757 385.777802 22.222219 0.247787 -0.032066 2.000000
0.011940 392.888885 21.333330 0.247786 -0.032066 2.000000
0.047580 407.111115 21.333330 0.495716 -0.001029 2.000000
0.057763 429.333313 28.444441 0.774635 0.247269 2.000000
0.037397 447.111115 36.444439 0.619681 0.278306 2.000000
0.062855 470.222198 53.333328 0.805626 0.588678 0.000000
0.024669 475.555511 60.444439 0.185804 0.247269 0.000000
0.009394 480.000000 69.333344 0.154815 0.309344 0.000000
0.017032 482.666687 78.222221 0.092832 0.309343 0.000000
0.045035 484.444489 99.555557 0.061841 0.743864 0.000000
0.042489 477.333313 106.666702 -0.248073 0.247270 0.000000
0.039943 464.888885 108.444397 -0.434017 0.061043 0.000000
0.037397 443.555511 104.000000 -0.743930 -0.156213 0.000000
0.052672 412.444489 92.444443 -1.084828 -0.404512 0.000000
0.034852 376.888885 78.222221 -1.239788 -0.497623 1.000000
0.055218 326.222198 52.444439 -1.766636 -0.901107 2.000000
0.019577 312.000000 43.555561 -0.495999 -0.311400 2.000000
0.014486 298.666687 35.555561 -0.465008 -0.280363 2.000000
0.042489 278.222198 21.333330 -0.712939 -0.497624 2.000000
0.034852 261.333313 13.333330 -0.588973 -0.280363 2.000000
0.055218 241.777802 12.444440 -0.681945 -0.032066 2.000000
0.034852 236.444397 20.444441 -0.186091 0.278306 3.000000
0.017032 236.444397 26.666670 -0.000142 0.216232 0.000000
0.024669 240.000000 33.777779 0.123824 0.247269 0.000000
0.029760 252.444397 49.777779 0.433732 0.557641 0.000000
0.052672 278.222198 78.222221 0.898601 0.992161 0.000000
0.050126 300.444489 98.666656 0.774638 0.712826 0.000000
0.034852 322.666687 121.777802 0.774635 0.805939 0.000000
0.055218 342.222198 146.666702 0.681661 0.868013 0.000000
0.032306 355.555511 168.888901 0.464724 0.774900 0.000000
0.001757 360.000000 178.666702 0.154815 0.340381 1.000000
0.001757 362.666687 185.777802 0.092832 0.247268 1.000000
0.017032 364.444489 192.000000 0.061841 0.216231 2.000000
0.001757 364.444489 197.333298 -0.000142 0.185193 2.000000
0.011940 364.444489 200.888901 -0.000142 0.123122 2.000000
0.001757 364.444489 200.888901 -0.000142 -0.001029 2.000000
0.001757 361.777802 205.333298 -0.093116 0.154156 2.000000
0.014486 358.222198 209.777802 -0.124108 0.154159 2.000000
0.004303 352.888885 214.222198 -0.186088 0.154156 2.000000
0.017032 346.666687 219.555603 -0.217079 0.185197 2.000000
-0.000788 339.555511 224.888901 -0.248073 0.185193 2.000000
0.014486 331.555511 229.333298 -0.279062 0.154156 2.000000
0.001757 322.666687 233.777802 -0.310051 0.154159 2.000000
0.004303 314.666687 237.333298 -0.279062 0.123118 2.000000
0.019577 307.555511 239.111099 -0.248073 0.061047 2.000000
0.004303 300.444489 240.000000 -0.248068 0.030009 2.000000
0.014486 294.222198 240.000000 -0.217082 -0.001029 2.000000
0.006849 287.111115 238.222198 -0.248070 -0.063104 1.000000
0.032306 280.888885 233.777802 -0.217080 -0.156213 1.000000
0.006849 267.555511 221.333298 -0.465010 -0.435551 0.000000
0.011940 262.222198 213.333298 -0.186088 -0.280363 0.000000
0.050126 249.777802 190.222198 -0.434016 -0.807995 0.000000
0.034852 235.555603 162.666702 -0.495999 -0.963179 0.000000
0.055218 216.888901 137.777802 -0.650957 -0.870070 0.000000
0.039943 194.666702 120.000000 -0.774919 -0.621773 0.000000
0.004303 183.111099 114.666702 -0.403028 -0.187250 0.000000
0.014486 172.444397 110.222198 -0.372037 -0.156217 0.000000
0.052672 145.777802 106.666702 -0.929873 -0.125175 1.000000
0.034852 134.222198 111.111099 -0.403028 0.154156 1.000000
0.004303 130.666702 115.555603 -0.124105 0.154159 2.000000
0.032306 128.888901 121.777802 -0.062125 0.216231 2.000000
0.052672 132.444397 148.444397 0.123820 0.930084 2.000000
0.032306 144.888901 169.777802 0.433735 0.743866 2.000000
0.039943 161.777802 191.111099 0.588689 0.743862 2.000000
0.062855 182.222198 215.111099 0.712652 0.836975 2.000000
0.019577 202.666702 241.777802 0.712655 0.930088 1.000000
0.001757 211.555603 254.222198 0.309769 0.433490 1.000000
0.004303 211.555603 254.222198 -0.000142 -0.001029 0.000000
0.022123 227.555603 278.222198 0.557698 0.836975 0.000000
-0.000788 227.555603 278.222198 -0.000142 -0.001029 0.000000
0.017032 240.000000 297.777802 0.433732 0.681791 0.000000
0.055218 251.555603 313.777802 0.402744 0.557641 0.000000
0.039943 261.333313 327.111115 0.340758 0.464528 0.000000
0.039943 268.444489 336.888885 0.247789 0.340380 0.000000
0.004303 271.111115 340.444489 0.092830 0.123122 0.000000
0.034852 273.777802 345.777802 0.092832 0.185194 0.000000
0.032306 272.888885 348.444489 -0.031134 0.092084 0.000000
0.047580 270.222198 349.333313 -0.093116 0.030006 0.000000
0.004303 269.333313 347.555511 -0.031133 -0.063104 1.000000
0.034852 270.222198 336.888885 0.030849 -0.373473 1.000000
0.001757 270.222198 336.888885 -0.000142 -0.001029 2.000000
0.017032 278.222198 316.444489 0.278778 -0.714882 2.000000
0.050126 289.777802 291.555511 0.402744 -0.870073 2.000000
0.034852 300.444489 265.777802 0.371752 -0.901104 2.000000
0.050126 311.111115 240.000000 0.371750 -0.901108 2.000000
0.001757 315.555511 224.888901 0.154812 -0.528660 2.000000
0.014486 320.888885 209.777802 0.185806 -0.528660 2.000000
0.060309 336.000000 168.000000 0.526707 -1.459777 2.000000
0.032306 342.222198 153.777802 0.216795 -0.497623 1.000000
0.022123 343.111115 152.000000 0.030850 -0.063104 0.000000
0.009394 343.111115 151.111099 -0.000142 -0.032066 0.000000
0.057763 320.888885 157.333298 -0.774920 0.216231 0.000000
0.034852 298.666687 168.888901 -0.774919 0.402456 0.000000
0.001757 298.666687 168.888901 -0.000142 -0.001029 0.000000
0.011940 271.111115 185.777802 -0.960867 0.588678 0.000000
0.001757 271.111115 185.777802 -0.000142 -0.001029 0.000000
0.001757 253.333298 195.555603 -0.619966 0.340381 0.000000
0.011940 233.777802 208.888901 -0.681944 0.464528 0.000000
-0.000788 212.444397 224.000000 -0.743931 0.526603 0.000000
0.011940 188.444397 242.666702 -0.836902 0.650753 0.000000
0.001757 188.444397 242.666702 -0.000142 -0.001029 0.000000
0.001757 164.444397 262.222198 -0.836902 0.681787 0.000000
0.014486 139.555603 281.777802 -0.867890 0.681791 0.000000
0.001757 116.444397 301.333313 -0.805914 0.681788 0.000000
0.014486 96.888893 318.222198 -0.681945 0.588678 0.000000
0.001757 81.777779 333.333313 -0.526991 0.526604 0.000000
0.006849 72.888893 344.888885 -0.310053 0.402455 1.000000
0.017032 67.555557 352.888885 -0.186089 0.278306 1.000000
0.001757 65.777779 358.222198 -0.062124 0.185194 2.000000
0.014486 65.777779 360.000000 -0.000142 0.061047 2.000000
0.004303 66.666656 360.000000 0.030849 -0.001029 2.000000
0.029760 70.222221 359.111115 0.123823 -0.032066 2.000000
0.055218 85.333344 337.777802 0.526707 -0.745920 2.000000
0.034852 96.000000 313.777802 0.371751 -0.839032 2.000000
0.052672 110.222198 280.888885 0.495715 -1.149405 2.000000
0.034852 128.888901 248.888901 0.650672 -1.118366 2.000000
0.037397 151.111099 223.111099 0.774635 -0.901108 0.000000
0.004303 162.666702 213.333298 0.402744 -0.342438 0.000000
0.034852 185.777802 198.222198 0.805626 -0.528660 0.000000
0.034852 208.000000 188.444397 0.774635 -0.342438 0.000000
0.001757 208.000000 188.444397 -0.000142 -0.001029 0.000000
0.034852 224.888901 185.777802 0.588689 -0.094138 0.000000
0.057763 242.666702 195.555603 0.619681 0.340381 0.000000
0.034852 252.444397 213.333298 0.340757 0.619712 0.000000
0.055218 261.333313 236.444397 0.309770 0.805938 0.000000
0.034852 273.777802 257.777802 0.433735 0.743866 0.000000
0.034852 288.888885 276.444489 0.526706 0.650753 1.000000
0.001757 296.888885 284.444489 0.278778 0.278306 1.000000
0.034852 312.888885 296.000000 0.557698 0.402453 2.000000
0.050126 327.111115 304.000000 0.495716 0.278306 2.000000
0.034852 336.888885 307.555511 0.340760 0.123119 2.000000
0.052672 343.111115 306.666687 0.216796 -0.032063 2.000000
0.001757 344.888885 303.111115 0.061840 -0.125178 2.000000
0.029760 345.777802 289.777802 0.030850 -0.466585 2.000000
0.032306 345.777802 280.000000 -0.000142 -0.342438 2.000000
0.052672 348.444489 233.777802 0.092832 -1.614961 2.000000
0.034852 353.777802 189.333298 0.185804 -1.552889 0.000000
0.055218 355.555511 147.555603 0.061838 -1.459773 0.000000
-0.000788 354.666687 131.555603 -0.031131 -0.559698 0.000000
0.009394 351.111115 119.111099 -0.124107 -0.435551 0.000000
-0.000788 346.666687 110.222198 -0.155097 -0.311401 0.000000
0.047580 338.666687 99.555557 -0.279062 -0.373474 0.000000
0.042489 335.111115 95.111107 -0.124107 -0.156215 0.000000
0.045035 334.222198 98.666656 -0.031134 0.123120 0.000000
0.042489 333.333313 120.000000 -0.031133 0.743864 0.000000
0.042489 321.777802 184.888901 -0.403025 2.264686 0.000000
0.042489 307.555511 229.333298 -0.496002 1.550829 1.000000
0.042489 294.222198 265.777802 -0.465008 1.271498 1.000000
0.011940 287.111115 280.888885 -0.248070 0.526603 2.000000
0.014486 280.000000 294.222198 -0.248071 0.464528 2.000000
0.001757 272.888885 305.777802 -0.248071 0.402456 2.000000
0.039943 260.444489 323.555511 -0.434016 0.619713 2.000000
0.042489 252.444397 335.111115 -0.279065 0.402456 2.000000
0.006849 249.777802 338.666687 -0.093113 0.123121 2.000000
0.029760 248.888901 343.111115 -0.031134 0.154157 2.000000
0.039943 248.888901 344.888885 -0.000142 0.061046 2.000000
0.037397 260.444489 344.000000 0.402743 -0.032066 2.000000
0.039943 276.444489 336.000000 0.557698 -0.280363 0.000000
0.057763 295.111115 321.777802 0.650670 -0.497623 0.000000
0.029760 316.444489 300.444489 0.743646 -0.745920 0.000000
0.047580 336.888885 273.777802 0.712652 -0.932145 0.000000
0.060309 362.666687 232.888901 0.898601 -1.428739 0.000000
0.022123 370.666687 219.555603 0.278778 -0.466585 0.000000
0.014486 384.888885 192.000000 0.495715 -0.963183 0.000000
0.022123 391.111115 178.666702 0.216796 -0.466585 0.000000
0.047580 401.777802 154.666702 0.371752 -0.839032 0.000000
0.006849 405.333313 146.666702 0.123821 -0.280363 1.000000
0.024669 408.888885 137.777802 0.123823 -0.311401 2.000000
0.042489 404.444489 134.222198 -0.155096 -0.125179 2.000000
0.039943 389.333313 130.666702 -0.526993 -0.125175 2.000000
0.004303 377.777802 129.777802 -0.403025 -0.032066 2.000000
0.014486 364.444489 128.000000 -0.465008 -0.063104 2.000000
0.004303 348.444489 126.222198 -0.557982 -0.063104 2.000000
0.014486 330.666687 122.666702 -0.619965 -0.125175 2.000000
0.006849 310.222198 119.111099 -0.712939 -0.125179 2.000000
0.017032 289.777802 115.555603 -0.712936 -0.125175 2.000000
0.004303 270.222198 111.111099 -0.681948 -0.156217 2.000000
0.019577 251.555603 107.555603 -0.650953 -0.125175 2.000000
0.004303 235.555603 104.000000 -0.557982 -0.125179 2.000000
0.006849 220.444397 100.444397 -0.526994 -0.125179 2.000000
0.017032 208.888901 96.888893 -0.403025 -0.125175 2.000000
0.009394 200.000000 95.111107 -0.310054 -0.063103 0.000000
0.017032 192.888901 92.444443 -0.248071 -0.094140 0.000000
0.006849 189.333298 90.666656 -0.124108 -0.063103 0.000000
0.017032 186.666702 88.888893 -0.093113 -0.063102 0.000000
0.045035 184.000000 86.222221 -0.093117 -0.094140 0.000000
0.039943 184.000000 85.333344 -0.000142 -0.032065 0.000000
0.057763 184.888901 90.666656 0.030849 0.185194 0.000000
0.037397 186.666702 112.000000 0.061841 0.743864 0.000000
0.045035 184.888901 156.444397 -0.062125 1.550829 0.000000
0.042489 182.222198 181.333298 -0.093117 0.868013 0.000000
0.045035 182.222198 203.555603 -0.000142 0.774904 1.000000
0.004303 182.222198 214.222198 -0.000142 0.371415 1.000000
0.014486 182.222198 224.888901 -0.000142 0.371419 1.000000
0.006849 184.000000 234.666702 0.061841 0.340381 2.000000
0.017032 186.666702 243.555603 0.092832 0.309344 2.000000
0.004303 188.444397 250.666702 0.061837 0.247268 2.000000
0.017032 191.111099 256.888885 0.092832 0.216230 2.000000
0.004303 193.777802 260.444489 0.092832 0.123122 2.000000
0.019577 196.444397 261.333313 0.092829 0.030006 2.000000
0.004303 199.111099 261.333313 0.092832 -0.001029 2.000000
0.001757 202.666702 257.777802 0.123824 -0.125176 2.000000
0.014486 206.222198 251.555603 0.123820 -0.218288 2.000000
0.009394 208.888901 243.555603 0.092832 -0.280363 2.000000
0.019577 211.555603 232.888901 0.092832 -0.373476 2.000000
0.006849 212.444397 221.333298 0.030846 -0.404514 2.000000
0.022123 211.555603 192.000000 -0.031130 -1.025254 1.000000
0.047580 202.666702 160.888901 -0.310054 -1.087329 0.000000
0.045035 189.333298 135.111099 -0.465011 -0.901108 0.000000
0.039943 172.444397 114.666702 -0.588974 -0.714882 0.000000
0.004303 162.666702 106.666702 -0.341041 -0.280363 0.000000
0.039943 144.888901 96.000000 -0.619965 -0.373476 0.000000
0.045035 129.777802 88.000000 -0.526991 -0.280363 0.000000
0.042489 119.111099 82.666656 -0.372037 -0.187252 0.000000
0.017032 115.555603 81.777779 -0.124105 -0.032065 0.000000
0.006849 113.777802 80.000000 -0.062125 -0.063103 0.000000
0.034852 112.000000 79.111107 -0.062125 -0.032066 1.000000
0.039943 112.000000 77.333344 -0.000142 -0.063102 1.000000
0.057763 112.000000 77.333344 -0.000142 -0.001029 2.000000
0.034852 112.000000 77.333344 -0.000142 -0.001029 2.000000
0.050126 108.444397 78.222221 -0.124108 0.030008 2.000000
0.034852 101.333298 84.444443 -0.248071 0.216232 2.000000
0.057763 90.666656 96.000000 -0.372035 0.402455 2.000000
0.052672 80.000000 107.555603 -0.372035 0.402456 2.000000
0.034852 64.888893 125.333298 -0.526991 0.619712 2.000000
0.006849 55.111111 136.888901 -0.341045 0.402456 0.000000
0.017032 44.444439 149.333298 -0.372036 0.433490 0.000000
0.004303 34.666672 163.555603 -0.341044 0.495569 0.000000
0.019577 24.888889 176.888901 -0.341045 0.464528 0.000000
0.062855 10.666670 214.222198 -0.496000 1.302532 0.000000
0.042489 12.444440 232.888901 0.061840 0.650753 0.000000
0.006849 16.000000 240.000000 0.123822 0.247268 0.000000
0.019577 27.555559 246.222198 0.402742 0.216231 0.000000
-0.000788 27.555559 246.222198 -0.000142 -0.001029 0.000000
