0.017032 352.888885 230.222198 0.185806 -0.125179 1.000000
0.006849 356.444489 228.444397 0.123824 -0.063104 0.000000
0.022123 360.000000 227.555603 0.123821 -0.032062 0.000000
0.006849 363.555511 225.777802 0.123821 -0.063104 0.000000
0.017032 366.222198 224.888901 0.092832 -0.032066 0.000000
0.004303 368.888885 224.888901 0.092832 -0.001029 0.000000
0.009394 370.666687 224.888901 0.061841 -0.001029 0.000000
-0.003334 370.666687 224.888901 -0.000142 -0.001029 0.000000
-0.000788 373.333313 224.888901 0.092830 -0.001029 0.000000
0.011940 375.111115 224.888901 0.061841 -0.001029 0.000000
-0.000788 377.777802 224.888901 0.092832 -0.001029 0.000000
0.001757 379.555511 225.777802 0.061838 0.030009 0.000000
0.011940 382.222198 226.666702 0.092832 0.030009 0.000000
-0.003334 382.222198 226.666702 -0.000142 -0.001029 0.000000
-0.000788 385.777802 227.555603 0.123824 0.030009 0.000000
0.011940 390.222198 228.444397 0.154812 0.030005 0.000000
-0.003334 390.222198 228.444397 -0.000142 -0.001029 0.000000
0.004303 393.777802 229.333298 0.123824 0.030009 1.000000
0.011940 398.222198 230.222198 0.154812 0.030009 1.000000
-0.000788 402.666687 231.111099 0.154815 0.030009 1.000000
0.001757 402.666687 231.111099 -0.000142 -0.001029 1.000000
0.009394 409.777802 231.111099 0.247787 -0.001029 2.000000
0.001757 409.777802 231.111099 -0.000142 -0.001029 2.000000
0.004303 413.333313 231.111099 0.123821 -0.001029 2.000000
-0.000788 416.000000 231.111099 0.092832 -0.001029 2.000000
-0.000788 416.000000 231.111099 -0.000142 -0.001029 2.000000
0.009394 418.666687 231.111099 0.092832 -0.001029 2.000000
-0.003334 419.555511 231.111099 0.030847 -0.001029 2.000000
0.001757 419.555511 231.111099 -0.000142 -0.001029 2.000000
0.014486 420.444489 231.111099 0.030852 -0.001029 2.000000
-0.003334 420.444489 231.111099 -0.000142 -0.001029 2.000000
-0.000788 420.444489 230.222198 -0.000142 -0.032066 2.000000
0.011940 421.333313 229.333298 0.030847 -0.032066 2.000000
-0.003334 421.333313 229.333298 -0.000142 -0.001029 2.000000
0.001757 421.333313 226.666702 -0.000142 -0.094138 2.000000
0.009394 422.222198 223.111099 0.030849 -0.125179 2.000000
-0.000788 423.111115 220.444397 0.030850 -0.094141 2.000000
0.004303 423.111115 220.444397 -0.000142 -0.001029 2.000000
0.011940 426.666687 212.444397 0.123823 -0.280363 1.000000
0.011940 427.555511 208.888901 0.030847 -0.125175 1.000000
-0.005880 427.555511 208.888901 -0.000142 -0.001029 1.000000
0.009394 428.444489 206.222198 0.030852 -0.094141 1.000000
-0.000788 429.333313 204.444397 0.030847 -0.063104 1.000000
0.011940 429.333313 203.555603 -0.000142 -0.032062 1.000000
0.001757 429.333313 202.666702 -0.000142 -0.032066 1.000000
0.001757 429.333313 202.666702 -0.000142 -0.001029 1.000000
0.009394 429.333313 201.777802 -0.000142 -0.032066 0.000000
0.001757 428.444489 200.888901 -0.031131 -0.032066 0.000000
-0.000788 428.444489 200.888901 -0.000142 -0.001029 0.000000
0.011940 424.000000 199.111099 -0.155099 -0.063104 0.000000
-0.003334 424.000000 199.111099 -0.000142 -0.001029 0.000000
-0.000788 421.333313 198.222198 -0.093116 -0.032066 0.000000
0.009394 419.555511 196.444397 -0.062125 -0.063104 0.000000
-0.000788 419.555511 196.444397 -0.000142 -0.001029 0.000000
-0.000788 416.888885 195.555603 -0.093114 -0.032062 0.000000
0.011940 415.111115 194.666702 -0.062124 -0.032066 0.000000
-0.000788 412.444489 193.777802 -0.093114 -0.032066 0.000000
0.011940 410.666687 192.000000 -0.062125 -0.063104 0.000000
0.050126 408.888885 189.333298 -0.062125 -0.094141 0.000000
0.019577 408.000000 188.444397 -0.031133 -0.032066 3.000000
0.006849 408.000000 186.666702 -0.000142 -0.063100 3.000000
0.045035 408.000000 182.222198 -0.000142 -0.156217 3.000000
0.045035 408.888885 181.333298 0.030849 -0.032066 3.000000
0.022123 410.666687 180.444397 0.061841 -0.032066 3.000000
0.070492 424.888885 176.888901 0.495715 -0.125175 3.000000
0.042489 435.555511 174.222198 0.371750 -0.094141 3.000000
0.027215 440.000000 171.555603 0.154815 -0.094138 3.000000
0.067946 454.222198 166.222198 0.495715 -0.187254 3.000000
0.037397 463.111115 163.555603 0.309770 -0.094138 3.000000
0.027215 466.666687 162.666702 0.123823 -0.032066 3.000000
0.060309 476.444489 160.000000 0.340761 -0.094141 3.000000
0.052672 479.111115 159.111099 0.092830 -0.032066 3.000000
0.004303 480.000000 158.222198 0.030849 -0.032066 0.000000
0.001757 480.000000 158.222198 -0.000142 -0.001029 0.000000
0.062855 480.888885 158.222198 0.030849 -0.001029 0.000000
0.047580 480.888885 158.222198 -0.000142 -0.001029 0.000000
0.045035 478.222198 156.444397 -0.093116 -0.063104 0.000000
0.017032 476.444489 155.555603 -0.062122 -0.032062 0.000000
0.050126 465.777802 149.333298 -0.372036 -0.218292 0.000000
0.062855 452.444489 143.111099 -0.465008 -0.218288 0.000000
-0.000788 443.555511 138.666702 -0.310056 -0.156213 3.000000
0.029760 426.666687 130.666702 -0.588971 -0.280363 3.000000
0.042489 413.333313 121.777802 -0.465010 -0.311401 3.000000
0.042489 404.444489 112.888901 -0.310051 -0.311401 3.000000
0.047580 397.333313 103.111099 -0.248073 -0.342438 3.000000
0.045035 386.666687 93.333344 -0.372034 -0.342437 3.000000
0.050126 371.555511 80.000000 -0.526993 -0.466587 3.000000
0.024669 368.888885 76.444443 -0.093114 -0.125177 3.000000
0.019577 367.111115 73.777779 -0.062124 -0.094140 3.000000
0.001757 367.111115 73.777779 -0.000142 -0.001029 3.000000
0.022123 366.222198 72.000000 -0.031134 -0.063103 0.000000
0.006849 366.222198 72.000000 -0.000142 -0.001029 0.000000
0.014486 366.222198 72.000000 -0.000142 -0.001029 0.000000
0.004303 366.222198 72.000000 -0.000142 -0.001029 0.000000
0.017032 366.222198 73.777779 -0.000142 0.061046 0.000000
0.004303 367.111115 77.333344 0.030850 0.123120 0.000000
0.017032 368.000000 81.777779 0.030849 0.154157 0.000000
0.004303 368.888885 87.111107 0.030849 0.185194 0.000000
0.017032 369.777802 92.444443 0.030850 0.185195 0.000000
0.004303 370.666687 98.666656 0.030849 0.216231 0.000000
0.029760 370.666687 111.111099 -0.000142 0.433492 0.000000
0.006849 370.666687 111.111099 -0.000142 -0.001029 0.000000
0.032306 370.666687 123.555603 -0.000142 0.433494 0.000000
0.009394 370.666687 129.777802 -0.000142 0.216231 0.000000
0.027215 370.666687 139.555603 -0.000142 0.340381 0.000000
0.019577 369.777802 144.000000 -0.031133 0.154156 0.000000
0.009394 369.777802 147.555603 -0.000142 0.123122 0.000000
0.032306 369.777802 152.888901 -0.000142 0.185193 0.000000
0.024669 369.777802 154.666702 -0.000142 0.061047 0.000000
0.017032 371.555511 158.222198 0.061838 0.123118 0.000000
0.022123 371.555511 160.000000 -0.000142 0.061047 0.000000
0.014486 372.444489 162.666702 0.030852 0.092084 0.000000
0.032306 372.444489 168.888901 -0.000142 0.216231 0.000000
0.024669 372.444489 171.555603 -0.000142 0.092084 0.000000
0.011940 372.444489 174.222198 -0.000142 0.092080 0.000000
0.073038 372.444489 180.444397 -0.000142 0.216231 0.000000
0.052672 372.444489 181.333298 -0.000142 0.030009 0.000000
0.047580 371.555511 181.333298 -0.031136 -0.001029 0.000000
0.047580 361.777802 179.555603 -0.341042 -0.063100 0.000000
0.006849 356.444489 176.000000 -0.186088 -0.125179 0.000000
0.065400 336.888885 160.888901 -0.681948 -0.528660 0.000000
0.050126 322.666687 146.666702 -0.495999 -0.497623 0.000000
0.047580 309.333313 130.666702 -0.465010 -0.559698 3.000000
0.047580 296.000000 110.222198 -0.465008 -0.714886 3.000000
0.050126 289.777802 97.777779 -0.217079 -0.435548 3.000000
0.009394 287.111115 91.555557 -0.093116 -0.218289 3.000000
0.080675 282.666687 74.666656 -0.155097 -0.590735 3.000000
0.001757 281.777802 69.333344 -0.031133 -0.187251 3.000000
0.024669 280.888885 59.555561 -0.031134 -0.342438 3.000000
0.001757 280.888885 59.555561 -0.000142 -0.001029 3.000000
0.022123 280.000000 51.555561 -0.031133 -0.280363 3.000000
0.004303 280.000000 49.777779 -0.000142 -0.063103 3.000000
0.019577 280.000000 48.000000 -0.000142 -0.063103 3.000000
0.006849 280.000000 48.000000 -0.000142 -0.001029 0.000000
0.011940 280.000000 47.111111 -0.000142 -0.032066 0.000000
-0.003334 280.000000 47.111111 -0.000142 -0.001029 0.000000
-0.003334 280.000000 47.111111 -0.000142 -0.001029 0.000000
0.009394 280.000000 47.111111 -0.000142 -0.001029 0.000000
-0.003334 280.000000 47.111111 -0.000142 -0.001029 0.000000
-0.000788 280.000000 47.111111 -0.000142 -0.001029 0.000000
0.011940 280.000000 48.000000 -0.000142 0.030009 0.000000
-0.000788 280.000000 50.666672 -0.000142 0.092083 0.000000
0.001757 280.000000 54.222221 -0.000142 0.123120 0.000000
0.011940 279.111115 59.555561 -0.031133 0.185195 0.000000
-0.000788 279.111115 59.555561 -0.000142 -0.001029 0.000000
0.014486 279.111115 71.111107 -0.000142 0.402454 0.000000
-0.000788 279.111115 71.111107 -0.000142 -0.001029 0.000000
0.001757 279.111115 77.333344 -0.000142 0.216232 0.000000
0.014486 279.111115 84.444443 -0.000142 0.247268 0.000000
-0.000788 279.111115 84.444443 -0.000142 -0.001029 0.000000
0.001757 279.111115 90.666656 -0.000142 0.216231 0.000000
0.009394 279.111115 96.000000 -0.000142 0.185195 0.000000
-0.000788 279.111115 101.333298 -0.000142 0.185193 0.000000
-0.000788 279.111115 101.333298 -0.000142 -0.001029 0.000000
0.011940 279.111115 105.777802 -0.000142 0.154159 0.000000
-0.000788 280.000000 109.333298 0.030849 0.123118 0.000000
0.001757 280.000000 112.888901 -0.000142 0.123122 0.000000
0.009394 280.000000 115.555603 -0.000142 0.092084 0.000000
-0.000788 280.000000 115.555603 -0.000142 -0.001029 0.000000
-0.000788 280.888885 118.222198 0.030849 0.092080 0.000000
0.009394 280.888885 120.888901 -0.000142 0.092084 0.000000
0.001757 280.888885 123.555603 -0.000142 0.092084 0.000000
0.011940 281.777802 126.222198 0.030850 0.092080 0.000000
-0.000788 281.777802 126.222198 -0.000142 -0.001029 0.000000
-0.003334 281.777802 129.777802 -0.000142 0.123122 0.000000
0.009394 281.777802 132.444397 -0.000142 0.092080 0.000000
-0.000788 281.777802 135.111099 -0.000142 0.092084 0.000000
-0.000788 281.777802 135.111099 -0.000142 -0.001029 0.000000
0.009394 281.777802 137.777802 -0.000142 0.092084 0.000000
-0.003334 281.777802 141.333298 -0.000142 0.123118 0.000000
-0.000788 281.777802 141.333298 -0.000142 -0.001029 0.000000
0.014486 281.777802 145.777802 -0.000142 0.154159 0.000000
-0.003334 281.777802 145.777802 -0.000142 -0.001029 0.000000
0.001757 281.777802 148.444397 -0.000142 0.092080 0.000000
0.011940 280.888885 151.111099 -0.031134 0.092084 0.000000
-0.003334 280.888885 151.111099 -0.000142 -0.001029 0.000000
0.001757 280.888885 153.777802 -0.000142 0.092084 0.000000
0.011940 280.000000 155.555603 -0.031133 0.061047 0.000000
-0.000788 280.000000 158.222198 -0.000142 0.092080 0.000000
-0.003334 280.000000 158.222198 -0.000142 -0.001029 0.000000
0.022123 279.111115 162.666702 -0.031133 0.154159 0.000000
0.006849 279.111115 166.222198 -0.000142 0.123118 0.000000
0.017032 278.222198 169.777802 -0.031134 0.123122 0.000000
0.006849 278.222198 174.222198 -0.000142 0.154156 0.000000
0.011940 277.333313 176.888901 -0.031133 0.092084 0.000000
-0.000788 277.333313 176.888901 -0.000142 -0.001029 0.000000
0.001757 276.444489 180.444397 -0.031131 0.123118 0.000000
0.014486 276.444489 183.111099 -0.000142 0.092084 0.000000
-0.000788 275.555511 185.777802 -0.031136 0.092084 0.000000
-0.000788 275.555511 185.777802 -0.000142 -0.001029 0.000000
0.011940 274.666687 188.444397 -0.031131 0.092080 0.000000
0.001757 274.666687 188.444397 -0.000142 -0.001029 0.000000
0.011940 274.666687 188.444397 -0.000142 -0.001029 0.000000
-0.000788 273.777802 189.333298 -0.031133 0.030009 0.000000
-0.000788 273.777802 189.333298 -0.000142 -0.001029 0.000000
0.011940 273.777802 190.222198 -0.000142 0.030009 0.000000
-0.000788 273.777802 190.222198 -0.000142 -0.001029 0.000000
0.001757 272.888885 192.000000 -0.031134 0.061047 0.000000
0.011940 272.000000 194.666702 -0.031133 0.092084 0.000000
0.004303 271.111115 198.222198 -0.031133 0.123118 0.000000
0.014486 269.333313 202.666702 -0.062125 0.154159 0.000000
-0.000788 267.555511 207.111099 -0.062125 0.154156 0.000000
0.001757 267.555511 207.111099 -0.000142 -0.001029 0.000000
0.011940 265.777802 211.555603 -0.062122 0.154159 0.000000
0.034852 262.222198 218.666702 -0.124108 0.247268 0.000000
0.052672 259.555511 224.000000 -0.093116 0.185193 0.000000
0.032306 258.666687 224.888901 -0.031131 0.030009 0.000000
0.052672 258.666687 227.555603 -0.000142 0.092084 0.000000
0.062855 258.666687 234.666702 -0.000142 0.247268 0.000000
0.039943 257.777802 241.777802 -0.031133 0.247268 0.000000
0.047580 254.222198 248.888901 -0.124108 0.247268 3.000000
0.042489 248.000000 253.333298 -0.217079 0.154156 3.000000
0.050126 234.666702 257.777802 -0.465008 0.154159 3.000000
0.037397 224.000000 257.777802 -0.372037 -0.001029 3.000000
0.034852 215.111099 257.777802 -0.310054 -0.001029 3.000000
0.052672 208.888901 256.888885 -0.217079 -0.032067 3.000000
0.037397 204.444397 256.888885 -0.155100 -0.001029 3.000000
-0.000788 201.777802 256.888885 -0.093113 -0.001029 3.000000
0.034852 200.000000 258.666687 -0.062125 0.061047 3.000000
0.045035 195.555603 263.111115 -0.155096 0.154157 3.000000
0.047580 193.777802 265.777802 -0.062125 0.092084 0.000000
0.032306 193.777802 269.333313 -0.000142 0.123119 0.000000
0.047580 192.888901 272.888885 -0.031134 0.123121 0.000000
0.052672 190.222198 280.000000 -0.093117 0.247269 0.000000
-0.000788 190.222198 280.000000 -0.000142 -0.001029 3.000000
0.027215 187.555603 283.555511 -0.093113 0.123119 3.000000
-0.000788 186.666702 284.444489 -0.031134 0.030012 3.000000
0.029760 185.777802 285.333313 -0.031134 0.030006 3.000000
0.029760 185.777802 285.333313 -0.000142 -0.001029 3.000000
0.050126 185.777802 285.333313 -0.000142 -0.001029 3.000000
0.045035 185.777802 285.333313 -0.000142 -0.001029 3.000000
0.042489 185.777802 285.333313 -0.000142 -0.001029 3.000000
0.014486 185.777802 285.333313 -0.000142 -0.001029 0.000000
0.011940 185.777802 285.333313 -0.000142 -0.001029 0.000000
0.047580 185.777802 285.333313 -0.000142 -0.001029 0.000000
-0.003334 185.777802 285.333313 -0.000142 -0.001029 0.000000
0.001757 185.777802 285.333313 -0.000142 -0.001029 0.000000
0.011940 185.777802 285.333313 -0.000142 -0.001029 0.000000
-0.003334 184.888901 285.333313 -0.031134 -0.001029 0.000000
0.004303 184.000000 285.333313 -0.031134 -0.001029 0.000000
0.009394 182.222198 284.444489 -0.062125 -0.032063 0.000000
-0.003334 182.222198 284.444489 -0.000142 -0.001029 0.000000
-0.000788 180.444397 282.666687 -0.062125 -0.063104 0.000000
0.024669 174.222198 280.000000 -0.217079 -0.094141 0.000000
0.004303 174.222198 280.000000 -0.000142 -0.001029 0.000000
0.017032 165.333298 278.222198 -0.310054 -0.063104 0.000000
0.001757 165.333298 278.222198 -0.000142 -0.001029 0.000000
0.014486 160.000000 277.333313 -0.186088 -0.032066 0.000000
-0.003334 155.555603 276.444489 -0.155096 -0.032063 0.000000
0.001757 155.555603 276.444489 -0.000142 -0.001029 0.000000
0.014486 147.555603 273.777802 -0.279062 -0.094141 0.000000
0.009394 144.000000 272.000000 -0.124108 -0.063104 0.000000
-0.005880 144.000000 272.000000 -0.000142 -0.001029 0.000000
0.011940 141.333298 270.222198 -0.093117 -0.063104 0.000000
-0.000788 138.666702 268.444489 -0.093113 -0.063101 0.000000
0.014486 136.000000 265.777802 -0.093117 -0.094141 0.000000
0.001757 133.333298 264.000000 -0.093117 -0.063104 0.000000
-0.000788 133.333298 264.000000 -0.000142 -0.001029 0.000000
0.011940 130.666702 262.222198 -0.093113 -0.063104 0.000000
0.001757 127.111099 261.333313 -0.124108 -0.032066 0.000000
0.011940 122.666702 259.555511 -0.155096 -0.063104 0.000000
0.001757 117.333298 258.666687 -0.186091 -0.032063 3.000000
0.001757 117.333298 258.666687 -0.000142 -0.001029 3.000000
0.014486 107.555603 258.666687 -0.341041 -0.001029 2.000000
0.001757 107.555603 258.666687 -0.000142 -0.001029 2.000000
-0.005880 102.222198 258.666687 -0.186091 -0.001029 2.000000
0.011940 97.777779 258.666687 -0.155097 -0.001029 2.000000
-0.003334 97.777779 258.666687 -0.000142 -0.001029 2.000000
-0.000788 93.333344 258.666687 -0.155097 -0.001029 2.000000
0.009394 89.777779 258.666687 -0.124107 -0.001029 2.000000
-0.000788 85.333344 258.666687 -0.155097 -0.001029 2.000000
0.001757 85.333344 258.666687 -0.000142 -0.001029 2.000000
0.011940 78.222221 259.555511 -0.248071 0.030006 2.000000
0.050126 71.111107 262.222198 -0.248071 0.092084 2.000000
0.027215 67.555557 263.111115 -0.124106 0.030010 2.000000
0.047580 60.444439 264.888885 -0.248071 0.061046 2.000000
0.045035 58.666672 264.888885 -0.062124 -0.001029 2.000000
0.055218 58.666672 264.888885 -0.000142 -0.001029 1.000000
0.039943 58.666672 264.888885 -0.000142 -0.001029 1.000000
0.032306 58.666672 264.888885 -0.000142 -0.001029 1.000000
0.024669 58.666672 264.888885 -0.000142 -0.001029 0.000000
0.014486 58.666672 264.888885 -0.000142 -0.001029 3.000000
0.042489 57.777779 264.888885 -0.031133 -0.001029 3.000000
0.039943 55.111111 261.333313 -0.093116 -0.125178 3.000000
0.060309 52.444439 256.888885 -0.093116 -0.156214 3.000000
0.039943 48.888889 253.333298 -0.124106 -0.125178 3.000000
0.037397 42.666672 250.666702 -0.217080 -0.094138 3.000000
0.001757 39.111111 249.777802 -0.124107 -0.032066 3.000000
0.004303 35.555561 248.888901 -0.124106 -0.032066 3.000000
0.011940 31.111111 248.000000 -0.155098 -0.032066 3.000000
0.034852 27.555559 247.111099 -0.124106 -0.032066 3.000000
0.027215 22.222219 246.222198 -0.186089 -0.032066 0.000000
0.014486 20.444441 246.222198 -0.062124 -0.001029 0.000000
0.037397 18.666670 246.222198 -0.062124 -0.001029 0.000000
0.037397 17.777781 246.222198 -0.031133 -0.001029 0.000000
0.050126 17.777781 246.222198 -0.000142 -0.001029 0.000000
0.032306 17.777781 246.222198 -0.000142 -0.001029 0.000000
0.052672 19.555559 245.333298 0.061840 -0.032066 0.000000
0.052672 23.111111 244.444397 0.123822 -0.032066 0.000000
0.032306 26.666670 241.777802 0.123822 -0.094138 0.000000
0.052672 32.000000 239.111099 0.185804 -0.094141 3.000000
0.050126 36.444439 236.444397 0.154813 -0.094141 3.000000
0.047580 43.555561 232.000000 0.247787 -0.156213 3.000000
0.032306 52.444439 226.666702 0.309769 -0.187250 3.000000
0.017032 57.777779 224.000000 0.185805 -0.094141 3.000000
0.014486 67.555557 215.111099 0.340760 -0.311401 3.000000
-0.003334 67.555557 215.111099 -0.000142 -0.001029 3.000000
0.004303 71.111107 210.666702 0.123822 -0.156213 3.000000
0.014486 75.555557 206.222198 0.154814 -0.156217 3.000000
-0.000788 75.555557 206.222198 -0.000142 -0.001029 3.000000
0.014486 82.666656 197.333298 0.247786 -0.311401 3.000000
0.001757 82.666656 197.333298 -0.000142 -0.001029 3.000000
0.001757 85.333344 192.000000 0.092832 -0.187250 3.000000
0.014486 88.888893 186.666702 0.123822 -0.187250 0.000000
-0.000788 92.444443 181.333298 0.123822 -0.187254 0.000000
-0.000788 95.111107 175.111099 0.092831 -0.218288 0.000000
0.011940 98.666656 168.888901 0.123822 -0.218288 0.000000
-0.000788 98.666656 168.888901 -0.000142 -0.001029 0.000000
0.014486 102.222198 162.666702 0.123822 -0.218288 0.000000
0.001757 105.777802 156.444397 0.123824 -0.218292 0.000000
-0.000788 109.333298 150.222198 0.123820 -0.218288 0.000000
0.014486 112.000000 144.888901 0.092832 -0.187250 0.000000
-0.000788 112.000000 144.888901 -0.000142 -0.001029 0.000000
0.004303 114.666702 139.555603 0.092832 -0.187250 0.000000
0.014486 116.444397 134.222198 0.061837 -0.187254 0.000000
0.001757 116.444397 129.777802 -0.000142 -0.156213 0.000000
0.011940 116.444397 125.333298 -0.000142 -0.156217 0.000000
-0.000788 116.444397 121.777802 -0.000142 -0.125175 0.000000
0.001757 116.444397 121.777802 -0.000142 -0.001029 0.000000
0.019577 116.444397 114.666702 -0.000142 -0.249326 0.000000
0.001757 115.555603 111.111099 -0.031130 -0.125179 0.000000
0.011940 114.666702 107.555603 -0.031134 -0.125175 0.000000
-0.000788 114.666702 107.555603 -0.000142 -0.001029 0.000000
0.004303 114.666702 103.111099 -0.000142 -0.156217 0.000000
0.014486 114.666702 98.666656 -0.000142 -0.156214 0.000000
0.001757 114.666702 93.333344 -0.000142 -0.187251 0.000000
0.014486 114.666702 88.888893 -0.000142 -0.156215 0.000000
0.001757 114.666702 88.888893 -0.000142 -0.001029 0.000000
-0.000788 114.666702 78.222221 -0.000142 -0.373475 0.000000
0.011940 114.666702 78.222221 -0.000142 -0.001029 0.000000
-0.000788 114.666702 73.777779 -0.000142 -0.156214 0.000000
0.011940 114.666702 70.222221 -0.000142 -0.125177 0.000000
0.001757 114.666702 65.777779 -0.000142 -0.156214 0.000000
-0.000788 114.666702 62.222221 -0.000142 -0.125177 0.000000
0.014486 114.666702 59.555561 -0.000142 -0.094140 0.000000
-0.003334 114.666702 59.555561 -0.000142 -0.001029 0.000000
0.001757 114.666702 56.000000 -0.000142 -0.125177 0.000000
0.014486 114.666702 53.333328 -0.000142 -0.094140 0.000000
0.001757 114.666702 50.666672 -0.000142 -0.094140 0.000000
0.001757 114.666702 50.666672 -0.000142 -0.001029 0.000000
0.011940 114.666702 46.222221 -0.000142 -0.156215 0.000000
-0.000788 114.666702 46.222221 -0.000142 -0.001029 0.000000
0.014486 114.666702 43.555561 -0.000142 -0.094140 0.000000
-0.003334 114.666702 43.555561 -0.000142 -0.001029 0.000000
0.001757 114.666702 42.666672 -0.000142 -0.032066 0.000000
0.011940 114.666702 41.777779 -0.000142 -0.032066 0.000000
-0.000788 114.666702 41.777779 -0.000142 -0.001029 0.000000
0.001757 114.666702 40.888889 -0.000142 -0.032066 0.000000
0.011940 114.666702 40.000000 -0.000142 -0.032066 0.000000
-0.000788 114.666702 40.000000 -0.000142 -0.001029 0.000000
0.014486 114.666702 40.000000 -0.000142 -0.001029 0.000000
-0.000788 114.666702 40.000000 -0.000142 -0.001029 0.000000
0.001757 114.666702 39.111111 -0.000142 -0.032066 0.000000
0.011940 114.666702 39.111111 -0.000142 -0.001029 0.000000
-0.000788 114.666702 39.111111 -0.000142 -0.001029 0.000000
-0.003334 114.666702 39.111111 -0.000142 -0.001029 0.000000
0.011940 114.666702 39.111111 -0.000142 -0.001029 0.000000
-0.000788 114.666702 39.111111 -0.000142 -0.001029 0.000000
0.001757 114.666702 39.111111 -0.000142 -0.001029 0.000000
0.011940 114.666702 39.111111 -0.000142 -0.001029 0.000000
-0.003334 114.666702 39.111111 -0.000142 -0.001029 0.000000
0.014486 114.666702 39.111111 -0.000142 -0.001029 0.000000
-0.000788 115.555603 39.111111 0.030849 -0.001029 0.000000
0.001757 115.555603 39.111111 -0.000142 -0.001029 0.000000
0.014486 115.555603 39.111111 -0.000142 -0.001029 0.000000
-0.000788 115.555603 39.111111 -0.000142 -0.001029 0.000000
0.001757 115.555603 39.111111 -0.000142 -0.001029 0.000000
0.011940 116.444397 40.888889 0.030846 0.061046 0.000000
-0.003334 116.444397 40.888889 -0.000142 -0.001029 0.000000
0.001757 116.444397 42.666672 -0.000142 0.061046 0.000000
0.011940 117.333298 43.555561 0.030849 0.030009 0.000000
-0.000788 117.333298 43.555561 -0.000142 -0.001029 0.000000
0.014486 118.222198 48.000000 0.030849 0.154157 0.000000
-0.000788 118.222198 48.000000 -0.000142 -0.001029 0.000000
0.001757 118.222198 50.666672 -0.000142 0.092083 0.000000
0.014486 118.222198 53.333328 -0.000142 0.092083 0.000000
-0.003334 118.222198 53.333328 -0.000142 -0.001029 0.000000
0.004303 118.222198 58.666672 -0.000142 0.185195 0.000000
0.011940 118.222198 58.666672 -0.000142 -0.001029 0.000000
0.001757 118.222198 62.222221 -0.000142 0.123120 0.000000
0.011940 118.222198 64.888893 -0.000142 0.092083 0.000000
-0.000788 118.222198 66.666656 -0.000142 0.061045 0.000000
0.001757 119.111099 69.333344 0.030849 0.092084 0.000000
0.011940 119.111099 71.111107 -0.000142 0.061045 0.000000
-0.000788 119.111099 71.111107 -0.000142 -0.001029 0.000000
0.001757 120.000000 72.888893 0.030849 0.061046 0.000000
0.011940 120.888901 74.666656 0.030849 0.061045 0.000000
0.001757 121.777802 76.444443 0.030849 0.061046 0.000000
0.001757 121.777802 76.444443 -0.000142 -0.001029 0.000000
0.014486 124.444397 79.111107 0.092829 0.092083 0.000000
0.004303 124.444397 79.111107 -0.000142 -0.001029 0.000000
0.011940 125.333298 80.888893 0.030849 0.061046 0.000000
-0.000788 125.333298 80.888893 -0.000142 -0.001029 0.000000
-0.000788 126.222198 81.777779 0.030849 0.030009 0.000000
0.011940 126.222198 82.666656 -0.000142 0.030008 0.000000
-0.000788 126.222198 82.666656 -0.000142 -0.001029 0.000000
0.001757 127.111099 83.555557 0.030849 0.030009 0.000000
0.011940 127.111099 84.444443 -0.000142 0.030009 0.000000
0.004303 128.000000 86.222221 0.030849 0.061046 0.000000
0.011940 128.000000 88.000000 -0.000142 0.061046 0.000000
-0.000788 128.000000 88.000000 -0.000142 -0.001029 0.000000
0.001757 128.888901 89.777779 0.030849 0.061046 0.000000
0.014486 130.666702 94.222221 0.061841 0.154157 0.000000
0.004303 130.666702 94.222221 -0.000142 -0.001029 0.000000
-0.003334 131.555603 96.888893 0.030849 0.092083 0.000000
0.009394 132.444397 99.555557 0.030846 0.092083 0.000000
0.004303 133.333298 102.222198 0.030849 0.092082 0.000000
0.011940 135.111099 104.888901 0.061841 0.092084 0.000000
-0.003334 135.111099 104.888901 -0.000142 -0.001029 0.000000
0.001757 136.000000 107.555603 0.030849 0.092084 0.000000
0.011940 136.888901 110.222198 0.030849 0.092080 0.000000
-0.000788 137.777802 112.000000 0.030849 0.061047 0.000000
0.001757 138.666702 114.666702 0.030849 0.092084 0.000000
0.014486 138.666702 114.666702 -0.000142 -0.001029 0.000000
0.001757 139.555603 117.333298 0.030849 0.092080 0.000000
0.014486 140.444397 120.000000 0.030846 0.092084 0.000000
-0.000788 141.333298 122.666702 0.030849 0.092084 0.000000
0.001757 143.111099 125.333298 0.061841 0.092080 0.000000
0.019577 144.000000 127.111099 0.030849 0.061047 0.000000
0.004303 146.666702 129.777802 0.092832 0.092084 0.000000
0.014486 148.444397 131.555603 0.061837 0.061047 0.000000
0.004303 151.111099 133.333298 0.092832 0.061043 0.000000
0.019577 152.888901 134.222198 0.061841 0.030009 0.000000
0.006849 154.666702 135.111099 0.061841 0.030009 0.000000
0.019577 156.444397 136.000000 0.061837 0.030009 0.000000
0.009394 157.333298 136.000000 0.030849 -0.001029 0.000000
0.024669 159.111099 137.777802 0.061841 0.061047 0.000000
0.004303 159.111099 138.666702 -0.000142 0.030009 0.000000
0.017032 160.000000 139.555603 0.030849 0.030009 0.000000
0.001757 160.888901 142.222198 0.030849 0.092080 0.000000
0.019577 161.777802 144.000000 0.030849 0.061047 0.000000
0.004303 162.666702 145.777802 0.030849 0.061047 0.000000
0.019577 163.555603 147.555603 0.030849 0.061047 0.000000
0.001757 164.444397 149.333298 0.030846 0.061043 0.000000
0.024669 167.111099 152.000000 0.092832 0.092084 0.000000
0.004303 167.111099 152.000000 -0.000142 -0.001029 0.000000
0.022123 168.888901 153.777802 0.061841 0.061047 0.000000
0.055218 173.333298 156.444397 0.154812 0.092080 0.000000
0.039943 176.000000 157.333298 0.092832 0.030009 0.000000
0.037397 178.666702 157.333298 0.092832 -0.001029 0.000000
0.039943 182.222198 157.333298 0.123820 -0.001029 0.000000
0.060309 189.333298 154.666702 0.247786 -0.094138 0.000000
0.034852 196.444397 152.000000 0.247786 -0.094141 0.000000
0.057763 206.222198 145.777802 0.340761 -0.218288 3.000000
0.037397 211.555603 140.444397 0.185807 -0.187254 3.000000
0.034852 213.333298 137.777802 0.061837 -0.094138 3.000000
0.057763 215.111099 131.555603 0.061841 -0.218288 3.000000
0.034852 216.000000 128.888901 0.030849 -0.094141 3.000000
0.057763 217.777802 127.111099 0.061841 -0.063104 3.000000
0.029760 222.222198 125.333298 0.154812 -0.063104 3.000000
-0.000788 224.000000 124.444397 0.061841 -0.032066 3.000000
-0.000788 224.000000 124.444397 -0.000142 -0.001029 3.000000
0.011940 227.555603 123.555603 0.123824 -0.032062 3.000000
-0.000788 227.555603 123.555603 -0.000142 -0.001029 3.000000
-0.000788 228.444397 122.666702 0.030846 -0.032066 3.000000
0.011940 228.444397 122.666702 -0.000142 -0.001029 3.000000
-0.003334 228.444397 122.666702 -0.000142 -0.001029 3.000000
-0.000788 228.444397 122.666702 -0.000142 -0.001029 0.000000
0.011940 228.444397 122.666702 -0.000142 -0.001029 0.000000
-0.003334 228.444397 122.666702 -0.000142 -0.001029 0.000000
0.001757 228.444397 122.666702 -0.000142 -0.001029 0.000000
0.011940 228.444397 122.666702 -0.000142 -0.001029 0.000000
-0.000788 228.444397 122.666702 -0.000142 -0.001029 0.000000
-0.000788 228.444397 122.666702 -0.000142 -0.001029 0.000000
0.011940 228.444397 121.777802 -0.000142 -0.032066 0.000000
0.001757 228.444397 121.777802 -0.000142 -0.001029 0.000000
0.022123 229.333298 120.000000 0.030849 -0.063104 0.000000
0.001757 229.333298 120.000000 -0.000142 -0.001029 0.000000
0.009394 230.222198 118.222198 0.030849 -0.063104 0.000000
0.014486 232.000000 116.444397 0.061841 -0.063104 0.000000
0.006849 233.777802 109.333298 0.061841 -0.249326 0.000000
0.014486 234.666702 105.777802 0.030849 -0.125175 0.000000
0.004303 234.666702 105.777802 -0.000142 -0.001029 0.000000
0.019577 234.666702 96.000000 -0.000142 -0.342438 0.000000
0.006849 234.666702 91.555557 -0.000142 -0.156214 0.000000
0.019577 234.666702 87.111107 -0.000142 -0.156215 0.000000
0.006849 233.777802 83.555557 -0.031134 -0.125177 0.000000
0.019577 232.000000 80.000000 -0.062125 -0.125177 0.000000
0.004303 231.111099 77.333344 -0.031134 -0.094140 0.000000
0.017032 231.111099 74.666656 -0.000142 -0.094141 0.000000
0.001757 230.222198 72.000000 -0.031134 -0.094140 0.000000
0.017032 230.222198 71.111107 -0.000142 -0.032066 0.000000
0.004303 230.222198 69.333344 -0.000142 -0.063102 0.000000
0.017032 230.222198 67.555557 -0.000142 -0.063103 0.000000
0.004303 230.222198 65.777779 -0.000142 -0.063103 0.000000
0.006849 230.222198 64.000000 -0.000142 -0.063103 0.000000
0.014486 230.222198 63.111111 -0.000142 -0.032066 0.000000
0.037397 228.444397 59.555561 -0.062125 -0.125177 0.000000
0.034852 226.666702 56.000000 -0.062121 -0.125177 0.000000
0.055218 224.000000 52.444439 -0.093117 -0.125177 0.000000
0.034852 224.000000 52.444439 -0.000142 -0.001029 0.000000
0.057763 223.111099 49.777779 -0.031134 -0.094140 0.000000
0.037397 223.111099 48.888889 -0.000142 -0.032066 0.000000
0.052672 224.888901 48.000000 0.061841 -0.032066 0.000000
0.055218 225.777802 48.000000 0.030849 -0.001029 0.000000
0.034852 228.444397 48.000000 0.092829 -0.001029 0.000000
0.034852 232.888901 52.444439 0.154815 0.154157 0.000000
0.022123 236.444397 56.000000 0.123820 0.123120 3.000000
0.011940 240.000000 60.444439 0.123824 0.154157 3.000000
0.045035 251.555603 70.222221 0.402744 0.340381 3.000000
0.045035 272.000000 84.444443 0.712652 0.495566 3.000000
-0.000788 272.000000 84.444443 -0.000142 -0.001029 3.000000
-0.000788 278.222198 87.111107 0.216795 0.092083 3.000000
0.009394 283.555511 89.777779 0.185804 0.092083 3.000000
-0.000788 289.777802 91.555557 0.216798 0.061046 3.000000
0.001757 289.777802 91.555557 -0.000142 -0.001029 3.000000
0.014486 294.222198 92.444443 0.154812 0.030009 3.000000
-0.000788 298.666687 92.444443 0.154815 -0.001029 3.000000
0.001757 298.666687 92.444443 -0.000142 -0.001029 3.000000
0.009394 305.777802 92.444443 0.247787 -0.001029 3.000000
-0.000788 305.777802 92.444443 -0.000142 -0.001029 3.000000
0.011940 308.444489 92.444443 0.092832 -0.001029 3.000000
-0.003334 312.000000 92.444443 0.123821 -0.001029 3.000000
0.004303 314.666687 92.444443 0.092832 -0.001029 0.000000
0.011940 317.333313 92.444443 0.092830 -0.001029 0.000000
-0.003334 317.333313 92.444443 -0.000142 -0.001029 0.000000
0.001757 320.888885 92.444443 0.123823 -0.001029 0.000000
0.011940 323.555511 92.444443 0.092830 -0.001029 0.000000
-0.000788 326.222198 92.444443 0.092832 -0.001029 0.000000
0.004303 329.777802 93.333344 0.123824 0.030009 0.000000
0.014486 332.444489 93.333344 0.092832 -0.001029 0.000000
0.001757 332.444489 93.333344 -0.000142 -0.001029 0.000000
0.009394 336.000000 94.222221 0.123821 0.030008 0.000000
-0.003334 339.555511 95.111107 0.123821 0.030009 0.000000
-0.000788 342.222198 96.000000 0.092832 0.030009 0.000000
0.011940 344.888885 96.000000 0.092832 -0.001029 0.000000
-0.000788 344.888885 96.000000 -0.000142 -0.001029 0.000000
0.001757 348.444489 96.000000 0.123824 -0.001029 0.000000
0.009394 352.000000 96.000000 0.123821 -0.001029 0.000000
0.001757 355.555511 96.000000 0.123821 -0.001029 0.000000
-0.000788 355.555511 96.000000 -0.000142 -0.001029 0.000000
0.011940 360.000000 96.000000 0.154815 -0.001029 0.000000
0.001757 363.555511 96.000000 0.123821 -0.001029 0.000000
0.014486 367.111115 96.000000 0.123824 -0.001029 0.000000
-0.000788 371.555511 96.000000 0.154812 -0.001029 0.000000
0.001757 371.555511 96.000000 -0.000142 -0.001029 0.000000
0.009394 375.111115 96.000000 0.123824 -0.001029 0.000000
-0.003334 379.555511 95.111107 0.154812 -0.032066 0.000000
-0.000788 379.555511 95.111107 -0.000142 -0.001029 0.000000
0.011940 387.555511 95.111107 0.278778 -0.001029 0.000000
-0.003334 387.555511 95.111107 -0.000142 -0.001029 0.000000
-0.000788 392.000000 95.111107 0.154815 -0.001029 0.000000
0.014486 395.555511 95.111107 0.123821 -0.001029 0.000000
-0.003334 395.555511 95.111107 -0.000142 -0.001029 0.000000
0.001757 399.111115 94.222221 0.123824 -0.032066 0.000000
0.009394 401.777802 94.222221 0.092832 -0.001029 0.000000
-0.000788 405.333313 93.333344 0.123821 -0.032065 0.000000
0.001757 405.333313 93.333344 -0.000142 -0.001029 0.000000
0.011940 411.555511 90.666656 0.216795 -0.094141 0.000000
-0.000788 411.555511 90.666656 -0.000142 -0.001029 0.000000
-0.000788 415.111115 89.777779 0.123824 -0.032065 0.000000
0.009394 418.666687 88.888893 0.123823 -0.032066 0.000000
-0.003334 418.666687 88.888893 -0.000142 -0.001029 0.000000
-0.000788 421.333313 88.000000 0.092830 -0.032066 0.000000
0.009394 424.888885 87.111107 0.123823 -0.032066 0.000000
-0.000788 428.444489 86.222221 0.123824 -0.032066 0.000000
0.014486 432.000000 86.222221 0.123821 -0.001029 0.000000
-0.000788 432.000000 86.222221 -0.000142 -0.001029 0.000000
0.001757 435.555511 85.333344 0.123821 -0.032065 0.000000
0.014486 439.111115 85.333344 0.123824 -0.001029 0.000000
-0.000788 442.666687 84.444443 0.123823 -0.032066 0.000000
0.004303 446.222198 84.444443 0.123821 -0.001029 0.000000
0.011940 449.777802 83.555557 0.123824 -0.032066 0.000000
-0.000788 449.777802 83.555557 -0.000142 -0.001029 0.000000
0.011940 454.222198 82.666656 0.154812 -0.032066 0.000000
-0.003334 454.222198 82.666656 -0.000142 -0.001029 0.000000
-0.000788 456.000000 82.666656 0.061841 -0.001029 0.000000
0.011940 457.777802 81.777779 0.061841 -0.032065 0.000000
-0.000788 457.777802 81.777779 -0.000142 -0.001029 0.000000
0.001757 457.777802 81.777779 -0.000142 -0.001029 0.000000
0.009394 458.666687 81.777779 0.030849 -0.001029 0.000000
-0.003334 458.666687 81.777779 -0.000142 -0.001029 0.000000
0.001757 458.666687 81.777779 -0.000142 -0.001029 0.000000
0.011940 458.666687 81.777779 -0.000142 -0.001029 0.000000
-0.000788 458.666687 81.777779 -0.000142 -0.001029 0.000000
0.001757 459.555511 81.777779 0.030847 -0.001029 0.000000
0.009394 461.333313 81.777779 0.061841 -0.001029 0.000000
-0.000788 461.333313 81.777779 -0.000142 -0.001029 0.000000
0.001757 463.111115 81.777779 0.061841 -0.001029 0.000000
0.009394 464.000000 81.777779 0.030849 -0.001029 0.000000
0.032306 466.666687 82.666656 0.092832 0.030008 0.000000
0.047580 467.555511 83.555557 0.030847 0.030009 0.000000
0.047580 467.555511 83.555557 -0.000142 -0.001029 0.000000
0.042489 467.555511 83.555557 -0.000142 -0.001029 0.000000
0.045035 467.555511 83.555557 -0.000142 -0.001029 0.000000
0.019577 467.555511 83.555557 -0.000142 -0.001029 3.000000
0.014486 467.555511 84.444443 -0.000142 0.030009 3.000000
0.034852 467.555511 87.111107 -0.000142 0.092083 3.000000
0.052672 468.444489 96.000000 0.030852 0.309343 3.000000
0.045035 469.333313 104.888901 0.030847 0.309344 3.000000
0.070492 472.888885 120.888901 0.123823 0.557641 3.000000
0.017032 474.666687 127.111099 0.061841 0.216231 3.000000
0.045035 480.000000 139.555603 0.185804 0.433494 3.000000
0.045035 485.333313 151.111099 0.185804 0.402453 3.000000
-0.005880 485.333313 151.111099 -0.000142 -0.001029 3.000000
-0.000788 485.333313 151.111099 -0.000142 -0.001029 3.000000
0.022123 487.111115 152.888901 0.061841 0.061047 3.000000
0.014486 487.111115 153.777802 -0.000142 0.030009 0.000000
0.011940 487.111115 153.777802 -0.000142 -0.001029 0.000000
0.039943 487.111115 153.777802 -0.000142 -0.001029 0.000000
0.042489 487.111115 153.777802 -0.000142 -0.001029 0.000000
0.045035 487.111115 154.666702 -0.000142 0.030009 0.000000
0.014486 487.111115 154.666702 -0.000142 -0.001029 3.000000
0.009394 486.222198 154.666702 -0.031134 -0.001029 3.000000
0.042489 483.555511 154.666702 -0.093116 -0.001029 3.000000
0.042489 479.111115 154.666702 -0.155096 -0.001029 3.000000
0.060309 472.000000 156.444397 -0.248071 0.061043 3.000000
0.045035 464.888885 160.888901 -0.248071 0.154159 3.000000
0.039943 456.000000 168.888901 -0.310053 0.278306 3.000000
0.042489 447.111115 180.444397 -0.310053 0.402453 3.000000
0.017032 440.888885 193.777802 -0.217080 0.464532 0.000000
0.011940 438.222198 200.888901 -0.093116 0.247268 0.000000
0.055218 435.555511 216.000000 -0.093116 0.526603 0.000000
-0.003334 434.666687 222.222198 -0.031131 0.216231 0.000000
0.009394 433.777802 229.333298 -0.031133 0.247268 0.000000
0.057763 432.000000 246.222198 -0.062125 0.588678 0.000000
0.029760 431.111115 250.666702 -0.031133 0.154159 0.000000
0.017032 430.222198 253.333298 -0.031134 0.092080 3.000000
0.011940 428.444489 257.777802 -0.062122 0.154159 3.000000
0.062855 426.666687 259.555511 -0.062125 0.061043 3.000000
0.034852 424.888885 259.555511 -0.062125 -0.001029 3.000000
0.052672 417.777802 255.111099 -0.248070 -0.156213 3.000000
0.039943 410.666687 245.333298 -0.248071 -0.342438 3.000000
0.037397 406.222198 240.000000 -0.155099 -0.187250 3.000000
0.057763 385.777802 223.111099 -0.712936 -0.590735 3.000000
0.037397 370.666687 212.444397 -0.526991 -0.373476 3.000000
-0.000788 363.555511 208.000000 -0.248073 -0.156213 0.000000
0.034852 348.444489 198.222198 -0.526988 -0.342438 0.000000
0.034852 330.666687 189.333298 -0.619965 -0.311401 0.000000
0.052672 313.777802 180.444397 -0.588973 -0.311401 0.000000
-0.000788 313.777802 180.444397 -0.000142 -0.001029 0.000000
0.032306 301.333313 173.333298 -0.434019 -0.249326 3.000000
0.047580 293.333313 165.333298 -0.279062 -0.280363 3.000000
0.027215 293.333313 163.555603 -0.000142 -0.063100 3.000000
0.047580 293.333313 162.666702 -0.000142 -0.032066 3.000000
0.052672 299.555511 161.777802 0.216795 -0.032066 3.000000
0.045035 305.777802 164.444397 0.216798 0.092080 3.000000
0.017032 312.888885 168.888901 0.247786 0.154159 3.000000
0.011940 316.444489 170.666702 0.123824 0.061047 0.000000
0.034852 322.666687 174.222198 0.216795 0.123118 0.000000
0.057763 326.222198 175.111099 0.123821 0.030009 0.000000
0.042489 328.000000 176.000000 0.061841 0.030009 0.000000
0.037397 328.888885 176.000000 0.030849 -0.001029 0.000000
0.055218 334.222198 176.888901 0.185804 0.030009 3.000000
0.039943 339.555511 179.555603 0.185804 0.092084 3.000000
0.037397 345.777802 181.333298 0.216798 0.061043 3.000000
0.001757 345.777802 181.333298 -0.000142 -0.001029 3.000000
0.004303 348.444489 182.222198 0.092832 0.030009 3.000000
0.009394 349.333313 182.222198 0.030847 -0.001029 3.000000
-0.003334 350.222198 182.222198 0.030849 -0.001029 3.000000
0.001757 350.222198 183.111099 -0.000142 0.030009 3.000000
0.009394 350.222198 184.000000 -0.000142 0.030009 3.000000
-0.003334 350.222198 184.000000 -0.000142 -0.001029 3.000000
0.011940 349.333313 184.888901 -0.031133 0.030009 3.000000
-0.000788 348.444489 187.555603 -0.031131 0.092084 3.000000
-0.000788 348.444489 187.555603 -0.000142 -0.001029 3.000000
0.011940 344.888885 192.888901 -0.124108 0.185193 3.000000
0.001757 344.888885 192.888901 -0.000142 -0.001029 0.000000
0.001757 343.111115 196.444397 -0.062124 0.123118 0.000000
0.006849 342.222198 200.000000 -0.031134 0.123122 0.000000
-0.000788 342.222198 200.000000 -0.000142 -0.001029 0.000000
0.001757 341.333313 204.444397 -0.031133 0.154156 0.000000
0.011940 340.444489 208.888901 -0.031131 0.154159 0.000000
-0.000788 340.444489 208.888901 -0.000142 -0.001029 0.000000
-0.000788 340.444489 214.222198 -0.000142 0.185193 0.000000
0.011940 338.666687 225.777802 -0.062125 0.402456 0.000000
-0.003334 338.666687 225.777802 -0.000142 -0.001029 0.000000
0.001757 336.888885 232.000000 -0.062125 0.216231 0.000000
0.011940 335.111115 239.111099 -0.062124 0.247268 0.000000
-0.000788 335.111115 239.111099 -0.000142 -0.001029 0.000000
0.001757 333.333313 245.333298 -0.062125 0.216231 0.000000
0.014486 330.666687 252.444397 -0.093114 0.247268 0.000000
-0.000788 328.888885 258.666687 -0.062125 0.216234 0.000000
0.014486 327.111115 264.888885 -0.062124 0.216231 0.000000
0.001757 326.222198 270.222198 -0.031134 0.185194 0.000000
-0.000788 326.222198 270.222198 -0.000142 -0.001029 0.000000
0.014486 325.333313 274.666687 -0.031133 0.154159 0.000000
-0.003334 325.333313 278.222198 -0.000142 0.123119 0.000000
-0.000788 325.333313 278.222198 -0.000142 -0.001029 0.000000
0.009394 325.333313 281.777802 -0.000142 0.123122 0.000000
-0.000788 325.333313 281.777802 -0.000142 -0.001029 0.000000
-0.000788 325.333313 282.666687 -0.000142 0.030009 0.000000
0.011940 326.222198 283.555511 0.030849 0.030006 0.000000
-0.000788 326.222198 283.555511 -0.000142 -0.001029 0.000000
-0.000788 327.111115 283.555511 0.030850 -0.001029 0.000000
0.011940 328.000000 283.555511 0.030849 -0.001029 0.000000
0.001757 329.777802 283.555511 0.061841 -0.001029 3.000000
0.011940 330.666687 283.555511 0.030849 -0.001029 3.000000
0.047580 333.333313 279.111115 0.092830 -0.156213 3.000000
0.050126 337.777802 266.666687 0.154815 -0.435548 3.000000
0.045035 343.111115 251.555603 0.185804 -0.528660 3.000000
0.055218 357.333313 225.777802 0.495715 -0.901108 3.000000
0.037397 361.777802 219.555603 0.154815 -0.218288 3.000000
0.039943 373.333313 212.444397 0.402741 -0.249329 3.000000
0.052672 380.444489 212.444397 0.247789 -0.001029 3.000000
0.037397 391.111115 215.111099 0.371750 0.092084 3.000000
0.037397 404.444489 220.444397 0.464726 0.185193 3.000000
0.057763 429.333313 231.111099 0.867607 0.371419 3.000000
0.034852 437.333313 234.666702 0.278778 0.123122 3.000000
-0.000788 443.555511 237.333298 0.216795 0.092080 0.000000
0.037397 452.444489 239.111099 0.309772 0.061047 0.000000
0.004303 455.111115 240.000000 0.092830 0.030009 0.000000
0.011940 456.888885 240.000000 0.061840 -0.001029 0.000000
0.050126 456.888885 240.000000 -0.000142 -0.001029 0.000000
0.047580 448.888885 238.222198 -0.279062 -0.063104 0.000000
0.045035 440.888885 235.555603 -0.279062 -0.094138 0.000000
0.047580 435.555511 232.888901 -0.186090 -0.094141 0.000000
0.032306 431.111115 230.222198 -0.155096 -0.094141 0.000000
0.047580 429.333313 227.555603 -0.062125 -0.094138 0.000000
0.050126 427.555511 222.222198 -0.062125 -0.187254 0.000000
0.047580 427.555511 215.111099 -0.000142 -0.249326 3.000000
0.047580 427.555511 200.000000 -0.000142 -0.528660 3.000000
0.047580 428.444489 186.666702 0.030852 -0.466585 3.000000
0.029760 429.333313 178.666702 0.030847 -0.280363 3.000000
0.047580 431.111115 151.111099 0.061841 -0.963183 2.000000
0.042489 432.000000 133.333298 0.030849 -0.621773 2.000000
-0.003334 432.000000 133.333298 -0.000142 -0.001029 2.000000
-0.000788 432.000000 125.333298 -0.000142 -0.280363 2.000000
0.011940 432.000000 119.111099 -0.000142 -0.218288 2.000000
-0.000788 431.111115 112.888901 -0.031133 -0.218288 2.000000
-0.000788 431.111115 112.888901 -0.000142 -0.001029 2.000000
0.017032 424.000000 104.000000 -0.248071 -0.311401 1.000000
0.006849 424.000000 104.000000 -0.000142 -0.001029 1.000000
-0.005880 418.666687 99.555557 -0.186088 -0.156214 1.000000
0.011940 412.444489 96.000000 -0.217079 -0.125177 1.000000
-0.000788 412.444489 96.000000 -0.000142 -0.001029 1.000000
0.001757 405.333313 92.444443 -0.248073 -0.125177 1.000000
0.009394 397.333313 88.888893 -0.279062 -0.125177 0.000000
-0.000788 390.222198 85.333344 -0.248071 -0.125177 0.000000
0.011940 383.111115 82.666656 -0.248070 -0.094141 0.000000
0.001757 377.777802 80.000000 -0.186088 -0.094140 0.000000
-0.003334 377.777802 80.000000 -0.000142 -0.001029 0.000000
0.011940 373.333313 78.222221 -0.155099 -0.063103 0.000000
-0.000788 369.777802 76.444443 -0.124105 -0.063103 0.000000
0.001757 369.777802 76.444443 -0.000142 -0.001029 0.000000
0.011940 364.444489 73.777779 -0.186088 -0.094140 0.000000
-0.000788 364.444489 73.777779 -0.000142 -0.001029 0.000000
0.004303 362.666687 72.000000 -0.062125 -0.063103 0.000000
0.009394 360.888885 71.111107 -0.062125 -0.032066 0.000000
-0.003334 360.888885 71.111107 -0.000142 -0.001029 0.000000
0.011940 354.666687 69.333344 -0.217079 -0.063102 0.000000
-0.000788 354.666687 69.333344 -0.000142 -0.001029 0.000000
0.001757 351.111115 69.333344 -0.124107 -0.001029 0.000000
0.011940 346.666687 69.333344 -0.155097 -0.001029 0.000000
0.001757 341.333313 69.333344 -0.186090 -0.001029 0.000000
-0.000788 341.333313 69.333344 -0.000142 -0.001029 0.000000
0.011940 332.444489 69.333344 -0.310051 -0.001029 0.000000
-0.000788 332.444489 69.333344 -0.000142 -0.001029 0.000000
0.001757 328.000000 69.333344 -0.155099 -0.001029 0.000000
0.011940 324.444489 69.333344 -0.124105 -0.001029 0.000000
-0.003334 324.444489 69.333344 -0.000142 -0.001029 0.000000
0.001757 321.777802 69.333344 -0.093116 -0.001029 0.000000
0.009394 320.000000 69.333344 -0.062125 -0.001029 0.000000
-0.000788 319.111115 69.333344 -0.031133 -0.001029 0.000000
-0.000788 319.111115 69.333344 -0.000142 -0.001029 0.000000
0.009394 317.333313 69.333344 -0.062125 -0.001029 0.000000
-0.003334 316.444489 69.333344 -0.031131 -0.001029 0.000000
0.014486 315.555511 69.333344 -0.031136 -0.001029 0.000000
-0.003334 315.555511 69.333344 -0.000142 -0.001029 0.000000
0.001757 313.777802 69.333344 -0.062122 -0.001029 0.000000
0.011940 312.888885 69.333344 -0.031134 -0.001029 0.000000
-0.003334 310.222198 70.222221 -0.093116 0.030008 0.000000
0.001757 310.222198 70.222221 -0.000142 -0.001029 0.000000
0.011940 305.777802 71.111107 -0.155096 0.030009 0.000000
-0.003334 305.777802 71.111107 -0.000142 -0.001029 0.000000
0.001757 303.111115 72.000000 -0.093116 0.030009 0.000000
0.009394 301.333313 72.888893 -0.062125 0.030009 0.000000
-0.003334 301.333313 72.888893 -0.000142 -0.001029 0.000000
-0.000788 298.666687 73.777779 -0.093114 0.030009 0.000000
0.011940 297.777802 73.777779 -0.031133 -0.001029 0.000000
-0.000788 296.888885 74.666656 -0.031134 0.030008 0.000000
-0.000788 296.888885 74.666656 -0.000142 -0.001029 0.000000
0.014486 296.000000 74.666656 -0.031133 -0.001029 0.000000
-0.000788 296.000000 74.666656 -0.000142 -0.001029 0.000000
-0.000788 296.000000 74.666656 -0.000142 -0.001029 0.000000
0.011940 295.111115 75.555557 -0.031133 0.030009 0.000000
0.001757 295.111115 75.555557 -0.000142 -0.001029 0.000000
0.011940 293.333313 76.444443 -0.062125 0.030009 0.000000
0.001757 293.333313 76.444443 -0.000142 -0.001029 0.000000
0.001757 291.555511 78.222221 -0.062125 0.061046 0.000000
0.009394 288.888885 79.111107 -0.093114 0.030009 0.000000
-0.000788 286.222198 80.000000 -0.093116 0.030009 0.000000
-0.000788 286.222198 80.000000 -0.000142 -0.001029 0.000000
0.011940 282.666687 81.777779 -0.124105 0.061046 0.000000
-0.000788 280.000000 82.666656 -0.093116 0.030008 0.000000
0.001757 280.000000 82.666656 -0.000142 -0.001029 0.000000
0.014486 274.666687 85.333344 -0.186088 0.092084 0.000000
-0.000788 274.666687 85.333344 -0.000142 -0.001029 0.000000
0.014486 272.888885 86.222221 -0.062125 0.030008 0.000000
-0.000788 272.888885 86.222221 -0.000142 -0.001029 0.000000
0.001757 272.000000 86.222221 -0.031133 -0.001029 0.000000
0.011940 272.000000 86.222221 -0.000142 -0.001029 0.000000
-0.000788 272.000000 86.222221 -0.000142 -0.001029 0.000000
-0.000788 272.000000 86.222221 -0.000142 -0.001029 0.000000
0.009394 272.000000 86.222221 -0.000142 -0.001029 0.000000
0.047580 270.222198 88.000000 -0.062125 0.061046 0.000000
0.047580 265.777802 92.444443 -0.155096 0.154157 0.000000
0.050126 260.444489 96.000000 -0.186088 0.123120 0.000000
0.032306 256.000000 98.666656 -0.155099 0.092083 0.000000
0.047580 253.333298 101.333298 -0.093117 0.092082 0.000000
0.060309 248.888901 106.666702 -0.155096 0.185197 0.000000
0.042489 245.333298 112.000000 -0.124108 0.185193 0.000000
0.042489 239.111099 119.111099 -0.217079 0.247268 0.000000
0.039943 232.000000 127.111099 -0.248071 0.278306 0.000000
0.039943 224.888901 134.222198 -0.248071 0.247268 3.000000
0.060309 219.555603 144.000000 -0.186088 0.340381 3.000000
0.050126 217.777802 152.888901 -0.062125 0.309344 3.000000
0.047580 216.888901 160.000000 -0.031134 0.247268 3.000000
0.006849 216.888901 163.555603 -0.000142 0.123122 3.000000
0.024669 216.000000 167.111099 -0.031134 0.123118 3.000000
0.017032 214.222198 173.333298 -0.062125 0.216231 3.000000
0.050126 212.444397 176.888901 -0.062125 0.123122 3.000000
0.032306 212.444397 179.555603 -0.000142 0.092084 0.000000
-0.000788 212.444397 179.555603 -0.000142 -0.001029 0.000000
0.047580 212.444397 180.444397 -0.000142 0.030005 0.000000
0.029760 212.444397 180.444397 -0.000142 -0.001029 0.000000
0.045035 212.444397 180.444397 -0.000142 -0.001029 0.000000
0.047580 210.666702 182.222198 -0.062121 0.061047 0.000000
0.001757 209.777802 184.000000 -0.031134 0.061047 3.000000
0.032306 208.000000 184.888901 -0.062125 0.030009 3.000000
0.047580 204.444397 186.666702 -0.124108 0.061047 3.000000
0.032306 199.111099 187.555603 -0.186088 0.030009 3.000000
0.042489 192.888901 187.555603 -0.217079 -0.001029 3.000000
0.047580 176.888901 182.222198 -0.557982 -0.187254 3.000000
0.047580 163.555603 174.222198 -0.465008 -0.280363 3.000000
0.017032 156.444397 169.777802 -0.248074 -0.156213 3.000000
0.014486 149.333298 165.333298 -0.248071 -0.156217 3.000000
-0.003334 142.222198 160.888901 -0.248071 -0.156213 0.000000
0.001757 135.111099 156.444397 -0.248071 -0.156217 0.000000
0.011940 128.000000 152.888901 -0.248071 -0.125175 0.000000
-0.003334 128.000000 152.888901 -0.000142 -0.001029 0.000000
0.011940 114.666702 146.666702 -0.465008 -0.218288 0.000000
-0.000788 114.666702 146.666702 -0.000142 -0.001029 0.000000
0.001757 109.333298 144.000000 -0.186091 -0.094141 0.000000
0.011940 104.000000 142.222198 -0.186088 -0.063104 0.000000
-0.003334 104.000000 142.222198 -0.000142 -0.001029 0.000000
0.001757 100.444397 142.222198 -0.124108 -0.001029 0.000000
0.014486 98.666656 141.333298 -0.062123 -0.032066 0.000000
-0.000788 96.888893 141.333298 -0.062124 -0.001029 0.000000
0.001757 96.888893 141.333298 -0.000142 -0.001029 0.000000
0.009394 96.888893 141.333298 -0.000142 -0.001029 0.000000
-0.003334 96.888893 141.333298 -0.000142 -0.001029 0.000000
0.001757 96.888893 142.222198 -0.000142 0.030009 0.000000
0.014486 96.888893 144.000000 -0.000142 0.061047 1.000000
0.004303 96.888893 147.555603 -0.000142 0.123122 1.000000
0.006849 98.666656 151.111099 0.061840 0.123118 1.000000
-0.000788 98.666656 151.111099 -0.000142 -0.001029 1.000000
0.001757 99.555557 156.444397 0.030849 0.185193 2.000000
0.014486 101.333298 162.666702 0.061839 0.216235 2.000000
0.001757 102.222198 168.888901 0.030849 0.216231 2.000000
-0.000788 102.222198 168.888901 -0.000142 -0.001029 2.000000
0.011940 104.888901 184.000000 0.092832 0.526603 2.000000
0.001757 104.888901 184.000000 -0.000142 -0.001029 2.000000
0.009394 105.777802 192.000000 0.030849 0.278306 2.000000
-0.003334 107.555603 200.000000 0.061841 0.278306 2.000000
-0.000788 107.555603 200.000000 -0.000142 -0.001029 2.000000
0.011940 109.333298 213.333298 0.061837 0.464528 2.000000
-0.003334 109.333298 213.333298 -0.000142 -0.001029 2.000000
0.001757 110.222198 219.555603 0.030849 0.216235 2.000000
0.011940 110.222198 224.888901 -0.000142 0.185193 1.000000
-0.000788 110.222198 224.888901 -0.000142 -0.001029 1.000000
0.001757 111.111099 229.333298 0.030849 0.154156 1.000000
0.014486 112.000000 234.666702 0.030849 0.185197 0.000000
-0.000788 112.888901 238.222198 0.030849 0.123118 0.000000
0.001757 112.888901 238.222198 -0.000142 -0.001029 0.000000
0.014486 113.777802 245.333298 0.030849 0.247268 0.000000
-0.000788 113.777802 245.333298 -0.000142 -0.001029 0.000000
0.009394 114.666702 248.000000 0.030849 0.092084 0.000000
-0.003334 115.555603 249.777802 0.030849 0.061047 0.000000
-0.000788 115.555603 249.777802 -0.000142 -0.001029 0.000000
0.011940 116.444397 251.555603 0.030846 0.061047 0.000000
-0.003334 116.444397 251.555603 -0.000142 -0.001029 0.000000
-0.000788 116.444397 252.444397 -0.000142 0.030005 0.000000
0.011940 116.444397 252.444397 -0.000142 -0.001029 0.000000
-0.000788 116.444397 252.444397 -0.000142 -0.001029 0.000000
0.001757 116.444397 252.444397 -0.000142 -0.001029 0.000000
0.009394 116.444397 252.444397 -0.000142 -0.001029 0.000000
-0.000788 116.444397 252.444397 -0.000142 -0.001029 0.000000
0.009394 116.444397 252.444397 -0.000142 -0.001029 0.000000
0.017032 116.444397 251.555603 -0.000142 -0.032062 0.000000
0.001757 116.444397 248.888901 -0.000142 -0.094141 0.000000
0.017032 116.444397 245.333298 -0.000142 -0.125179 0.000000
0.004303 116.444397 240.000000 -0.000142 -0.187250 0.000000
0.014486 116.444397 234.666702 -0.000142 -0.187250 0.000000
0.004303 117.333298 229.333298 0.030849 -0.187254 0.000000
0.017032 118.222198 224.000000 0.030849 -0.187250 0.000000
0.004303 119.111099 220.444397 0.030849 -0.125179 0.000000
0.006849 119.111099 220.444397 -0.000142 -0.001029 0.000000
0.014486 120.000000 211.555603 0.030849 -0.311397 0.000000
0.001757 120.000000 211.555603 -0.000142 -0.001029 0.000000
0.019577 120.888901 201.777802 0.030849 -0.342438 0.000000
-0.000788 120.888901 201.777802 -0.000142 -0.001029 0.000000
0.019577 120.888901 190.222198 -0.000142 -0.404514 0.000000
-0.000788 120.888901 190.222198 -0.000142 -0.001029 0.000000
0.006849 120.888901 184.000000 -0.000142 -0.218288 0.000000
0.011940 120.888901 176.888901 -0.000142 -0.249326 0.000000
0.001757 120.888901 168.888901 -0.000142 -0.280363 0.000000
0.019577 120.888901 161.777802 -0.000142 -0.249326 0.000000
0.001757 120.888901 154.666702 -0.000142 -0.249326 0.000000
0.034852 123.555603 142.222198 0.092832 -0.435551 0.000000
0.034852 126.222198 131.555603 0.092829 -0.373472 0.000000
0.047580 128.888901 124.444397 0.092832 -0.249329 0.000000
0.057763 134.222198 117.333298 0.185803 -0.249326 0.000000
0.032306 139.555603 112.888901 0.185807 -0.156213 3.000000
0.047580 146.666702 110.222198 0.247786 -0.094141 3.000000
0.042489 154.666702 106.666702 0.278778 -0.125175 3.000000
0.039943 161.777802 105.777802 0.247786 -0.032066 3.000000
0.045035 168.000000 108.444397 0.216795 0.092080 3.000000
0.042489 175.111099 118.222198 0.247786 0.340381 3.000000
0.067946 187.555603 141.333298 0.433735 0.805938 3.000000
0.032306 200.000000 156.444397 0.433732 0.526603 3.000000
0.039943 216.000000 169.777802 0.557698 0.464532 3.000000
0.039943 243.555603 186.666702 0.960584 0.588678 0.000000
0.001757 243.555603 186.666702 -0.000142 -0.001029 0.000000
0.001757 252.444397 191.111099 0.309766 0.154156 0.000000
0.011940 260.444489 195.555603 0.278781 0.154159 0.000000
0.001757 260.444489 195.555603 -0.000142 -0.001029 0.000000
0.014486 274.666687 203.555603 0.495715 0.278306 0.000000
-0.000788 274.666687 203.555603 -0.000142 -0.001029 0.000000
0.001757 280.888885 208.000000 0.216795 0.154156 0.000000
0.014486 286.222198 211.555603 0.185804 0.123122 0.000000
-0.000788 291.555511 214.222198 0.185804 0.092080 0.000000
0.001757 295.111115 216.888901 0.123824 0.092084 0.000000
0.011940 295.111115 216.888901 -0.000142 -0.001029 0.000000
-0.000788 297.777802 218.666702 0.092832 0.061047 0.000000
0.014486 300.444489 221.333298 0.092832 0.092080 0.000000
-0.000788 302.222198 223.111099 0.061838 0.061047 0.000000
0.004303 304.000000 226.666702 0.061841 0.123122 0.000000
0.019577 304.888885 229.333298 0.030849 0.092080 1.000000
0.004303 305.777802 232.888901 0.030850 0.123122 1.000000
0.014486 305.777802 236.444397 -0.000142 0.123118 1.000000
-0.000788 305.777802 240.888901 -0.000142 0.154159 2.000000
0.032306 305.777802 244.444397 -0.000142 0.123118 2.000000
0.034852 303.111115 252.444397 -0.093116 0.278306 2.000000
0.052672 298.666687 264.000000 -0.155097 0.402456 2.000000
0.060309 296.888885 272.000000 -0.062125 0.278306 3.000000
0.029760 296.888885 272.888885 -0.000142 0.030009 3.000000
0.032306 296.888885 273.777802 -0.000142 0.030010 0.000000
-0.000788 296.000000 273.777802 -0.031133 -0.001029 0.000000
0.032306 295.111115 273.777802 -0.031133 -0.001029 0.000000
-0.000788 293.333313 271.111115 -0.062125 -0.094141 0.000000
0.004303 289.777802 267.555511 -0.124105 -0.125179 0.000000
0.011940 286.222198 262.222198 -0.124108 -0.187251 0.000000
-0.000788 286.222198 262.222198 -0.000142 -0.001029 0.000000
0.011940 275.555511 248.000000 -0.372036 -0.497623 0.000000
0.001757 275.555511 248.000000 -0.000142 -0.001029 0.000000
-0.000788 268.444489 238.222198 -0.248068 -0.342438 0.000000
0.011940 260.444489 227.555603 -0.279062 -0.373472 3.000000
0.001757 251.555603 216.888901 -0.310053 -0.373476 3.000000
0.001757 251.555603 216.888901 -0.000142 -0.001029 3.000000
0.009394 234.666702 195.555603 -0.588974 -0.745920 3.000000
-0.000788 234.666702 195.555603 -0.000142 -0.001029 3.000000
-0.003334 226.666702 185.777802 -0.279062 -0.342438 3.000000
0.011940 219.555603 177.777802 -0.248071 -0.280363 3.000000
-0.000788 219.555603 177.777802 -0.000142 -0.001029 3.000000
0.001757 213.333298 170.666702 -0.217083 -0.249326 2.000000
0.011940 209.777802 164.444397 -0.124105 -0.218292 2.000000
0.001757 208.000000 160.000000 -0.062125 -0.156213 2.000000
0.011940 208.000000 155.555603 -0.000142 -0.156213 2.000000
-0.000788 208.000000 155.555603 -0.000142 -0.001029 2.000000
-0.000788 208.000000 151.111099 -0.000142 -0.156217 2.000000
0.014486 210.666702 147.555603 0.092832 -0.125175 2.000000
-0.003334 216.000000 144.888901 0.185803 -0.094141 2.000000
-0.003334 216.000000 144.888901 -0.000142 -0.001029 2.000000
0.011940 222.222198 142.222198 0.216795 -0.094141 2.000000
-0.003334 229.333298 141.333298 0.247786 -0.032066 1.000000
0.006849 238.222198 139.555603 0.309769 -0.063100 1.000000
0.006849 247.111099 138.666702 0.309769 -0.032066 1.000000
-0.000788 247.111099 138.666702 -0.000142 -0.001029 1.000000
0.001757 256.000000 138.666702 0.309769 -0.001029 1.000000
0.024669 274.666687 140.444397 0.650672 0.061043 0.000000
0.004303 274.666687 140.444397 -0.000142 -0.001029 0.000000
0.022123 293.333313 142.222198 0.650670 0.061047 0.000000
0.004303 293.333313 142.222198 -0.000142 -0.001029 0.000000
0.011940 310.222198 144.888901 0.588689 0.092084 0.000000
-0.003334 310.222198 144.888901 -0.000142 -0.001029 0.000000
-0.000788 317.333313 145.777802 0.247787 0.030009 0.000000
0.009394 323.555511 146.666702 0.216795 0.030009 0.000000
-0.000788 323.555511 146.666702 -0.000142 -0.001029 0.000000
0.011940 333.333313 147.555603 0.340761 0.030009 0.000000
-0.003334 333.333313 147.555603 -0.000142 -0.001029 0.000000
0.001757 337.777802 147.555603 0.154815 -0.001029 0.000000
0.009394 341.333313 147.555603 0.123821 -0.001029 0.000000
-0.003334 341.333313 147.555603 -0.000142 -0.001029 0.000000
0.001757 345.777802 146.666702 0.154815 -0.032066 0.000000
0.011940 349.333313 145.777802 0.123821 -0.032066 0.000000
-0.003334 349.333313 145.777802 -0.000142 -0.001029 0.000000
-0.000788 353.777802 144.888901 0.154815 -0.032066 0.000000
0.009394 359.111115 143.111099 0.185804 -0.063104 0.000000
-0.003334 359.111115 143.111099 -0.000142 -0.001029 0.000000
