0.042489 323.555511 222.222198 0.774635 0.061047 0.000000
0.042489 341.333313 231.111099 0.619681 0.309344 0.000000
0.047580 356.444489 243.555603 0.526709 0.433494 0.000000
0.004303 363.555511 250.666702 0.247784 0.247268 0.000000
0.022123 371.555511 256.888885 0.278778 0.216230 0.000000
0.039943 386.666687 268.444489 0.526709 0.402456 0.000000
0.001757 392.888885 272.888885 0.216795 0.154156 0.000000
0.042489 405.333313 280.000000 0.433733 0.247269 0.000000
0.011940 414.222198 284.444489 0.309769 0.154159 2.000000
0.014486 414.222198 284.444489 -0.000142 -0.001029 2.000000
0.006849 417.777802 285.333313 0.123824 0.030006 2.000000
0.019577 426.666687 285.333313 0.309769 -0.001029 2.000000
0.034852 430.222198 285.333313 0.123821 -0.001029 2.000000
0.039943 444.444489 279.111115 0.495718 -0.218288 2.000000
0.062855 462.222198 264.888885 0.619678 -0.497624 2.000000
0.006849 462.222198 264.888885 -0.000142 -0.001029 2.000000
0.017032 474.666687 253.333298 0.433735 -0.404513 2.000000
0.050126 484.444489 242.666702 0.340761 -0.373472 2.000000
0.006849 488.000000 238.222198 0.123821 -0.156217 3.000000
0.022123 492.444489 234.666702 0.154815 -0.125175 0.000000
0.006849 496.000000 232.000000 0.123821 -0.094141 0.000000
0.022123 501.333313 224.888901 0.185804 -0.249326 0.000000
0.019577 504.000000 221.333298 0.092832 -0.125179 0.000000
0.039943 508.444489 210.666702 0.154815 -0.373472 0.000000
0.067946 507.555511 189.333298 -0.031136 -0.745923 0.000000
0.037397 496.888885 175.111099 -0.372034 -0.497623 0.000000
0.039943 478.222198 165.333298 -0.650956 -0.342438 0.000000
0.042489 456.000000 159.111099 -0.774919 -0.218288 0.000000
0.004303 444.444489 157.333298 -0.403025 -0.063104 0.000000
0.014486 432.888885 155.555603 -0.403028 -0.063100 0.000000
0.004303 422.222198 153.777802 -0.372036 -0.063104 2.000000
0.009394 410.666687 152.000000 -0.403025 -0.063104 2.000000
0.011940 398.222198 150.222198 -0.434019 -0.063104 2.000000
0.004303 385.777802 147.555603 -0.434016 -0.094138 2.000000
0.014486 369.777802 144.888901 -0.557982 -0.094141 2.000000
0.004303 352.000000 143.111099 -0.619965 -0.063104 2.000000
0.019577 331.555511 142.222198 -0.712939 -0.032066 2.000000
0.004303 310.222198 142.222198 -0.743928 -0.001029 2.000000
0.017032 288.888885 143.111099 -0.743928 0.030009 2.000000
0.004303 271.111115 145.777802 -0.619964 0.092084 2.000000
0.022123 256.000000 149.333298 -0.526991 0.123118 2.000000
0.004303 243.555603 153.777802 -0.434016 0.154159 2.000000
0.009394 233.777802 158.222198 -0.341045 0.154156 2.000000
0.014486 226.666702 163.555603 -0.248071 0.185197 2.000000
0.039943 219.555603 184.888901 -0.248071 0.743862 3.000000
0.006849 219.555603 184.888901 -0.000142 -0.001029 0.000000
0.017032 220.444397 192.888901 0.030846 0.278306 0.000000
0.037397 232.000000 207.111099 0.402744 0.495565 0.000000
0.052672 259.555511 219.555603 0.960581 0.433494 0.000000
0.034852 280.888885 221.333298 0.743646 0.061043 0.000000
0.057763 312.888885 215.111099 1.115538 -0.218288 0.000000
0.034852 322.666687 209.777802 0.340761 -0.187250 0.000000
0.004303 331.555511 203.555603 0.309767 -0.218288 0.000000
0.004303 341.333313 195.555603 0.340761 -0.280363 0.000000
0.011940 350.222198 185.777802 0.309769 -0.342438 0.000000
0.006849 358.222198 175.111099 0.278778 -0.373476 0.000000
0.019577 366.222198 163.555603 0.278778 -0.404510 1.000000
0.004303 374.222198 151.111099 0.278778 -0.435551 1.000000
0.014486 382.222198 140.444397 0.278778 -0.373476 1.000000
0.004303 389.333313 130.666702 0.247787 -0.342435 2.000000
0.019577 395.555511 123.555603 0.216795 -0.249326 2.000000
0.001757 400.888885 117.333298 0.185806 -0.218292 2.000000
0.017032 404.444489 112.888901 0.123824 -0.156213 2.000000
0.001757 407.111115 108.444397 0.092830 -0.156217 2.000000
0.027215 408.888885 104.888901 0.061840 -0.125175 2.000000
0.004303 408.888885 100.444397 -0.000142 -0.156217 2.000000
0.024669 406.222198 89.777779 -0.093116 -0.373473 2.000000
0.045035 399.111115 80.888893 -0.248070 -0.311400 2.000000
0.042489 390.222198 73.777779 -0.310054 -0.249326 2.000000
0.047580 371.555511 69.333344 -0.650956 -0.156214 0.000000
0.047580 352.000000 69.333344 -0.681945 -0.001029 0.000000
0.039943 326.222198 69.333344 -0.898885 -0.001029 0.000000
0.060309 289.777802 64.888893 -1.270776 -0.156215 0.000000
0.006849 280.888885 62.222221 -0.310054 -0.094140 0.000000
0.014486 273.777802 57.777779 -0.248070 -0.156214 0.000000
0.037397 263.111115 50.666672 -0.372036 -0.249326 0.000000
0.037397 254.222198 46.222221 -0.310054 -0.156215 0.000000
0.062855 244.444397 45.333328 -0.341045 -0.032066 0.000000
0.006849 231.111099 51.555561 -0.465008 0.216232 1.000000
0.014486 231.111099 51.555561 -0.000142 -0.001029 1.000000
0.037397 210.666702 69.333344 -0.712936 0.619715 2.000000
0.042489 202.666702 83.555557 -0.279062 0.495566 2.000000
0.065400 199.111099 102.222198 -0.124108 0.650751 2.000000
0.039943 195.555603 127.111099 -0.124105 0.868013 2.000000
0.001757 192.888901 143.111099 -0.093117 0.557641 2.000000
0.014486 190.222198 159.111099 -0.093117 0.557641 2.000000
0.019577 182.222198 191.111099 -0.279062 1.116310 2.000000
0.014486 177.777802 205.333298 -0.155096 0.495565 2.000000
0.034852 170.666702 225.777802 -0.248071 0.712829 2.000000
0.004303 168.000000 232.000000 -0.093117 0.216231 3.000000
0.004303 168.000000 232.000000 -0.000142 -0.001029 0.000000
0.022123 163.555603 239.111099 -0.155096 0.247268 0.000000
0.019577 160.888901 239.111099 -0.093117 -0.001029 0.000000
0.022123 157.333298 239.111099 -0.124108 -0.001029 0.000000
0.019577 147.555603 237.333298 -0.341041 -0.063104 0.000000
0.006849 140.444397 235.555603 -0.248074 -0.063100 0.000000
0.017032 132.444397 233.777802 -0.279062 -0.063104 0.000000
0.009394 122.666702 233.777802 -0.341041 -0.001029 0.000000
0.027215 104.000000 234.666702 -0.650957 0.030009 0.000000
0.019577 96.000000 236.444397 -0.279062 0.061043 0.000000
0.011940 88.888893 237.333298 -0.248071 0.030009 0.000000
0.019577 82.666656 238.222198 -0.217080 0.030009 0.000000
0.011940 76.444443 238.222198 -0.217080 -0.001029 0.000000
0.024669 67.555557 237.333298 -0.310053 -0.032066 0.000000
0.009394 62.222221 233.777802 -0.186089 -0.125175 1.000000
0.027215 50.666672 225.777802 -0.403026 -0.280363 2.000000
0.006849 50.666672 225.777802 -0.000142 -0.001029 2.000000
0.024669 40.000000 214.222198 -0.372036 -0.404514 2.000000
0.022123 36.444439 208.000000 -0.124107 -0.218288 2.000000
0.052672 32.888889 188.444397 -0.124106 -0.683848 2.000000
0.034852 37.333328 174.222198 0.154813 -0.497623 2.000000
0.057763 46.222221 160.888901 0.309769 -0.466585 2.000000
0.042489 55.111111 150.222198 0.309769 -0.373476 2.000000
0.045035 70.222221 138.666702 0.526707 -0.404510 0.000000
0.009394 76.444443 134.222198 0.216796 -0.156217 0.000000
0.011940 84.444443 129.777802 0.278778 -0.156213 0.000000
0.039943 99.555557 123.555603 0.526707 -0.218288 0.000000
0.042489 113.777802 121.777802 0.495716 -0.063104 0.000000
0.047580 124.444397 129.777802 0.371749 0.278306 0.000000
0.045035 132.444397 147.555603 0.278778 0.619716 0.000000
0.037397 136.888901 171.555603 0.154815 0.836975 0.000000
0.062855 150.222198 206.222198 0.464723 1.209419 0.000000
0.004303 157.333298 215.111099 0.247786 0.309344 0.000000
0.019577 171.555603 233.777802 0.495719 0.650753 1.000000
0.009394 171.555603 233.777802 -0.000142 -0.001029 1.000000
0.009394 179.555603 241.777802 0.278778 0.278306 1.000000
0.001757 186.666702 250.666702 0.247786 0.309344 2.000000
0.004303 194.666702 258.666687 0.278778 0.278306 2.000000
0.006849 200.888901 267.555511 0.216795 0.309341 2.000000
-0.000788 200.888901 267.555511 -0.000142 -0.001029 2.000000
-0.000788 207.111099 276.444489 0.216795 0.309346 2.000000
0.014486 212.444397 285.333313 0.185803 0.309341 2.000000
-0.000788 218.666702 292.444489 0.216799 0.247271 2.000000
0.011940 224.888901 298.666687 0.216795 0.216231 2.000000
0.001757 224.888901 298.666687 -0.000142 -0.001029 2.000000
-0.000788 232.000000 303.111115 0.247786 0.154157 2.000000
0.014486 240.000000 306.666687 0.278778 0.123121 2.000000
-0.000788 248.000000 308.444489 0.278778 0.061047 2.000000
0.004303 248.000000 308.444489 -0.000142 -0.001029 2.000000
0.014486 262.222198 308.444489 0.495715 -0.001029 2.000000
0.029760 273.777802 306.666687 0.402744 -0.063104 2.000000
0.019577 279.111115 304.000000 0.185804 -0.094141 0.000000
0.017032 284.444489 300.444489 0.185806 -0.125176 0.000000
0.037397 295.111115 291.555511 0.371750 -0.311403 0.000000
0.057763 314.666687 269.333313 0.681663 -0.776957 0.000000
0.039943 333.333313 252.444397 0.650670 -0.590736 0.000000
0.034852 352.888885 240.888901 0.681663 -0.404510 0.000000
0.057763 370.666687 236.444397 0.619681 -0.156217 0.000000
0.001757 378.666687 235.555603 0.278778 -0.032062 0.000000
0.017032 386.666687 234.666702 0.278778 -0.032066 0.000000
0.004303 393.777802 234.666702 0.247787 -0.001029 0.000000
0.017032 401.777802 234.666702 0.278778 -0.001029 0.000000
0.004303 408.888885 234.666702 0.247786 -0.001029 1.000000
0.004303 416.888885 236.444397 0.278778 0.061043 2.000000
0.017032 424.000000 239.111099 0.247787 0.092084 2.000000
0.001757 431.111115 241.777802 0.247787 0.092084 2.000000
0.011940 436.444489 246.222198 0.185806 0.154156 2.000000
-0.000788 440.888885 249.777802 0.154812 0.123122 2.000000
0.004303 440.888885 249.777802 -0.000142 -0.001029 2.000000
0.014486 444.444489 257.777802 0.123824 0.278306 2.000000
0.004303 444.444489 257.777802 -0.000142 -0.001029 2.000000
0.014486 440.888885 264.000000 -0.124108 0.216231 2.000000
0.001757 440.888885 264.000000 -0.000142 -0.001029 2.000000
0.014486 435.555511 265.777802 -0.186090 0.061047 2.000000
0.055218 410.666687 268.444489 -0.867891 0.092084 2.000000
0.032306 391.111115 265.777802 -0.681947 -0.094141 2.000000
0.006849 382.222198 263.111115 -0.310054 -0.094141 0.000000
0.034852 374.222198 259.555511 -0.279062 -0.125179 0.000000
0.037397 355.555511 255.111099 -0.650956 -0.156213 0.000000
0.062855 324.444489 256.888885 -1.084828 0.061046 0.000000
0.019577 316.444489 261.333313 -0.279062 0.154157 0.000000
0.067946 312.000000 282.666687 -0.155099 0.743865 0.000000
0.045035 328.888885 289.777802 0.588689 0.247269 0.000000
0.042489 355.555511 294.222198 0.929590 0.154156 0.000000
0.045035 384.888885 299.555511 1.022566 0.185194 0.000000
0.004303 399.111115 304.000000 0.495716 0.154159 3.000000
0.019577 411.555511 308.444489 0.433732 0.154159 3.000000
0.004303 422.222198 312.888885 0.371752 0.154156 2.000000
0.019577 432.000000 316.444489 0.340761 0.123122 2.000000
0.039943 445.333313 321.777802 0.464724 0.185194 2.000000
0.039943 455.111115 320.888885 0.340761 -0.032067 2.000000
0.057763 459.555511 309.333313 0.154812 -0.404512 2.000000
0.034852 464.888885 286.222198 0.185806 -0.807995 2.000000
0.057763 477.333313 233.777802 0.433733 -1.832220 2.000000
0.004303 482.666687 215.111099 0.185806 -0.652811 2.000000
0.014486 487.111115 198.222198 0.154813 -0.590735 2.000000
0.042489 491.555511 170.666702 0.154812 -0.963179 0.000000
0.017032 491.555511 159.111099 -0.000142 -0.404514 0.000000
0.006849 490.666687 149.333298 -0.031131 -0.342438 0.000000
0.001757 488.888885 140.444397 -0.062125 -0.311401 0.000000
0.004303 488.888885 140.444397 -0.000142 -0.001029 0.000000
0.017032 483.555511 123.555603 -0.186090 -0.590732 0.000000
0.039943 480.000000 111.111099 -0.124105 -0.435551 0.000000
0.042489 476.444489 102.222198 -0.124105 -0.311401 0.000000
0.037397 473.777802 97.777779 -0.093116 -0.156214 0.000000
0.055218 466.666687 96.000000 -0.248071 -0.063103 0.000000
0.042489 442.666687 96.000000 -0.836902 -0.001029 0.000000
0.004303 432.000000 96.888893 -0.372036 0.030009 1.000000
0.019577 421.333313 97.777779 -0.372036 0.030009 1.000000
0.006849 411.555511 98.666656 -0.341045 0.030008 2.000000
0.019577 403.555511 99.555557 -0.279062 0.030009 2.000000
0.004303 395.555511 101.333298 -0.279062 0.061044 2.000000
0.022123 386.666687 103.111099 -0.310051 0.061047 2.000000
0.009394 377.777802 104.888901 -0.310053 0.061047 2.000000
0.019577 368.000000 107.555603 -0.341045 0.092084 2.000000
0.006849 356.444489 110.222198 -0.403025 0.092080 2.000000
0.022123 328.888885 117.333298 -0.960868 0.247268 2.000000
0.004303 313.777802 121.777802 -0.526990 0.154159 2.000000
0.022123 301.333313 127.111099 -0.434019 0.185193 2.000000
0.006849 290.666687 133.333298 -0.372034 0.216231 2.000000
0.022123 282.666687 138.666702 -0.279062 0.185197 2.000000
0.006849 277.333313 143.111099 -0.186090 0.154156 2.000000
0.024669 272.000000 152.888901 -0.186088 0.340381 0.000000
0.006849 272.000000 152.888901 -0.000142 -0.001029 0.000000
0.014486 272.000000 164.444397 -0.000142 0.402453 0.000000
0.006849 274.666687 171.555603 0.092832 0.247272 0.000000
0.011940 279.111115 178.666702 0.154813 0.247268 0.000000
0.001757 279.111115 178.666702 -0.000142 -0.001029 0.000000
0.017032 289.777802 192.000000 0.371752 0.464528 0.000000
-0.000788 289.777802 192.000000 -0.000142 -0.001029 0.000000
0.001757 296.888885 196.444397 0.247786 0.154156 0.000000
0.014486 304.000000 200.000000 0.247787 0.123122 0.000000
0.034852 321.777802 201.777802 0.619681 0.061047 0.000000
0.050126 339.555511 200.888901 0.619678 -0.032066 0.000000
0.052672 357.333313 195.555603 0.619681 -0.187250 0.000000
0.032306 364.444489 192.000000 0.247789 -0.125179 0.000000
0.004303 367.111115 190.222198 0.092830 -0.063104 1.000000
0.037397 369.777802 188.444397 0.092832 -0.063104 2.000000
0.037397 373.333313 185.777802 0.123821 -0.094138 2.000000
0.032306 374.222198 184.888901 0.030849 -0.032066 2.000000
0.055218 369.777802 192.000000 -0.155096 0.247268 2.000000
0.009394 365.333313 196.444397 -0.155099 0.154156 2.000000
0.017032 361.777802 202.666702 -0.124105 0.216235 2.000000
0.047580 357.333313 215.111099 -0.155099 0.433490 2.000000
0.006849 356.444489 221.333298 -0.031131 0.216231 2.000000
0.022123 356.444489 236.444397 -0.000142 0.526603 2.000000
0.011940 356.444489 244.444397 -0.000142 0.278306 2.000000
0.014486 356.444489 254.222198 -0.000142 0.340381 0.000000
0.009394 356.444489 263.111115 -0.000142 0.309344 0.000000
0.014486 356.444489 272.888885 -0.000142 0.340380 0.000000
0.004303 355.555511 280.888885 -0.031136 0.278306 0.000000
0.019577 353.777802 288.888885 -0.062122 0.278306 0.000000
0.004303 352.000000 295.111115 -0.062125 0.216232 0.000000
0.024669 350.222198 301.333313 -0.062125 0.216231 0.000000
0.006849 348.444489 304.888885 -0.062122 0.123121 0.000000
0.019577 346.666687 310.222198 -0.062125 0.185194 0.000000
0.004303 345.777802 311.111115 -0.031133 0.030010 0.000000
0.019577 345.777802 311.111115 -0.000142 -0.001029 0.000000
0.004303 345.777802 311.111115 -0.000142 -0.001029 0.000000
0.011940 345.777802 308.444489 -0.000142 -0.094139 0.000000
0.065400 347.555511 285.333313 0.061838 -0.807997 0.000000
0.050126 351.111115 254.222198 0.123824 -1.087330 0.000000
0.009394 352.888885 233.777802 0.061840 -0.714882 1.000000
0.014486 354.666687 209.777802 0.061841 -0.839032 1.000000
0.006849 356.444489 184.000000 0.061841 -0.901108 2.000000
0.019577 357.333313 158.222198 0.030847 -0.901108 2.000000
0.045035 353.777802 99.555557 -0.124105 -2.049481 2.000000
0.022123 349.333313 85.333344 -0.155099 -0.497623 2.000000
0.047580 336.888885 62.222221 -0.434017 -0.807996 2.000000
0.004303 330.666687 53.333328 -0.217079 -0.311400 2.000000
0.034852 320.888885 39.111111 -0.341045 -0.497623 2.000000
0.039943 317.333313 32.888889 -0.124107 -0.218289 2.000000
0.037397 316.444489 31.111111 -0.031131 -0.063103 2.000000
0.001757 316.444489 30.222219 -0.000142 -0.032066 0.000000
0.039943 313.777802 31.111111 -0.093116 0.030009 0.000000
0.042489 304.000000 37.333328 -0.341045 0.216232 0.000000
0.039943 290.666687 47.111111 -0.465008 0.340381 0.000000
0.004303 281.777802 53.333328 -0.310053 0.216232 0.000000
0.022123 273.777802 60.444439 -0.279062 0.247269 0.000000
0.004303 263.111115 68.444443 -0.372036 0.278306 0.000000
0.027215 239.111099 86.222221 -0.836903 0.619715 0.000000
0.009394 239.111099 86.222221 -0.000142 -0.001029 0.000000
0.027215 209.777802 103.111099 -1.022848 0.588677 0.000000
0.022123 177.777802 117.333298 -1.115822 0.495565 0.000000
0.009394 177.777802 117.333298 -0.000142 -0.001029 0.000000
0.022123 147.555603 128.000000 -1.053839 0.371419 0.000000
0.014486 136.000000 131.555603 -0.403028 0.123122 1.000000
0.027215 120.888901 135.111099 -0.526991 0.123118 1.000000
0.022123 117.333298 136.000000 -0.124108 0.030009 2.000000
0.011940 115.555603 136.000000 -0.062121 -0.001029 2.000000
0.019577 115.555603 136.000000 -0.000142 -0.001029 2.000000
0.045035 124.444397 133.333298 0.309766 -0.094141 2.000000
0.057763 141.333298 126.222198 0.588689 -0.249326 2.000000
0.039943 176.000000 107.555603 1.208512 -0.652807 2.000000
0.039943 190.222198 101.333298 0.495715 -0.218292 2.000000
0.039943 222.222198 90.666656 1.115538 -0.373474 2.000000
0.024669 253.333298 88.888893 1.084546 -0.063102 3.000000
0.017032 266.666687 92.444443 0.464726 0.123120 3.000000
0.001757 279.111115 98.666656 0.433733 0.216231 0.000000
0.017032 288.000000 104.888901 0.309769 0.216232 0.000000
0.037397 303.111115 121.777802 0.526707 0.588678 0.000000
0.004303 308.444489 130.666702 0.185806 0.309344 0.000000
0.004303 312.000000 139.555603 0.123821 0.309344 0.000000
0.017032 314.666687 148.444397 0.092832 0.309340 0.000000
0.042489 316.444489 162.666702 0.061841 0.495569 0.000000
0.032306 312.888885 174.222198 -0.124108 0.402453 0.000000
0.055218 295.111115 184.888901 -0.619964 0.371419 0.000000
0.037397 287.111115 185.777802 -0.279062 0.030009 0.000000
0.001757 276.444489 186.666702 -0.372034 0.030009 1.000000
0.017032 264.000000 186.666702 -0.434019 -0.001029 1.000000
0.004303 250.666702 184.000000 -0.465008 -0.094141 2.000000
0.001757 234.666702 181.333298 -0.557982 -0.094141 2.000000
0.011940 218.666702 178.666702 -0.557982 -0.094138 2.000000
-0.000788 202.666702 176.888901 -0.557982 -0.063104 2.000000
0.001757 202.666702 176.888901 -0.000142 -0.001029 2.000000
0.011940 187.555603 176.888901 -0.526991 -0.001029 2.000000
-0.000788 172.444397 177.777802 -0.526994 0.030009 2.000000
0.017032 158.222198 182.222198 -0.495999 0.154156 2.000000
-0.000788 144.000000 187.555603 -0.495999 0.185197 2.000000
0.001757 131.555603 194.666702 -0.434016 0.247268 2.000000
0.017032 120.000000 202.666702 -0.403028 0.278306 2.000000
0.001757 120.000000 202.666702 -0.000142 -0.001029 2.000000
0.014486 103.111099 223.111099 -0.588974 0.712825 2.000000
-0.000788 103.111099 223.111099 -0.000142 -0.001029 2.000000
0.004303 98.666656 234.666702 -0.155098 0.402456 2.000000
0.011940 96.000000 247.111099 -0.093115 0.433490 2.000000
-0.000788 95.111107 258.666687 -0.031133 0.402456 3.000000
0.014486 95.111107 268.444489 -0.000142 0.340381 3.000000
0.006849 97.777779 277.333313 0.092831 0.309341 0.000000
0.004303 101.333298 285.333313 0.123821 0.278306 0.000000
0.011940 106.666702 290.666687 0.185807 0.185196 0.000000
0.004303 106.666702 290.666687 -0.000142 -0.001029 0.000000
0.014486 120.888901 296.000000 0.495715 0.185194 0.000000
0.004303 120.888901 296.000000 -0.000142 -0.001029 0.000000
0.019577 136.888901 295.111115 0.557698 -0.032066 0.000000
0.004303 144.888901 290.666687 0.278778 -0.156214 0.000000
0.014486 151.111099 286.222198 0.216795 -0.156216 0.000000
0.009394 156.444397 280.000000 0.185803 -0.218288 0.000000
0.022123 160.000000 272.000000 0.123824 -0.280363 0.000000
0.006849 162.666702 262.222198 0.092832 -0.342438 0.000000
0.022123 163.555603 236.444397 0.030849 -0.901108 0.000000
0.055218 160.888901 204.444397 -0.093117 -1.118367 0.000000
0.047580 150.222198 175.111099 -0.372037 -1.025254 1.000000
0.042489 117.333298 150.222198 -1.146814 -0.870070 2.000000
0.037397 103.111099 146.666702 -0.495999 -0.125175 2.000000
0.042489 60.444439 145.777802 -1.487715 -0.032066 2.000000
0.042489 36.444439 152.000000 -0.836902 0.216231 2.000000
0.004303 36.444439 152.000000 -0.000142 -0.001029 2.000000
0.022123 16.000000 161.777802 -0.712938 0.340381 2.000000
0.057763 -5.333333 182.222198 -0.743929 0.712825 2.000000
0.042489 -10.666670 197.333298 -0.186089 0.526603 3.000000
0.039943 -7.111111 208.888901 0.123822 0.402456 3.000000
0.006849 -0.888889 213.333298 0.216796 0.154156 0.000000
0.014486 7.111111 215.111099 0.278778 0.061047 0.000000
0.057763 45.333328 212.444397 1.332475 -0.094141 0.000000
0.034852 62.222221 209.777802 0.588689 -0.094138 0.000000
0.057763 114.666702 206.222198 1.828335 -0.125179 0.000000
0.039943 148.444397 209.777802 1.177517 0.123122 0.000000
0.034852 180.444397 218.666702 1.115538 0.309344 0.000000
0.001757 195.555603 224.000000 0.526710 0.185193 0.000000
0.004303 195.555603 224.000000 -0.000142 -0.001029 0.000000
0.011940 209.777802 229.333298 0.495715 0.185193 0.000000
0.001757 223.111099 233.777802 0.464723 0.154159 1.000000
0.011940 235.555603 238.222198 0.433735 0.154156 1.000000
0.001757 246.222198 242.666702 0.371749 0.154159 2.000000
0.034852 264.888885 248.888901 0.650672 0.216231 2.000000
0.037397 280.000000 253.333298 0.526707 0.154156 2.000000
0.001757 280.000000 253.333298 -0.000142 -0.001029 2.000000
0.004303 287.111115 254.222198 0.247787 0.030009 2.000000
0.014486 294.222198 255.111099 0.247786 0.030009 2.000000
0.001757 302.222198 255.111099 0.278778 -0.001029 2.000000
0.017032 310.222198 253.333298 0.278778 -0.063104 2.000000
0.001757 318.222198 250.666702 0.278778 -0.094138 2.000000
0.014486 325.333313 246.222198 0.247787 -0.156217 2.000000
0.001757 332.444489 241.777802 0.247789 -0.156213 2.000000
0.006849 338.666687 235.555603 0.216795 -0.218288 2.000000
0.014486 344.000000 229.333298 0.185804 -0.218292 3.000000
0.006849 348.444489 223.111099 0.154815 -0.218288 0.000000
0.017032 352.000000 216.888901 0.123821 -0.218288 0.000000
0.004303 355.555511 210.666702 0.123821 -0.218288 0.000000
0.022123 360.000000 205.333298 0.154815 -0.187254 0.000000
0.006849 364.444489 200.000000 0.154815 -0.187250 0.000000
0.022123 375.111115 192.000000 0.371750 -0.280363 0.000000
0.042489 387.555511 187.555603 0.433732 -0.156213 0.000000
0.042489 400.888885 183.111099 0.464726 -0.156217 0.000000
0.042489 413.333313 177.777802 0.433733 -0.187250 0.000000
0.045035 428.444489 168.888901 0.526709 -0.311401 0.000000
0.055218 456.888885 148.444397 0.991572 -0.714886 0.000000
0.042489 472.888885 141.333298 0.557698 -0.249326 1.000000
0.039943 483.555511 139.555603 0.371750 -0.063100 2.000000
0.055218 489.777802 141.333298 0.216798 0.061043 2.000000
0.039943 488.000000 154.666702 -0.062125 0.464532 2.000000
0.037397 480.888885 170.666702 -0.248071 0.557641 2.000000
0.004303 477.333313 179.555603 -0.124107 0.309344 2.000000
0.014486 474.666687 190.222198 -0.093114 0.371415 2.000000
0.060309 468.444489 215.111099 -0.217079 0.868013 2.000000
0.006849 465.777802 229.333298 -0.093116 0.495565 3.000000
0.017032 462.222198 244.444397 -0.124108 0.526603 3.000000
0.004303 456.000000 275.555511 -0.217079 1.085273 0.000000
0.014486 453.333313 290.666687 -0.093116 0.526606 0.000000
0.055218 448.888885 312.888885 -0.155097 0.774900 0.000000
0.004303 448.000000 320.888885 -0.031133 0.278306 0.000000
0.014486 448.000000 325.333313 -0.000142 0.154157 0.000000
0.037397 448.000000 329.777802 -0.000142 0.154159 0.000000
0.055218 448.000000 330.666687 -0.000142 0.030009 0.000000
0.060309 444.444489 327.111115 -0.124105 -0.125178 0.000000
0.022123 434.666687 314.666687 -0.341045 -0.435548 0.000000
0.037397 418.666687 292.444489 -0.557982 -0.776957 0.000000
0.009394 410.666687 278.222198 -0.279062 -0.497626 2.000000
0.022123 402.666687 261.333313 -0.279062 -0.590735 2.000000
0.004303 394.666687 243.555603 -0.279062 -0.621770 2.000000
0.006849 387.555511 224.888901 -0.248073 -0.652811 2.000000
0.019577 379.555511 208.000000 -0.279062 -0.590735 2.000000
0.006849 369.777802 192.888901 -0.341042 -0.528660 2.000000
0.017032 360.000000 180.444397 -0.341045 -0.435551 2.000000
0.004303 348.444489 171.555603 -0.403025 -0.311397 2.000000
0.019577 336.000000 165.333298 -0.434019 -0.218292 2.000000
0.009394 324.444489 161.777802 -0.403025 -0.125175 2.000000
0.022123 304.888885 158.222198 -0.681948 -0.125179 2.000000
0.024669 298.666687 158.222198 -0.217079 -0.001029 2.000000
0.017032 294.222198 158.222198 -0.155099 -0.001029 2.000000
0.027215 290.666687 158.222198 -0.124105 -0.001029 2.000000
0.029760 291.555511 155.555603 0.030847 -0.094138 0.000000
0.045035 298.666687 147.555603 0.247789 -0.280363 0.000000
0.050126 309.333313 133.333298 0.371750 -0.497626 0.000000
0.004303 316.444489 123.555603 0.247789 -0.342435 0.000000
0.024669 333.333313 101.333298 0.588687 -0.776961 0.000000
0.047580 352.000000 77.333344 0.650672 -0.839031 0.000000
0.045035 365.333313 62.222221 0.464724 -0.528661 0.000000
0.006849 369.777802 57.777779 0.154815 -0.156214 0.000000
0.022123 375.111115 53.333328 0.185804 -0.156215 0.000000
0.045035 377.777802 50.666672 0.092832 -0.094140 0.000000
0.042489 378.666687 49.777779 0.030849 -0.032066 0.000000
0.006849 378.666687 49.777779 -0.000142 -0.001029 1.000000
0.017032 377.777802 49.777779 -0.031133 -0.001029 1.000000
0.037397 371.555511 50.666672 -0.217082 0.030009 2.000000
0.042489 362.666687 54.222221 -0.310051 0.123120 2.000000
0.065400 343.111115 63.111111 -0.681947 0.309343 2.000000
0.006849 335.111115 66.666656 -0.279062 0.123120 2.000000
0.019577 326.222198 71.111107 -0.310054 0.154158 2.000000
0.006849 315.555511 76.444443 -0.372036 0.185195 2.000000
0.017032 304.888885 81.777779 -0.372034 0.185195 2.000000
0.004303 292.444489 88.888893 -0.434016 0.247269 2.000000
0.014486 263.111115 104.000000 -1.022850 0.526603 2.000000
0.004303 263.111115 104.000000 -0.000142 -0.001029 2.000000
0.017032 230.222198 121.777802 -1.146814 0.619716 3.000000
0.039943 215.111099 130.666702 -0.526991 0.309344 3.000000
0.006849 189.333298 151.111099 -0.898885 0.712825 0.000000
0.037397 179.555603 160.888901 -0.341041 0.340381 0.000000
0.034852 162.666702 181.333298 -0.588974 0.712825 0.000000
0.001757 154.666702 191.111099 -0.279062 0.340381 0.000000
0.017032 146.666702 200.000000 -0.279062 0.309344 0.000000
0.004303 138.666702 208.888901 -0.279062 0.309344 0.000000
0.017032 130.666702 217.777802 -0.279062 0.309344 0.000000
0.001757 123.555603 225.777802 -0.248071 0.278306 0.000000
0.009394 117.333298 233.777802 -0.217083 0.278306 0.000000
0.014486 112.000000 241.777802 -0.186088 0.278306 0.000000
0.006849 109.333298 248.888901 -0.093117 0.247268 0.000000
0.017032 107.555603 256.000000 -0.062121 0.247268 0.000000
0.037397 107.555603 267.555511 -0.000142 0.402453 0.000000
0.039943 111.111099 276.444489 0.123820 0.309346 1.000000
0.004303 112.888901 279.111115 0.061841 0.092082 1.000000
0.022123 115.555603 282.666687 0.092832 0.123121 2.000000
0.004303 115.555603 282.666687 -0.000142 -0.001029 2.000000
0.039943 115.555603 283.555511 -0.000142 0.030006 2.000000
0.037397 115.555603 282.666687 -0.000142 -0.032063 2.000000
0.037397 112.000000 275.555511 -0.124108 -0.249328 2.000000
0.057763 102.222198 251.555603 -0.341045 -0.839029 2.000000
0.037397 90.666656 228.444397 -0.403026 -0.807998 2.000000
0.042489 75.555557 207.111099 -0.526991 -0.745920 3.000000
0.027215 67.555557 199.111099 -0.279062 -0.280363 0.000000
0.014486 57.777779 188.444397 -0.341044 -0.373476 0.000000
0.032306 56.888889 182.222198 -0.031133 -0.218288 0.000000
0.052672 69.333344 177.777802 0.433734 -0.156213 0.000000
0.037397 94.222221 176.000000 0.867609 -0.063104 0.000000
0.057763 129.777802 178.666702 1.239503 0.092084 0.000000
0.032306 169.777802 188.444397 1.394458 0.340378 0.000000
0.055218 224.888901 207.111099 1.921306 0.650753 0.000000
0.034852 249.777802 215.111099 0.867609 0.278306 0.000000
0.037397 260.444489 217.777802 0.371752 0.092084 1.000000
0.001757 260.444489 217.777802 -0.000142 -0.001029 1.000000
0.034852 260.444489 216.000000 -0.000142 -0.063104 2.000000
0.057763 244.444397 192.888901 -0.557985 -0.807995 2.000000
0.027215 231.111099 166.222198 -0.465008 -0.932145 2.000000
0.052672 217.777802 128.888901 -0.465008 -1.304589 2.000000
0.032306 201.777802 92.444443 -0.557982 -1.273553 2.000000
-0.000788 201.777802 92.444443 -0.000142 -0.001029 2.000000
0.001757 193.777802 78.222221 -0.279062 -0.497623 2.000000
0.017032 185.777802 68.444443 -0.279062 -0.342438 3.000000
0.047580 167.111099 56.000000 -0.650957 -0.435549 3.000000
0.001757 163.555603 56.000000 -0.124105 -0.001029 0.000000
0.027215 160.888901 56.888889 -0.093117 0.030009 0.000000
0.029760 156.444397 67.555557 -0.155100 0.371418 0.000000
0.052672 154.666702 86.222221 -0.062121 0.650752 0.000000
0.057763 152.000000 114.666702 -0.093117 0.992162 0.000000
0.032306 150.222198 132.444397 -0.062125 0.619712 0.000000
0.039943 150.222198 149.333298 -0.000142 0.588678 0.000000
0.039943 152.000000 169.777802 0.061841 0.712829 1.000000
0.001757 152.000000 169.777802 -0.000142 -0.001029 1.000000
0.009394 154.666702 192.888901 0.092832 0.805938 2.000000
0.014486 154.666702 192.888901 -0.000142 -0.001029 2.000000
0.039943 155.555603 224.888901 0.030849 1.116310 2.000000
0.032306 153.777802 235.555603 -0.062125 0.371419 2.000000
-0.000788 152.000000 245.333298 -0.062125 0.340378 2.000000
0.037397 148.444397 264.888885 -0.124108 0.681790 2.000000
0.055218 145.777802 283.555511 -0.093113 0.650751 2.000000
0.006849 144.888901 298.666687 -0.031134 0.526606 2.000000
0.011940 144.888901 298.666687 -0.000142 -0.001029 2.000000
0.052672 144.888901 311.111115 -0.000142 0.433491 2.000000
0.032306 144.888901 312.888885 -0.000142 0.061046 0.000000
0.050126 144.888901 313.777802 -0.000142 0.030010 0.000000
0.034852 144.888901 312.888885 -0.000142 -0.032067 0.000000
0.062855 151.111099 302.222198 0.216795 -0.373475 0.000000
0.037397 155.555603 290.666687 0.154815 -0.404510 0.000000
0.042489 159.111099 274.666687 0.123820 -0.559698 0.000000
0.042489 159.111099 257.777802 -0.000142 -0.590735 0.000000
0.039943 159.111099 243.555603 -0.000142 -0.497623 0.000000
0.004303 159.111099 238.222198 -0.000142 -0.187254 1.000000
0.042489 159.111099 232.888901 -0.000142 -0.187250 1.000000
0.037397 159.111099 231.111099 -0.000142 -0.063104 2.000000
0.034852 159.111099 231.111099 -0.000142 -0.001029 2.000000
0.062855 154.666702 231.111099 -0.155096 -0.001029 2.000000
0.022123 152.000000 231.111099 -0.093117 -0.001029 2.000000
-0.000788 149.333298 231.111099 -0.093117 -0.001029 2.000000
0.004303 147.555603 231.111099 -0.062121 -0.001029 2.000000
0.014486 146.666702 231.111099 -0.031134 -0.001029 2.000000
-0.000788 146.666702 231.111099 -0.000142 -0.001029 2.000000
0.011940 144.888901 233.777802 -0.062125 0.092084 2.000000
-0.000788 144.888901 233.777802 -0.000142 -0.001029 2.000000
0.001757 144.000000 238.222198 -0.031134 0.154156 2.000000
0.014486 143.111099 251.555603 -0.031134 0.464532 0.000000
0.011940 143.111099 251.555603 -0.000142 -0.001029 0.000000
0.004303 142.222198 259.555511 -0.031134 0.278303 0.000000
0.001757 141.333298 269.333313 -0.031134 0.340381 0.000000
0.001757 141.333298 269.333313 -0.000142 -0.001029 0.000000
0.014486 141.333298 286.222198 -0.000142 0.588678 0.000000
0.001757 141.333298 286.222198 -0.000142 -0.001029 0.000000
0.004303 142.222198 294.222198 0.030849 0.278306 0.000000
0.014486 144.000000 301.333313 0.061841 0.247269 0.000000
0.001757 145.777802 307.555511 0.061841 0.216231 0.000000
0.011940 148.444397 313.777802 0.092829 0.216234 0.000000
0.057763 155.555603 323.555511 0.247790 0.340378 0.000000
0.037397 164.444397 331.555511 0.309766 0.278306 0.000000
0.055218 174.222198 331.555511 0.340761 -0.001029 0.000000
0.034852 190.222198 322.666687 0.557698 -0.311398 0.000000
0.050126 212.444397 306.666687 0.774635 -0.559698 1.000000
0.037397 240.000000 281.777802 0.960584 -0.870069 2.000000
0.004303 254.222198 268.444489 0.495715 -0.466585 2.000000
0.014486 268.444489 255.111099 0.495718 -0.466588 2.000000
0.001757 281.777802 243.555603 0.464724 -0.404510 2.000000
0.004303 295.111115 233.777802 0.464724 -0.342438 2.000000
0.014486 307.555511 225.777802 0.433732 -0.280363 2.000000
0.001757 307.555511 225.777802 -0.000142 -0.001029 2.000000
0.014486 328.888885 212.444397 0.743646 -0.466589 2.000000
-0.000788 328.888885 212.444397 -0.000142 -0.001029 2.000000
0.001757 338.666687 206.222198 0.340761 -0.218288 2.000000
0.014486 346.666687 200.000000 0.278778 -0.218288 2.000000
0.004303 353.777802 193.777802 0.247787 -0.218288 2.000000
0.014486 359.111115 186.666702 0.185804 -0.249326 2.000000
-0.000788 362.666687 177.777802 0.123823 -0.311401 2.000000
0.019577 365.333313 168.888901 0.092830 -0.311401 2.000000
0.004303 365.333313 159.111099 -0.000142 -0.342438 0.000000
0.009394 365.333313 150.222198 -0.000142 -0.311401 0.000000
0.017032 360.888885 141.333298 -0.155097 -0.311401 0.000000
0.001757 354.666687 135.111099 -0.217079 -0.218288 0.000000
0.017032 346.666687 129.777802 -0.279062 -0.187250 0.000000
0.001757 338.666687 126.222198 -0.279062 -0.125179 0.000000
0.017032 330.666687 123.555603 -0.279062 -0.094138 0.000000
0.004303 324.444489 121.777802 -0.217079 -0.063104 0.000000
0.019577 320.000000 120.000000 -0.155099 -0.063104 0.000000
0.001757 317.333313 117.333298 -0.093116 -0.094141 0.000000
0.004303 315.555511 115.555603 -0.062125 -0.063100 0.000000
0.019577 314.666687 112.000000 -0.031131 -0.125179 0.000000
0.042489 315.555511 104.000000 0.030847 -0.280363 0.000000
0.037397 320.000000 94.222221 0.154815 -0.342438 0.000000
0.060309 327.111115 82.666656 0.247787 -0.404512 0.000000
0.004303 328.000000 80.000000 0.030849 -0.094140 1.000000
0.011940 328.888885 78.222221 0.030849 -0.063103 1.000000
0.042489 327.111115 77.333344 -0.062124 -0.032065 2.000000
0.050126 320.000000 78.222221 -0.248071 0.030008 2.000000
0.050126 308.444489 91.555557 -0.403025 0.464529 2.000000
0.034852 303.111115 106.666702 -0.186090 0.526605 2.000000
0.057763 294.222198 128.888901 -0.310054 0.774900 2.000000
0.032306 279.111115 158.222198 -0.526990 1.023197 2.000000
0.032306 258.666687 190.222198 -0.712937 1.116310 2.000000
-0.003334 258.666687 190.222198 -0.000142 -0.001029 2.000000
0.057763 225.777802 224.000000 -1.146813 1.178385 0.000000
0.024669 213.333298 234.666702 -0.434020 0.371419 0.000000
0.047580 211.555603 237.333298 -0.062121 0.092080 0.000000
0.050126 221.333298 234.666702 0.340757 -0.094138 0.000000
0.050126 263.111115 217.777802 1.456441 -0.590735 0.000000
0.032306 304.000000 206.222198 1.425449 -0.404514 0.000000
-0.000788 304.000000 206.222198 -0.000142 -0.001029 0.000000
0.001757 326.222198 202.666702 0.774635 -0.125175 0.000000
0.011940 349.333313 201.777802 0.805627 -0.032066 0.000000
-0.000788 349.333313 201.777802 -0.000142 -0.001029 0.000000
0.014486 390.222198 204.444397 1.425449 0.092080 0.000000
-0.000788 390.222198 204.444397 -0.000142 -0.001029 0.000000
0.001757 408.000000 208.888901 0.619681 0.154159 0.000000
0.014486 423.111115 213.333298 0.526707 0.154156 1.000000
0.006849 436.444489 218.666702 0.464726 0.185197 1.000000
-0.003334 436.444489 218.666702 -0.000142 -0.001029 1.000000
0.011940 456.888885 226.666702 0.712652 0.278306 2.000000
0.001757 456.888885 226.666702 -0.000142 -0.001029 2.000000
0.006849 464.000000 230.222198 0.247787 0.123118 2.000000
0.009394 469.333313 233.777802 0.185804 0.123122 2.000000
0.017032 477.333313 240.888901 0.278778 0.247268 2.000000
-0.000788 477.333313 240.888901 -0.000142 -0.001029 2.000000
0.004303 480.888885 243.555603 0.123823 0.092084 2.000000
0.019577 483.555511 247.111099 0.092830 0.123118 2.000000
0.057763 490.666687 252.444397 0.247789 0.185193 2.000000
0.032306 493.333313 254.222198 0.092830 0.061047 2.000000
0.055218 492.444489 252.444397 -0.031131 -0.063104 2.000000
0.037397 480.000000 230.222198 -0.434019 -0.776957 0.000000
0.042489 473.777802 220.444397 -0.217079 -0.342438 0.000000
0.052672 460.444489 183.111099 -0.465008 -1.304589 0.000000
0.034852 453.333313 158.222198 -0.248073 -0.870070 0.000000
-0.000788 453.333313 158.222198 -0.000142 -0.001029 0.000000
0.032306 444.444489 137.777802 -0.310051 -0.714882 0.000000
0.052672 432.888885 122.666702 -0.403028 -0.528660 0.000000
0.037397 416.000000 108.444397 -0.588973 -0.497626 0.000000
0.055218 408.888885 105.777802 -0.248071 -0.094138 0.000000
0.034852 403.555511 107.555603 -0.186090 0.061047 1.000000
0.039943 396.444489 118.222198 -0.248068 0.371415 1.000000
0.055218 381.333313 144.000000 -0.526993 0.899050 2.000000
0.055218 366.222198 165.333298 -0.526991 0.743862 2.000000
0.042489 349.333313 189.333298 -0.588973 0.836975 2.000000
0.039943 330.666687 212.444397 -0.650954 0.805938 2.000000
0.039943 312.000000 236.444397 -0.650956 0.836975 2.000000
0.001757 301.333313 248.888901 -0.372036 0.433494 2.000000
0.022123 280.000000 272.888885 -0.743928 0.836975 3.000000
0.009394 280.000000 272.888885 -0.000142 -0.001029 0.000000
0.017032 260.444489 290.666687 -0.681945 0.619716 0.000000
0.037397 248.888901 299.555511 -0.403028 0.309341 0.000000
0.001757 248.888901 299.555511 -0.000142 -0.001029 0.000000
0.011940 246.222198 300.444489 -0.093117 0.030012 0.000000
-0.000788 246.222198 300.444489 -0.000142 -0.001029 0.000000
0.004303 247.111099 296.888885 0.030849 -0.125179 0.000000
0.014486 250.666702 290.666687 0.123824 -0.218288 0.000000
0.004303 256.000000 281.777802 0.185803 -0.311400 0.000000
0.014486 263.111115 270.222198 0.247787 -0.404514 0.000000
0.004303 270.222198 258.666687 0.247786 -0.404510 0.000000
0.004303 270.222198 258.666687 -0.000142 -0.001029 0.000000
0.014486 287.111115 238.222198 0.588690 -0.714885 0.000000
0.004303 287.111115 238.222198 -0.000142 -0.001029 0.000000
0.024669 302.222198 224.888901 0.526706 -0.466585 0.000000
0.004303 310.222198 219.555603 0.278778 -0.187250 0.000000
0.014486 317.333313 215.111099 0.247787 -0.156217 0.000000
0.001757 323.555511 209.777802 0.216795 -0.187250 0.000000
0.019577 328.000000 204.444397 0.154815 -0.187254 2.000000
0.004303 330.666687 196.444397 0.092832 -0.280363 2.000000
0.037397 330.666687 176.000000 -0.000142 -0.714882 2.000000
0.052672 321.777802 149.333298 -0.310053 -0.932145 2.000000
0.032306 311.111115 120.000000 -0.372036 -1.025254 2.000000
0.057763 298.666687 82.666656 -0.434017 -1.304590 2.000000
0.037397 290.666687 65.777779 -0.279062 -0.590735 2.000000
0.037397 280.000000 56.888889 -0.372036 -0.311400 2.000000
-0.000788 280.000000 56.888889 -0.000142 -0.001029 2.000000
0.017032 267.555511 52.444439 -0.434019 -0.156215 2.000000
0.004303 259.555511 52.444439 -0.279062 -0.001029 0.000000
0.004303 259.555511 52.444439 -0.000142 -0.001029 0.000000
0.011940 251.555603 52.444439 -0.279059 -0.001029 0.000000
0.006849 245.333298 52.444439 -0.217083 -0.001029 0.000000
0.017032 239.111099 52.444439 -0.217079 -0.001029 0.000000
0.006849 235.555603 52.444439 -0.124105 -0.001029 0.000000
0.019577 230.222198 55.111111 -0.186091 0.092083 0.000000
0.004303 230.222198 55.111111 -0.000142 -0.001029 0.000000
0.014486 226.666702 59.555561 -0.124105 0.154158 0.000000
0.001757 226.666702 59.555561 -0.000142 -0.001029 0.000000
0.017032 222.222198 70.222221 -0.155100 0.371417 0.000000
0.001757 222.222198 70.222221 -0.000142 -0.001029 0.000000
0.004303 217.777802 77.333344 -0.155096 0.247269 0.000000
0.017032 213.333298 85.333344 -0.155100 0.278306 0.000000
0.006849 207.111099 93.333344 -0.217079 0.278306 0.000000
0.017032 196.444397 108.444397 -0.372037 0.526601 0.000000
0.065400 188.444397 123.555603 -0.279062 0.526607 0.000000
0.017032 183.111099 137.777802 -0.186088 0.495565 2.000000
0.009394 183.111099 137.777802 -0.000142 -0.001029 2.000000
0.027215 177.777802 152.888901 -0.186088 0.526603 2.000000
0.055218 160.888901 177.777802 -0.588974 0.868013 2.000000
0.037397 152.000000 186.666702 -0.310054 0.309344 2.000000
0.039943 121.777802 208.888901 -1.053839 0.774900 2.000000
0.001757 121.777802 208.888901 -0.000142 -0.001029 2.000000
0.039943 109.333298 216.000000 -0.434020 0.247268 2.000000
0.034852 104.888901 217.777802 -0.155096 0.061047 3.000000
0.062855 100.444397 220.444397 -0.155100 0.092080 0.000000
0.034852 96.000000 224.888901 -0.155096 0.154159 0.000000
0.060309 91.555557 232.000000 -0.155098 0.247268 0.000000
0.034852 94.222221 232.888901 0.092831 0.030009 0.000000
0.039943 105.777802 228.444397 0.402743 -0.156217 0.000000
0.039943 128.000000 217.777802 0.774635 -0.373472 0.000000
0.042489 157.333298 204.444397 1.022563 -0.466589 0.000000
0.042489 190.222198 195.555603 1.146529 -0.311397 0.000000
0.004303 207.111099 194.666702 0.588689 -0.032066 0.000000
0.039943 238.222198 195.555603 1.084546 0.030009 1.000000
0.019577 252.444397 198.222198 0.495715 0.092080 2.000000
0.001757 264.000000 200.000000 0.402744 0.061047 2.000000
0.039943 280.000000 203.555603 0.557698 0.123122 2.000000
0.039943 286.222198 204.444397 0.216795 0.030005 2.000000
0.057763 285.333313 203.555603 -0.031133 -0.032062 2.000000
0.034852 275.555511 198.222198 -0.341045 -0.187254 2.000000
0.034852 251.555603 178.666702 -0.836899 -0.683844 2.000000
0.001757 251.555603 178.666702 -0.000142 -0.001029 2.000000
0.034852 233.777802 158.222198 -0.619965 -0.714886 3.000000
0.037397 214.222198 133.333298 -0.681948 -0.870070 0.000000
0.004303 203.555603 120.000000 -0.372033 -0.466585 0.000000
0.032306 192.000000 108.444397 -0.403028 -0.404514 0.000000
0.052672 154.666702 80.888893 -1.301768 -0.963179 0.000000
0.034852 128.000000 72.888893 -0.929877 -0.280363 0.000000
0.050126 104.888901 71.111107 -0.805911 -0.063103 0.000000
0.004303 93.333344 71.111107 -0.403027 -0.001029 0.000000
0.014486 83.555557 75.555557 -0.341045 0.154158 0.000000
0.050126 64.888893 88.000000 -0.650955 0.433492 0.000000
0.050126 48.888889 117.333298 -0.557982 1.023197 0.000000
0.017032 46.222221 142.222198 -0.093116 0.868013 2.000000
0.006849 46.222221 142.222198 -0.000142 -0.001029 2.000000
0.034852 46.222221 169.777802 -0.000142 0.961126 2.000000
-0.000788 46.222221 183.111099 -0.000142 0.464528 2.000000
0.014486 48.000000 195.555603 0.061840 0.433494 2.000000
0.001757 48.000000 195.555603 -0.000142 -0.001029 2.000000
0.001757 48.888889 208.888901 0.030849 0.464528 2.000000
0.011940 51.555561 221.333298 0.092831 0.433490 2.000000
0.001757 54.222221 232.000000 0.092831 0.371419 2.000000
0.011940 57.777779 242.666702 0.123822 0.371419 2.000000
-0.000788 61.333328 251.555603 0.123822 0.309344 2.000000
0.004303 61.333328 251.555603 -0.000142 -0.001029 2.000000
0.014486 70.222221 265.777802 0.309769 0.495565 2.000000
-0.000788 70.222221 265.777802 -0.000142 -0.001029 2.000000
0.014486 74.666656 272.000000 0.154813 0.216231 2.000000
0.009394 80.000000 277.333313 0.185805 0.185194 2.000000
0.004303 84.444443 281.777802 0.154813 0.154159 3.000000
0.022123 91.555557 292.444489 0.247787 0.371418 3.000000
0.006849 94.222221 296.888885 0.092831 0.154156 0.000000
0.017032 96.000000 301.333313 0.061840 0.154157 0.000000
0.004303 97.777779 305.777802 0.061840 0.154159 0.000000
0.017032 98.666656 307.555511 0.030849 0.061043 0.000000
0.006849 98.666656 309.333313 -0.000142 0.061047 0.000000
0.017032 98.666656 310.222198 -0.000142 0.030009 0.000000
0.004303 98.666656 310.222198 -0.000142 -0.001029 0.000000
0.017032 99.555557 310.222198 0.030849 -0.001029 0.000000
0.004303 100.444397 310.222198 0.030847 -0.001029 0.000000
0.042489 104.000000 305.777802 0.123824 -0.156213 0.000000
0.037397 111.111099 300.444489 0.247786 -0.187251 0.000000
0.039943 122.666702 293.333313 0.402744 -0.249328 0.000000
0.004303 130.666702 288.888885 0.278778 -0.156214 0.000000
0.019577 139.555603 282.666687 0.309769 -0.218288 1.000000
0.006849 149.333298 275.555511 0.340757 -0.249328 1.000000
0.014486 159.111099 267.555511 0.340761 -0.280363 2.000000
0.006849 168.000000 259.555511 0.309769 -0.280363 2.000000
0.032306 181.333298 248.000000 0.464723 -0.404510 2.000000
0.052672 189.333298 246.222198 0.278778 -0.063104 2.000000
0.032306 192.000000 253.333298 0.092832 0.247268 2.000000
0.057763 194.666702 284.444489 0.092832 1.085275 2.000000
0.034852 198.222198 295.111115 0.123820 0.371416 2.000000
0.055218 216.000000 320.888885 0.619681 0.899049 2.000000
0.011940 224.888901 327.111115 0.309769 0.216232 3.000000
-0.000788 232.888901 333.333313 0.278778 0.216231 3.000000
0.032306 249.777802 344.888885 0.588689 0.402455 0.000000
0.004303 249.777802 344.888885 -0.000142 -0.001029 0.000000
0.042489 264.888885 355.555511 0.526706 0.371416 0.000000
0.065400 283.555511 364.444489 0.650670 0.309346 0.000000
0.027215 297.777802 364.444489 0.495718 -0.001029 0.000000
0.045035 313.777802 356.444489 0.557698 -0.280363 0.000000
-0.000788 322.666687 348.444489 0.309769 -0.280363 0.000000
0.014486 331.555511 338.666687 0.309767 -0.342438 0.000000
-0.000788 341.333313 327.111115 0.340761 -0.404512 0.000000
0.017032 350.222198 314.666687 0.309769 -0.435548 0.000000
0.001757 359.111115 301.333313 0.309770 -0.466588 0.000000
0.001757 359.111115 301.333313 -0.000142 -0.001029 0.000000
0.014486 368.000000 289.777802 0.309769 -0.404510 0.000000
0.006849 384.000000 274.666687 0.557698 -0.528661 2.000000
0.014486 384.000000 274.666687 -0.000142 -0.001029 2.000000
-0.000788 391.111115 271.111115 0.247787 -0.125178 2.000000
0.001757 397.333313 268.444489 0.216795 -0.094139 2.000000
0.011940 403.555511 266.666687 0.216795 -0.063104 2.000000
0.004303 409.777802 265.777802 0.216798 -0.032066 2.000000
0.014486 415.111115 264.888885 0.185804 -0.032067 2.000000
0.001757 415.111115 264.888885 -0.000142 -0.001029 2.000000
0.004303 421.333313 264.888885 0.216795 -0.001029 2.000000
0.014486 432.000000 264.888885 0.371752 -0.001029 2.000000
0.001757 432.000000 264.888885 -0.000142 -0.001029 2.000000
0.034852 438.222198 264.888885 0.216795 -0.001029 2.000000
0.032306 439.111115 267.555511 0.030850 0.092082 2.000000
0.055218 426.666687 271.111115 -0.434017 0.123122 3.000000
0.037397 409.777802 272.000000 -0.588973 0.030009 0.000000
0.055218 393.777802 269.333313 -0.557982 -0.094141 0.000000
0.034852 380.444489 265.777802 -0.465008 -0.125176 0.000000
0.055218 364.444489 264.888885 -0.557982 -0.032067 0.000000
0.047580 358.222198 268.444489 -0.217082 0.123122 0.000000
0.034852 357.333313 274.666687 -0.031133 0.216231 0.000000
0.050126 365.333313 282.666687 0.278778 0.278306 0.000000
0.050126 376.888885 288.000000 0.402743 0.185194 0.000000
0.027215 392.000000 291.555511 0.526707 0.123119 0.000000
0.009394 400.000000 292.444489 0.278778 0.030012 2.000000
0.019577 407.111115 292.444489 0.247787 -0.001029 2.000000
0.062855 423.111115 288.888885 0.557698 -0.125179 2.000000
0.037397 425.777802 280.000000 0.092832 -0.311400 2.000000
0.039943 422.222198 260.444489 -0.124108 -0.683845 2.000000
0.057763 408.000000 210.666702 -0.495999 -1.739111 2.000000
0.017032 404.444489 190.222198 -0.124105 -0.714886 2.000000
0.009394 400.000000 168.888901 -0.155099 -0.745920 2.000000
-0.000788 395.555511 149.333298 -0.155099 -0.683848 2.000000
0.011940 391.111115 133.333298 -0.155096 -0.559698 2.000000
0.004303 391.111115 133.333298 -0.000142 -0.001029 3.000000
0.039943 374.222198 102.222198 -0.588974 -1.087329 0.000000
0.014486 370.666687 96.888893 -0.124105 -0.187251 0.000000
0.001757 370.666687 96.888893 -0.000142 -0.001029 0.000000
0.034852 365.333313 91.555557 -0.186090 -0.187252 0.000000
0.055218 366.222198 88.888893 0.030849 -0.094140 0.000000
0.039943 374.222198 85.333344 0.278778 -0.125177 0.000000
0.057763 392.000000 79.111107 0.619681 -0.218289 0.000000
0.047580 404.444489 75.555557 0.433735 -0.125177 0.000000
0.032306 419.555511 73.777779 0.526704 -0.063103 0.000000
0.017032 427.555511 73.777779 0.278778 -0.001029 1.000000
0.024669 436.444489 74.666656 0.309772 0.030008 1.000000
0.029760 453.333313 80.888893 0.588687 0.216232 1.000000
0.004303 462.222198 84.444443 0.309769 0.123120 2.000000
0.037397 476.444489 96.888893 0.495718 0.433492 2.000000
0.042489 486.222198 113.777802 0.340758 0.588678 2.000000
0.014486 489.777802 123.555603 0.123824 0.340381 2.000000
0.001757 491.555511 134.222198 0.061838 0.371415 2.000000
0.060309 487.111115 161.777802 -0.155096 0.961126 2.000000
0.039943 472.888885 173.333298 -0.496000 0.402453 2.000000
0.019577 463.111115 175.111099 -0.341044 0.061047 2.000000
0.004303 451.555511 176.000000 -0.403028 0.030009 2.000000
0.014486 436.444489 176.000000 -0.526988 -0.001029 0.000000
0.004303 422.222198 172.444397 -0.496002 -0.125179 0.000000
0.017032 407.111115 168.000000 -0.526990 -0.156213 0.000000
0.004303 392.888885 162.666702 -0.496000 -0.187250 0.000000
0.004303 377.777802 156.444397 -0.526990 -0.218292 0.000000
0.017032 362.666687 150.222198 -0.526991 -0.218288 0.000000
0.006849 345.777802 144.000000 -0.588973 -0.218288 0.000000
0.019577 328.000000 138.666702 -0.619965 -0.187250 0.000000
0.006849 309.333313 135.111099 -0.650956 -0.125179 0.000000
0.017032 291.555511 133.333298 -0.619965 -0.063104 0.000000
0.001757 272.000000 133.333298 -0.681945 -0.001029 0.000000
0.014486 250.666702 137.777802 -0.743928 0.154159 0.000000
0.006849 230.222198 143.111099 -0.712940 0.185193 0.000000
0.017032 209.777802 149.333298 -0.712936 0.216231 0.000000
0.001757 192.888901 156.444397 -0.588974 0.247268 0.000000
0.057763 168.888901 167.111099 -0.836902 0.371419 0.000000
0.034852 155.555603 173.333298 -0.465008 0.216231 0.000000
0.032306 149.333298 175.111099 -0.217083 0.061047 2.000000
0.006849 149.333298 175.111099 -0.000142 -0.001029 2.000000
0.024669 156.444397 169.777802 0.247786 -0.187250 2.000000
0.057763 173.333298 156.444397 0.588689 -0.466589 2.000000
0.034852 193.777802 137.777802 0.712655 -0.652807 2.000000
0.060309 209.777802 112.000000 0.557698 -0.901108 2.000000
0.034852 207.111099 99.555557 -0.093117 -0.435549 2.000000
0.055218 194.666702 91.555557 -0.434016 -0.280363 2.000000
0.017032 177.777802 88.888893 -0.588974 -0.094140 2.000000
0.004303 168.000000 88.888893 -0.341045 -0.001029 0.000000
0.034852 159.111099 88.888893 -0.310054 -0.001029 0.000000
0.060309 130.666702 104.000000 -0.991856 0.526603 0.000000
0.039943 115.555603 124.444397 -0.526991 0.712825 0.000000
0.017032 108.444397 152.000000 -0.248074 0.961126 0.000000
0.009394 108.444397 152.000000 -0.000142 -0.001029 0.000000
0.014486 110.222198 181.333298 0.061841 1.023197 0.000000
0.009394 110.222198 181.333298 -0.000142 -0.001029 0.000000
0.017032 119.111099 208.000000 0.309769 0.930088 0.000000
0.009394 124.444397 221.333298 0.185803 0.464528 0.000000
0.019577 129.777802 232.888901 0.185807 0.402456 0.000000
0.009394 136.000000 245.333298 0.216795 0.433490 0.000000
0.017032 141.333298 257.777802 0.185803 0.433494 0.000000
0.009394 145.777802 270.222198 0.154815 0.433490 1.000000
0.019577 152.000000 296.888885 0.216795 0.930087 2.000000
0.009394 153.777802 308.444489 0.061841 0.402456 2.000000
0.017032 155.555603 320.000000 0.061841 0.402453 2.000000
0.009394 156.444397 329.777802 0.030846 0.340381 2.000000
0.042489 160.000000 342.222198 0.123824 0.433490 2.000000
0.037397 164.444397 347.555511 0.154812 0.185194 2.000000
0.060309 174.222198 341.333313 0.340761 -0.218288 2.000000
0.037397 177.777802 335.111115 0.123824 -0.218288 2.000000
0.039943 189.333298 296.888885 0.402740 -1.335627 2.000000
0.042489 196.444397 256.888885 0.247786 -1.397702 3.000000
0.039943 205.333298 209.777802 0.309769 -1.645998 0.000000
0.004303 210.666702 186.666702 0.185807 -0.807995 0.000000
0.037397 224.888901 145.777802 0.495715 -1.428739 0.000000
0.014486 232.000000 128.888901 0.247786 -0.590735 0.000000
0.001757 232.000000 128.888901 -0.000142 -0.001029 0.000000
0.062855 248.888901 90.666656 0.588689 -1.335628 0.000000
0.034852 256.000000 74.666656 0.247786 -0.559698 0.000000
0.034852 257.777802 68.444443 0.061841 -0.218288 0.000000
0.057763 236.444397 78.222221 -0.743931 0.340380 0.000000
0.037397 208.888901 98.666656 -0.960864 0.712826 1.000000
0.014486 193.777802 111.111099 -0.526991 0.433492 1.000000
0.004303 176.888901 123.555603 -0.588974 0.433494 2.000000
0.004303 176.888901 123.555603 -0.000142 -0.001029 2.000000
0.014486 139.555603 148.444397 -1.301768 0.868009 2.000000
0.004303 139.555603 148.444397 -0.000142 -0.001029 2.000000
0.014486 120.000000 160.000000 -0.681948 0.402456 2.000000
0.001757 100.444397 171.555603 -0.681948 0.402456 2.000000
0.017032 65.777779 194.666702 -1.208794 0.805938 2.000000
0.001757 65.777779 194.666702 -0.000142 -0.001029 2.000000
0.006849 49.777779 205.333298 -0.557982 0.371415 2.000000
0.014486 35.555561 216.888901 -0.496000 0.402456 2.000000
0.009394 24.888889 226.666702 -0.372036 0.340381 2.000000
0.024669 11.555560 246.222198 -0.465009 0.681787 2.000000
0.022123 9.777778 252.444397 -0.062125 0.216231 2.000000
0.004303 9.777778 257.777802 -0.000142 0.185197 2.000000
0.022123 18.666670 259.555511 0.309769 0.061043 3.000000
0.004303 18.666670 259.555511 -0.000142 -0.001029 3.000000
0.024669 37.333328 253.333298 0.650671 -0.218288 0.000000
0.009394 48.888889 246.222198 0.402742 -0.249326 0.000000
0.047580 74.666656 230.222198 0.898600 -0.559698 0.000000
0.050126 106.666702 210.666702 1.115539 -0.683844 0.000000
0.045035 141.333298 192.000000 1.208509 -0.652811 0.000000
0.045035 181.333298 176.000000 1.394458 -0.559698 0.000000
0.014486 191.111099 174.222198 0.340761 -0.063104 0.000000
0.009394 200.888901 173.333298 0.340761 -0.032066 0.000000
0.039943 220.444397 173.333298 0.681660 -0.001029 0.000000
0.045035 241.777802 175.111099 0.743647 0.061047 0.000000
0.017032 263.111115 178.666702 0.743644 0.123122 2.000000
0.024669 272.888885 180.444397 0.340760 0.061043 2.000000
0.029760 288.000000 184.888901 0.526707 0.154159 2.000000
0.055218 297.777802 189.333298 0.340761 0.154156 2.000000
0.034852 304.888885 192.888901 0.247786 0.123122 2.000000
0.052672 312.888885 194.666702 0.278778 0.061047 2.000000
0.032306 323.555511 191.111099 0.371750 -0.125179 2.000000
0.034852 346.666687 167.111099 0.805629 -0.839032 3.000000
0.004303 346.666687 167.111099 -0.000142 -0.001029 3.000000
0.009394 356.444489 152.888901 0.340761 -0.497623 0.000000
0.001757 367.111115 135.111099 0.371750 -0.621773 0.000000
0.052672 390.222198 93.333344 0.805626 -1.459775 0.000000
0.001757 402.666687 73.777779 0.433735 -0.683847 0.000000
0.011940 413.333313 58.666672 0.371750 -0.528660 0.000000
0.001757 423.111115 47.111111 0.340761 -0.404512 0.000000
0.032306 431.111115 40.000000 0.278778 -0.249326 0.000000
0.032306 445.333313 31.111111 0.495715 -0.311400 0.000000
0.001757 450.666687 29.333330 0.185806 -0.063103 0.000000
0.014486 454.222198 29.333330 0.123821 -0.001029 0.000000
0.004303 457.777802 32.000000 0.123824 0.092083 0.000000
0.001757 459.555511 38.222221 0.061838 0.216232 0.000000
0.014486 459.555511 47.111111 -0.000142 0.309343 0.000000
0.004303 459.555511 60.444439 -0.000142 0.464529 0.000000
0.014486 455.111115 75.555557 -0.155096 0.526604 0.000000
-0.000788 455.111115 75.555557 -0.000142 -0.001029 0.000000
0.004303 450.666687 92.444443 -0.155097 0.588678 1.000000
0.011940 445.333313 110.222198 -0.186090 0.619714 1.000000
0.001757 440.888885 128.000000 -0.155097 0.619716 2.000000
0.014486 437.333313 145.777802 -0.124107 0.619716 2.000000
0.009394 434.666687 163.555603 -0.093114 0.619716 2.000000
0.017032 432.000000 182.222198 -0.093116 0.650750 2.000000
0.006849 430.222198 200.000000 -0.062125 0.619716 2.000000
0.017032 429.333313 216.000000 -0.031133 0.557641 2.000000
0.009394 428.444489 231.111099 -0.031131 0.526603 2.000000
0.045035 421.333313 268.444489 -0.248073 1.302535 2.000000
0.037397 417.777802 278.222198 -0.124105 0.340378 2.000000
0.065400 406.222198 304.888885 -0.403028 0.930087 2.000000
0.019577 400.000000 317.333313 -0.217079 0.433491 3.000000
0.004303 398.222198 320.888885 -0.062125 0.123121 3.000000
0.019577 396.444489 324.444489 -0.062122 0.123122 0.000000
0.014486 395.555511 326.222198 -0.031136 0.061043 0.000000
0.047580 393.777802 328.888885 -0.062122 0.092084 0.000000
0.019577 391.111115 329.777802 -0.093116 0.030010 0.000000
0.042489 385.777802 329.777802 -0.186088 -0.001029 0.000000
0.047580 376.888885 326.222198 -0.310054 -0.125179 0.000000
0.047580 365.333313 312.000000 -0.403027 -0.497623 0.000000
0.062855 360.888885 293.333313 -0.155097 -0.652810 0.000000
0.037397 356.444489 265.777802 -0.155096 -0.963179 0.000000
0.039943 333.333313 219.555603 -0.805913 -1.614961 2.000000
0.039943 320.000000 208.000000 -0.465008 -0.404514 2.000000
0.052672 269.333313 192.000000 -1.766636 -0.559698 2.000000
0.037397 240.000000 194.666702 -1.022848 0.092084 2.000000
0.062855 208.888901 216.888901 -1.084831 0.774900 2.000000
0.034852 193.777802 241.777802 -0.526991 0.868013 2.000000
0.050126 178.666702 273.777802 -0.526991 1.116310 2.000000
0.078129 160.000000 328.000000 -0.650957 1.892238 3.000000
0.006849 160.000000 328.000000 -0.000142 -0.001029 0.000000
0.022123 161.777802 339.555511 0.061841 0.402453 0.000000
0.006849 165.333298 340.444489 0.123820 0.030012 0.000000
0.022123 171.555603 340.444489 0.216799 -0.001029 0.000000
0.009394 179.555603 336.000000 0.278778 -0.156216 0.000000
0.017032 189.333298 328.888885 0.340757 -0.249326 0.000000
0.001757 200.888901 320.000000 0.402744 -0.311400 0.000000
0.024669 231.111099 297.777802 1.053555 -0.776957 0.000000
0.014486 231.111099 297.777802 -0.000142 -0.001029 0.000000
0.019577 264.000000 279.111115 1.146529 -0.652810 0.000000
-0.000788 264.000000 279.111115 -0.000142 -0.001029 0.000000
0.011940 294.222198 268.444489 1.053555 -0.373473 0.000000
0.001757 294.222198 268.444489 -0.000142 -0.001029 0.000000
0.052672 337.777802 258.666687 1.518424 -0.342438 0.000000
0.052672 377.777802 249.777802 1.394458 -0.311400 2.000000
0.032306 388.444489 247.111099 0.371752 -0.094141 2.000000
0.052672 407.111115 241.777802 0.650670 -0.187250 2.000000
0.029760 408.888885 241.777802 0.061840 -0.001029 2.000000
0.055218 400.888885 241.777802 -0.279062 -0.001029 2.000000
0.050126 382.222198 243.555603 -0.650956 0.061047 2.000000
0.014486 354.666687 244.444397 -0.960865 0.030005 2.000000
-0.000788 354.666687 244.444397 -0.000142 -0.001029 2.000000
0.011940 338.666687 244.444397 -0.557982 -0.001029 2.000000
0.001757 320.888885 243.555603 -0.619965 -0.032062 2.000000
0.001757 302.222198 241.777802 -0.650956 -0.063104 3.000000
0.017032 282.666687 240.888901 -0.681945 -0.032066 0.000000
-0.000788 282.666687 240.888901 -0.000142 -0.001029 0.000000
0.001757 262.222198 240.888901 -0.712939 -0.001029 0.000000
0.014486 242.666702 241.777802 -0.681944 0.030009 0.000000
-0.000788 224.000000 244.444397 -0.650957 0.092080 0.000000
0.017032 207.111099 248.888901 -0.588974 0.154159 0.000000
0.001757 192.000000 255.111099 -0.526991 0.216231 0.000000
0.001757 192.000000 255.111099 -0.000142 -0.001029 0.000000
0.011940 177.777802 262.222198 -0.495999 0.247268 0.000000
-0.000788 165.333298 270.222198 -0.434020 0.278306 0.000000
-0.000788 154.666702 279.111115 -0.372033 0.309344 0.000000
0.014486 144.888901 288.000000 -0.341045 0.309343 0.000000
0.001757 137.777802 296.888885 -0.248071 0.309343 0.000000
0.034852 130.666702 312.888885 -0.248071 0.557641 0.000000
0.052672 129.777802 326.222198 -0.031134 0.464528 0.000000
0.047580 133.333298 336.000000 0.123820 0.340381 0.000000
0.011940 142.222198 340.444489 0.309769 0.154159 2.000000
