-0.003334 448.888885 198.222198 0.030849 -0.001029 0.000000
-0.003334 448.888885 198.222198 -0.000142 -0.001029 0.000000
0.009394 448.888885 198.222198 -0.000142 -0.001029 0.000000
-0.003334 448.888885 198.222198 -0.000142 -0.001029 0.000000
-0.003334 448.888885 198.222198 -0.000142 -0.001029 0.000000
-0.000788 448.888885 198.222198 -0.000142 -0.001029 0.000000
0.009394 448.000000 198.222198 -0.031133 -0.001029 0.000000
-0.000788 448.000000 198.222198 -0.000142 -0.001029 0.000000
-0.000788 448.000000 198.222198 -0.000142 -0.001029 0.000000
0.011940 448.000000 198.222198 -0.000142 -0.001029 0.000000
-0.000788 448.000000 198.222198 -0.000142 -0.001029 0.000000
0.011940 448.000000 198.222198 -0.000142 -0.001029 0.000000
-0.003334 448.000000 198.222198 -0.000142 -0.001029 0.000000
-0.000788 448.000000 198.222198 -0.000142 -0.001029 0.000000
-0.000788 448.000000 198.222198 -0.000142 -0.001029 0.000000
0.006849 448.000000 198.222198 -0.000142 -0.001029 0.000000
-0.000788 448.888885 198.222198 0.030849 -0.001029 0.000000
-0.000788 449.777802 198.222198 0.030850 -0.001029 0.000000
0.009394 449.777802 198.222198 -0.000142 -0.001029 0.000000
-0.000788 449.777802 198.222198 -0.000142 -0.001029 0.000000
-0.000788 449.777802 198.222198 -0.000142 -0.001029 0.000000
0.009394 449.777802 198.222198 -0.000142 -0.001029 0.000000
-0.000788 449.777802 198.222198 -0.000142 -0.001029 0.000000
-0.000788 449.777802 198.222198 -0.000142 -0.001029 0.000000
0.009394 449.777802 198.222198 -0.000142 -0.001029 0.000000
-0.000788 448.000000 198.222198 -0.062125 -0.001029 0.000000
0.001757 448.000000 198.222198 -0.000142 -0.001029 0.000000
0.009394 446.222198 198.222198 -0.062125 -0.001029 0.000000
-0.000788 446.222198 198.222198 -0.000142 -0.001029 0.000000
-0.000788 445.333313 198.222198 -0.031133 -0.001029 0.000000
0.006849 443.555511 198.222198 -0.062125 -0.001029 0.000000
-0.003334 443.555511 198.222198 -0.000142 -0.001029 0.000000
0.001757 441.777802 198.222198 -0.062122 -0.001029 0.000000
0.009394 438.222198 198.222198 -0.124108 -0.001029 0.000000
-0.000788 433.777802 198.222198 -0.155096 -0.001029 0.000000
-0.000788 433.777802 198.222198 -0.000142 -0.001029 0.000000
0.009394 428.444489 198.222198 -0.186088 -0.001029 0.000000
-0.000788 422.222198 198.222198 -0.217082 -0.001029 0.000000
0.001757 415.111115 198.222198 -0.248070 -0.001029 0.000000
0.014486 409.777802 199.111099 -0.186088 0.030009 0.000000
-0.000788 409.777802 199.111099 -0.000142 -0.001029 0.000000
0.011940 404.444489 200.000000 -0.186088 0.030009 0.000000
-0.003334 401.777802 200.000000 -0.093116 -0.001029 0.000000
-0.003334 401.777802 200.000000 -0.000142 -0.001029 0.000000
0.011940 400.000000 200.000000 -0.062125 -0.001029 0.000000
-0.003334 399.111115 200.000000 -0.031133 -0.001029 0.000000
-0.003334 399.111115 200.000000 -0.000142 -0.001029 0.000000
0.009394 399.111115 200.000000 -0.000142 -0.001029 0.000000
-0.003334 399.111115 200.000000 -0.000142 -0.001029 0.000000
-0.000788 399.111115 199.111099 -0.000142 -0.032066 0.000000
-0.000788 399.111115 199.111099 -0.000142 -0.001029 0.000000
0.009394 399.111115 199.111099 -0.000142 -0.001029 0.000000
-0.000788 399.111115 198.222198 -0.000142 -0.032066 0.000000
0.001757 399.111115 198.222198 -0.000142 -0.001029 0.000000
0.009394 398.222198 197.333298 -0.031134 -0.032066 0.000000
-0.000788 398.222198 197.333298 -0.000142 -0.001029 0.000000
-0.000788 396.444489 197.333298 -0.062122 -0.001029 0.000000
0.011940 394.666687 196.444397 -0.062125 -0.032066 0.000000
-0.003334 394.666687 196.444397 -0.000142 -0.001029 0.000000
-0.000788 392.000000 195.555603 -0.093116 -0.032062 0.000000
0.011940 388.444489 195.555603 -0.124105 -0.001029 0.000000
-0.000788 385.777802 194.666702 -0.093116 -0.032066 0.000000
0.011940 383.111115 192.888901 -0.093116 -0.063104 0.000000
-0.003334 383.111115 192.888901 -0.000142 -0.001029 0.000000
0.001757 380.444489 192.000000 -0.093114 -0.032066 0.000000
0.011940 378.666687 190.222198 -0.062125 -0.063104 0.000000
-0.000788 377.777802 188.444397 -0.031133 -0.063104 0.000000
-0.000788 377.777802 188.444397 -0.000142 -0.001029 0.000000
0.009394 376.000000 186.666702 -0.062125 -0.063100 0.000000
0.001757 374.222198 184.888901 -0.062125 -0.063104 0.000000
0.001757 371.555511 183.111099 -0.093116 -0.063104 0.000000
0.009394 368.000000 181.333298 -0.124105 -0.063104 0.000000
-0.005880 368.000000 181.333298 -0.000142 -0.001029 0.000000
-0.000788 363.555511 180.444397 -0.155099 -0.032066 0.000000
0.009394 357.333313 178.666702 -0.217079 -0.063100 0.000000
-0.003334 357.333313 178.666702 -0.000142 -0.001029 0.000000
-0.000788 351.111115 177.777802 -0.217079 -0.032066 0.000000
0.009394 344.000000 176.888901 -0.248071 -0.032066 0.000000
-0.003334 344.000000 176.888901 -0.000142 -0.001029 0.000000
-0.000788 338.666687 175.111099 -0.186088 -0.063104 0.000000
0.011940 334.222198 174.222198 -0.155099 -0.032066 0.000000
0.001757 331.555511 172.444397 -0.093116 -0.063104 0.000000
-0.003334 331.555511 172.444397 -0.000142 -0.001029 0.000000
0.009394 329.777802 170.666702 -0.062122 -0.063100 0.000000
-0.000788 328.888885 168.888901 -0.031134 -0.063104 0.000000
-0.003334 328.888885 168.888901 -0.000142 -0.001029 0.000000
0.009394 328.000000 165.333298 -0.031133 -0.125179 0.000000
-0.003334 328.000000 165.333298 -0.000142 -0.001029 0.000000
-0.000788 328.000000 164.444397 -0.000142 -0.032066 0.000000
-0.000788 328.000000 164.444397 -0.000142 -0.001029 0.000000
0.009394 328.000000 163.555603 -0.000142 -0.032062 0.000000
-0.003334 328.000000 163.555603 -0.000142 -0.001029 0.000000
0.001757 328.000000 163.555603 -0.000142 -0.001029 0.000000
0.009394 328.000000 163.555603 -0.000142 -0.001029 0.000000
-0.000788 326.222198 163.555603 -0.062125 -0.001029 0.000000
0.011940 325.333313 163.555603 -0.031133 -0.001029 0.000000
-0.003334 323.555511 163.555603 -0.062125 -0.001029 0.000000
-0.000788 323.555511 163.555603 -0.000142 -0.001029 0.000000
0.001757 320.888885 164.444397 -0.093114 0.030005 0.000000
0.009394 319.111115 165.333298 -0.062124 0.030009 0.000000
-0.003334 319.111115 165.333298 -0.000142 -0.001029 0.000000
0.001757 317.333313 167.111099 -0.062125 0.061047 0.000000
0.011940 315.555511 168.888901 -0.062125 0.061047 0.000000
0.001757 314.666687 170.666702 -0.031131 0.061047 0.000000
0.001757 313.777802 172.444397 -0.031133 0.061043 0.000000
0.014486 313.777802 173.333298 -0.000142 0.030009 0.000000
-0.000788 313.777802 173.333298 -0.000142 -0.001029 0.000000
0.009394 312.888885 174.222198 -0.031134 0.030009 0.000000
-0.003334 312.888885 174.222198 -0.000142 -0.001029 0.000000
0.001757 312.888885 175.111099 -0.000142 0.030009 0.000000
0.009394 312.888885 175.111099 -0.000142 -0.001029 0.000000
-0.003334 312.888885 175.111099 -0.000142 -0.001029 0.000000
-0.000788 312.888885 175.111099 -0.000142 -0.001029 0.000000
0.006849 312.888885 174.222198 -0.000142 -0.032066 0.000000
-0.000788 312.888885 174.222198 -0.000142 -0.001029 0.000000
-0.003334 314.666687 173.333298 0.061841 -0.032066 0.000000
0.011940 317.333313 170.666702 0.092830 -0.094138 0.000000
0.004303 320.888885 168.888901 0.123823 -0.063104 0.000000
-0.003334 320.888885 168.888901 -0.000142 -0.001029 0.000000
0.009394 324.444489 167.111099 0.123824 -0.063104 0.000000
-0.003334 328.000000 166.222198 0.123821 -0.032066 0.000000
0.001757 328.000000 166.222198 -0.000142 -0.001029 0.000000
0.011940 335.111115 165.333298 0.247787 -0.032066 0.000000
0.001757 335.111115 165.333298 -0.000142 -0.001029 0.000000
-0.003334 338.666687 165.333298 0.123823 -0.001029 0.000000
0.009394 341.333313 165.333298 0.092830 -0.001029 0.000000
-0.003334 341.333313 165.333298 -0.000142 -0.001029 0.000000
-0.000788 344.888885 166.222198 0.123823 0.030009 0.000000
0.011940 347.555511 167.111099 0.092830 0.030009 0.000000
0.006849 351.111115 168.888901 0.123824 0.061047 0.000000
0.004303 353.777802 170.666702 0.092832 0.061047 0.000000
-0.003334 353.777802 170.666702 -0.000142 -0.001029 0.000000
-0.000788 357.333313 171.555603 0.123821 0.030009 0.000000
0.014486 360.888885 173.333298 0.123823 0.061043 0.000000
-0.000788 364.444489 174.222198 0.123824 0.030009 0.000000
-0.000788 364.444489 174.222198 -0.000142 -0.001029 0.000000
0.011940 368.000000 176.000000 0.123821 0.061047 0.000000
-0.003334 370.666687 177.777802 0.092832 0.061047 0.000000
-0.000788 370.666687 177.777802 -0.000142 -0.001029 0.000000
0.011940 376.000000 183.111099 0.185804 0.185193 0.000000
-0.003334 376.000000 183.111099 -0.000142 -0.001029 0.000000
0.001757 377.777802 185.777802 0.061841 0.092084 0.000000
0.011940 378.666687 188.444397 0.030849 0.092080 0.000000
-0.005880 378.666687 188.444397 -0.000142 -0.001029 0.000000
-0.000788 380.444489 191.111099 0.061841 0.092084 0.000000
0.009394 381.333313 193.777802 0.030847 0.092084 0.000000
-0.005880 381.333313 193.777802 -0.000142 -0.001029 0.000000
0.001757 382.222198 195.555603 0.030849 0.061047 0.000000
-0.000788 383.111115 198.222198 0.030850 0.092080 0.000000
0.006849 383.111115 198.222198 -0.000142 -0.001029 0.000000
-0.000788 384.000000 200.888901 0.030849 0.092084 0.000000
-0.000788 385.777802 202.666702 0.061841 0.061047 0.000000
0.009394 387.555511 205.333298 0.061838 0.092080 0.000000
0.004303 388.444489 208.000000 0.030852 0.092084 0.000000
0.011940 388.444489 208.000000 -0.000142 -0.001029 0.000000
-0.000788 390.222198 209.777802 0.061838 0.061047 0.000000
-0.000788 392.000000 212.444397 0.061841 0.092080 0.000000
0.009394 392.888885 213.333298 0.030849 0.030009 0.000000
-0.003334 392.888885 213.333298 -0.000142 -0.001029 0.000000
-0.003334 393.777802 214.222198 0.030850 0.030009 0.000000
0.011940 394.666687 215.111099 0.030849 0.030009 0.000000
-0.003334 394.666687 215.111099 -0.000142 -0.001029 0.000000
-0.003334 394.666687 215.111099 -0.000142 -0.001029 0.000000
0.009394 394.666687 215.111099 -0.000142 -0.001029 0.000000
-0.000788 394.666687 215.111099 -0.000142 -0.001029 0.000000
-0.003334 394.666687 215.111099 -0.000142 -0.001029 0.000000
-0.000788 394.666687 215.111099 -0.000142 -0.001029 0.000000
0.009394 394.666687 214.222198 -0.000142 -0.032066 0.000000
-0.000788 394.666687 214.222198 -0.000142 -0.001029 0.000000
0.001757 394.666687 212.444397 -0.000142 -0.063104 0.000000
0.011940 394.666687 210.666702 -0.000142 -0.063100 0.000000
0.001757 394.666687 208.888901 -0.000142 -0.063104 0.000000
-0.005880 394.666687 208.888901 -0.000142 -0.001029 0.000000
0.009394 394.666687 208.000000 -0.000142 -0.032066 0.000000
-0.000788 392.888885 207.111099 -0.062125 -0.032066 0.000000
-0.000788 390.222198 206.222198 -0.093116 -0.032066 0.000000
0.011940 390.222198 206.222198 -0.000142 -0.001029 0.000000
-0.003334 386.666687 206.222198 -0.124105 -0.001029 0.000000
-0.000788 383.111115 206.222198 -0.124107 -0.001029 0.000000
0.009394 380.444489 206.222198 -0.093114 -0.001029 0.000000
-0.003334 380.444489 206.222198 -0.000142 -0.001029 0.000000
0.004303 378.666687 206.222198 -0.062125 -0.001029 0.000000
0.009394 376.888885 206.222198 -0.062125 -0.001029 0.000000
-0.000788 376.000000 206.222198 -0.031133 -0.001029 0.000000
0.009394 375.111115 206.222198 -0.031133 -0.001029 0.000000
0.009394 375.111115 206.222198 -0.000142 -0.001029 0.000000
0.045035 374.222198 204.444397 -0.031134 -0.063104 0.000000
0.037397 373.333313 203.555603 -0.031133 -0.032062 0.000000
0.055218 367.111115 204.444397 -0.217079 0.030005 0.000000
0.057763 361.777802 206.222198 -0.186088 0.061047 0.000000
0.042489 359.111115 207.111099 -0.093116 0.030009 0.000000
0.029760 359.111115 207.111099 -0.000142 -0.001029 0.000000
0.057763 359.111115 207.111099 -0.000142 -0.001029 0.000000
0.037397 359.111115 207.111099 -0.000142 -0.001029 0.000000
0.011940 359.111115 207.111099 -0.000142 -0.001029 3.000000
0.027215 359.111115 207.111099 -0.000142 -0.001029 3.000000
0.045035 361.777802 207.111099 0.092832 -0.001029 3.000000
0.024669 367.111115 207.111099 0.185804 -0.001029 3.000000
0.057763 377.777802 206.222198 0.371752 -0.032066 3.000000
0.047580 384.000000 205.333298 0.216795 -0.032066 3.000000
0.047580 387.555511 205.333298 0.123821 -0.001029 3.000000
0.042489 388.444489 205.333298 0.030852 -0.001029 3.000000
0.045035 388.444489 205.333298 -0.000142 -0.001029 3.000000
0.029760 388.444489 205.333298 -0.000142 -0.001029 3.000000
0.050126 385.777802 202.666702 -0.093116 -0.094138 3.000000
0.045035 378.666687 200.000000 -0.248071 -0.094141 3.000000
0.047580 364.444489 198.222198 -0.495999 -0.063104 3.000000
0.050126 335.111115 197.333298 -1.022850 -0.032066 3.000000
0.029760 325.333313 197.333298 -0.341045 -0.001029 3.000000
0.055218 299.555511 190.222198 -0.898885 -0.249326 3.000000
0.052672 281.777802 180.444397 -0.619962 -0.342438 3.000000
0.032306 257.777802 166.222198 -0.836902 -0.497623 3.000000
0.004303 242.666702 159.111099 -0.526991 -0.249326 0.000000
0.009394 226.666702 153.777802 -0.557982 -0.187250 0.000000
0.001757 210.666702 149.333298 -0.557982 -0.156217 0.000000
0.014486 195.555603 148.444397 -0.526991 -0.032066 0.000000
0.001757 195.555603 148.444397 -0.000142 -0.001029 0.000000
0.004303 182.222198 148.444397 -0.465011 -0.001029 0.000000
0.017032 163.555603 155.555603 -0.650953 0.247272 1.000000
0.006849 163.555603 155.555603 -0.000142 -0.001029 1.000000
0.017032 151.111099 174.222198 -0.434020 0.650750 1.000000
0.004303 151.111099 174.222198 -0.000142 -0.001029 1.000000
0.017032 146.666702 206.222198 -0.155096 1.116310 2.000000
0.001757 146.666702 206.222198 -0.000142 -0.001029 2.000000
0.022123 144.888901 244.444397 -0.062125 1.333569 2.000000
0.011940 144.000000 262.222198 -0.031134 0.619716 2.000000
0.022123 144.000000 277.333313 -0.000142 0.526604 2.000000
0.014486 143.111099 290.666687 -0.031134 0.464531 2.000000
0.062855 143.111099 313.777802 -0.000142 0.805938 2.000000
0.006849 143.111099 315.555511 -0.000142 0.061043 2.000000
0.039943 143.111099 311.111115 -0.000142 -0.156213 2.000000
0.024669 148.444397 286.222198 0.185803 -0.870070 0.000000
0.006849 152.000000 266.666687 0.123824 -0.683845 0.000000
0.045035 154.666702 216.000000 0.092832 -1.770148 0.000000
0.045035 151.111099 158.222198 -0.124108 -2.018446 0.000000
0.060309 131.555603 95.111107 -0.681944 -2.204667 0.000000
0.037397 113.777802 75.555557 -0.619965 -0.683846 0.000000
0.037397 94.222221 66.666656 -0.681947 -0.311401 0.000000
0.039943 76.444443 64.000000 -0.619964 -0.094140 1.000000
0.006849 70.222221 64.000000 -0.217080 -0.001029 1.000000
0.014486 66.666656 66.666656 -0.124107 0.092083 2.000000
0.004303 66.666656 66.666656 -0.000142 -0.001029 2.000000
0.014486 64.888893 74.666656 -0.062124 0.278306 2.000000
-0.000788 64.888893 74.666656 -0.000142 -0.001029 2.000000
0.057763 81.777779 95.111107 0.588689 0.712827 2.000000
0.037397 106.666702 109.333298 0.867610 0.495565 2.000000
0.062855 160.000000 128.000000 1.859323 0.650753 2.000000
0.034852 196.444397 139.555603 1.270492 0.402456 2.000000
0.017032 215.111099 144.000000 0.650672 0.154156 0.000000
0.001757 232.000000 146.666702 0.588689 0.092084 0.000000
0.011940 248.000000 148.444397 0.557698 0.061043 0.000000
0.019577 262.222198 150.222198 0.495715 0.061047 0.000000
0.011940 274.666687 152.888901 0.433735 0.092084 0.000000
0.006849 285.333313 156.444397 0.371750 0.123118 0.000000
0.045035 304.000000 166.222198 0.650672 0.340381 0.000000
0.014486 311.111115 172.444397 0.247787 0.216231 0.000000
0.006849 319.111115 177.777802 0.278778 0.185197 0.000000
0.017032 333.333313 186.666702 0.495715 0.309344 0.000000
0.006849 333.333313 186.666702 -0.000142 -0.001029 0.000000
0.004303 340.444489 188.444397 0.247789 0.061043 0.000000
0.022123 354.666687 189.333298 0.495715 0.030009 0.000000
0.019577 361.777802 188.444397 0.247787 -0.032066 0.000000
0.006849 368.000000 185.777802 0.216795 -0.094138 0.000000
0.027215 382.222198 172.444397 0.495715 -0.466589 2.000000
0.017032 389.333313 162.666702 0.247787 -0.342435 2.000000
0.017032 395.555511 152.000000 0.216795 -0.373476 2.000000
0.004303 401.777802 142.222198 0.216798 -0.342438 2.000000
0.019577 407.111115 134.222198 0.185804 -0.280363 2.000000
0.011940 412.444489 127.111099 0.185806 -0.249326 2.000000
0.019577 417.777802 121.777802 0.185804 -0.187250 2.000000
0.011940 428.444489 112.000000 0.371752 -0.342438 2.000000
0.024669 433.777802 106.666702 0.185804 -0.187250 2.000000
0.057763 441.777802 85.333344 0.278778 -0.745922 2.000000
0.034852 438.222198 66.666656 -0.124108 -0.652810 2.000000
0.034852 424.888885 49.777779 -0.465008 -0.590735 0.000000
0.001757 424.888885 49.777779 -0.000142 -0.001029 0.000000
0.042489 407.111115 40.888889 -0.619964 -0.311400 0.000000
0.045035 379.555511 38.222221 -0.960868 -0.094140 0.000000
0.045035 359.111115 42.666672 -0.712936 0.154158 0.000000
0.042489 336.000000 52.444439 -0.805911 0.340380 0.000000
0.019577 326.222198 59.555561 -0.341045 0.247269 0.000000
0.014486 310.222198 80.888893 -0.557982 0.743864 0.000000
0.062855 301.333313 108.444397 -0.310053 0.961122 0.000000
0.014486 296.000000 136.888901 -0.186088 0.992163 1.000000
0.052672 292.444489 168.888901 -0.124105 1.116310 2.000000
0.067946 280.888885 221.333298 -0.403028 1.830163 2.000000
0.004303 275.555511 238.222198 -0.186090 0.588678 2.000000
0.024669 270.222198 254.222198 -0.186088 0.557641 2.000000
0.006849 264.888885 268.444489 -0.186088 0.495569 2.000000
0.006849 258.666687 282.666687 -0.217079 0.495565 2.000000
0.011940 252.444397 295.111115 -0.217082 0.433491 2.000000
0.004303 247.111099 304.888885 -0.186088 0.340380 2.000000
0.017032 240.888901 314.666687 -0.217079 0.340381 2.000000
0.001757 234.666702 321.777802 -0.217079 0.247269 2.000000
0.014486 228.444397 328.888885 -0.217083 0.247268 2.000000
0.004303 222.222198 335.111115 -0.217079 0.216232 2.000000
0.004303 216.000000 341.333313 -0.217079 0.216231 2.000000
0.017032 209.777802 346.666687 -0.217079 0.185196 0.000000
0.004303 204.444397 352.000000 -0.186091 0.185194 0.000000
0.014486 200.000000 355.555511 -0.155096 0.123119 0.000000
0.004303 198.222198 357.333313 -0.062125 0.061047 0.000000
0.017032 196.444397 359.111115 -0.062125 0.061047 0.000000
0.004303 196.444397 359.111115 -0.000142 -0.001029 0.000000
0.057763 197.333298 348.444489 0.030849 -0.373473 0.000000
0.045035 203.555603 320.888885 0.216799 -0.963183 0.000000
0.042489 208.888901 256.888885 0.185803 -2.235705 0.000000
0.050126 202.666702 217.777802 -0.217079 -1.366663 0.000000
0.062855 176.000000 185.777802 -0.929877 -1.118367 0.000000
0.050126 136.888901 174.222198 -1.363751 -0.404514 2.000000
0.009394 136.888901 174.222198 -0.000142 -0.001029 2.000000
0.024669 108.444397 173.333298 -0.991860 -0.032066 2.000000
0.011940 95.111107 174.222198 -0.465007 0.030009 2.000000
0.019577 82.666656 177.777802 -0.434018 0.123122 2.000000
0.009394 70.222221 182.222198 -0.434017 0.154156 2.000000
0.017032 45.333328 191.111099 -0.867893 0.309344 2.000000
0.011940 45.333328 191.111099 -0.000142 -0.001029 2.000000
0.017032 25.777781 199.111099 -0.681946 0.278306 2.000000
0.022123 19.555559 202.666702 -0.217080 0.123122 2.000000
0.004303 15.111110 203.555603 -0.155098 0.030009 2.000000
0.022123 14.222220 204.444397 -0.031133 0.030005 2.000000
0.004303 16.000000 203.555603 0.061840 -0.032062 2.000000
0.022123 32.888889 194.666702 0.588689 -0.311401 3.000000
0.029760 45.333328 187.555603 0.433733 -0.249326 0.000000
0.039943 88.000000 170.666702 1.487431 -0.590735 0.000000
0.042489 106.666702 172.444397 0.650672 0.061043 0.000000
0.042489 113.777802 188.444397 0.247786 0.557641 0.000000
0.042489 112.888901 213.333298 -0.031134 0.868013 0.000000
0.042489 104.000000 241.777802 -0.310054 0.992163 0.000000
0.075583 88.000000 283.555511 -0.557982 1.457716 0.000000
0.001757 81.777779 296.000000 -0.217080 0.433493 0.000000
0.006849 73.777779 309.333313 -0.279062 0.464528 0.000000
0.017032 64.888893 323.555511 -0.310053 0.495565 2.000000
0.004303 55.111111 337.777802 -0.341045 0.495569 2.000000
0.034852 36.444439 365.333313 -0.650956 0.961122 2.000000
0.052672 25.777781 384.000000 -0.372035 0.650753 2.000000
0.047580 25.777781 387.555511 -0.000142 0.123119 2.000000
0.029760 30.222219 380.444489 0.154813 -0.249323 2.000000
0.052672 57.777779 330.666687 0.960582 -1.739111 3.000000
0.014486 70.222221 305.777802 0.433733 -0.870069 3.000000
-0.003334 84.444443 278.222198 0.495716 -0.963183 3.000000
0.004303 84.444443 278.222198 -0.000142 -0.001029 3.000000
0.017032 113.777802 228.444397 1.022565 -1.739111 0.000000
0.001757 113.777802 228.444397 -0.000142 -0.001029 0.000000
0.014486 143.111099 196.444397 1.022563 -1.118367 0.000000
0.004303 143.111099 196.444397 -0.000142 -0.001029 0.000000
0.001757 157.333298 185.777802 0.495715 -0.373472 0.000000
0.017032 170.666702 176.888901 0.464727 -0.311401 0.000000
0.004303 184.000000 169.777802 0.464723 -0.249326 0.000000
0.017032 197.333298 163.555603 0.464723 -0.218288 0.000000
0.006849 210.666702 157.333298 0.464727 -0.218292 0.000000
0.032306 237.333298 144.888901 0.929589 -0.435547 0.000000
0.039943 261.333313 134.222198 0.836618 -0.373476 0.000000
0.029760 279.111115 126.222198 0.619681 -0.280363 0.000000
0.017032 287.111115 123.555603 0.278778 -0.094138 2.000000
0.029760 294.222198 122.666702 0.247786 -0.032066 2.000000
0.027215 309.333313 122.666702 0.526707 -0.001029 2.000000
0.009394 318.222198 124.444397 0.309769 0.061043 2.000000
0.019577 328.000000 127.111099 0.340761 0.092084 2.000000
0.004303 338.666687 129.777802 0.371752 0.092084 2.000000
0.019577 359.111115 135.111099 0.712653 0.185193 2.000000
0.006849 359.111115 135.111099 -0.000142 -0.001029 2.000000
0.014486 374.222198 138.666702 0.526706 0.123122 2.000000
0.009394 374.222198 138.666702 -0.000142 -0.001029 2.000000
0.017032 383.111115 142.222198 0.309770 0.123118 2.000000
0.009394 384.888885 144.888901 0.061840 0.092084 2.000000
0.042489 384.888885 151.111099 -0.000142 0.216231 0.000000
0.083221 349.333313 152.888901 -1.239787 0.061047 0.000000
0.039943 323.555511 140.444397 -0.898885 -0.435551 0.000000
0.029760 312.000000 132.444397 -0.403025 -0.280363 0.000000
0.060309 279.111115 101.333298 -1.146813 -1.087329 0.000000
0.052672 239.111099 61.333328 -1.394743 -1.397700 0.000000
0.004303 239.111099 61.333328 -0.000142 -0.001029 0.000000
0.047580 211.555603 37.333328 -0.960864 -0.839032 0.000000
0.052672 181.333298 17.777781 -1.053843 -0.683846 1.000000
0.067946 168.888901 14.222220 -0.434016 -0.125177 2.000000
0.047580 166.222198 16.888889 -0.093117 0.092083 2.000000
0.042489 167.111099 32.000000 0.030849 0.526603 2.000000
0.029760 173.333298 55.111111 0.216795 0.805938 2.000000
0.014486 176.888901 67.555557 0.123824 0.433492 2.000000
0.004303 180.444397 80.000000 0.123820 0.433492 2.000000
0.014486 182.222198 92.444443 0.061841 0.433492 2.000000
0.004303 183.111099 104.000000 0.030849 0.402455 2.000000
0.019577 182.222198 126.222198 -0.031134 0.774900 2.000000
0.006849 182.222198 126.222198 -0.000142 -0.001029 2.000000
0.019577 178.666702 140.444397 -0.124105 0.495565 3.000000
0.006849 178.666702 140.444397 -0.000142 -0.001029 3.000000
0.017032 177.777802 144.888901 -0.031134 0.154159 0.000000
0.004303 177.777802 144.888901 -0.000142 -0.001029 0.000000
0.017032 178.666702 142.222198 0.030849 -0.094141 0.000000
0.004303 178.666702 142.222198 -0.000142 -0.001029 0.000000
0.006849 187.555603 129.777802 0.309769 -0.435547 0.000000
0.017032 193.777802 120.888901 0.216795 -0.311401 0.000000
0.009394 200.888901 110.222198 0.247786 -0.373476 0.000000
0.017032 210.666702 99.555557 0.340761 -0.373474 0.000000
0.009394 221.333298 89.777779 0.371749 -0.342438 0.000000
0.039943 248.888901 74.666656 0.960584 -0.528661 0.000000
0.032306 280.888885 66.666656 1.115537 -0.280363 0.000000
0.052672 313.777802 64.888893 1.146530 -0.063102 0.000000
0.037397 348.444489 71.111107 1.208512 0.216231 1.000000
0.017032 363.555511 77.333344 0.526704 0.216232 2.000000
0.022123 387.555511 96.000000 0.836618 0.650752 2.000000
0.067946 408.000000 141.333298 0.712655 1.581866 2.000000
-0.000788 408.000000 141.333298 -0.000142 -0.001029 2.000000
0.001757 410.666687 158.222198 0.092832 0.588678 2.000000
0.014486 413.333313 175.111099 0.092830 0.588678 2.000000
0.004303 414.222198 190.222198 0.030849 0.526603 2.000000
0.017032 415.111115 204.444397 0.030850 0.495565 2.000000
0.001757 416.000000 216.888901 0.030849 0.433494 2.000000
0.006849 416.000000 228.444397 -0.000142 0.402453 2.000000
0.014486 416.000000 238.222198 -0.000142 0.340381 2.000000
0.006849 416.000000 248.000000 -0.000142 0.340381 2.000000
0.014486 414.222198 256.000000 -0.062125 0.278306 2.000000
0.004303 411.555511 264.000000 -0.093116 0.278306 0.000000
0.017032 407.111115 271.111115 -0.155096 0.247269 0.000000
0.001757 402.666687 277.333313 -0.155097 0.216231 0.000000
0.014486 395.555511 282.666687 -0.248073 0.185196 0.000000
0.004303 387.555511 286.222198 -0.279062 0.123119 0.000000
0.004303 377.777802 287.111115 -0.341042 0.030010 0.000000
0.011940 368.000000 287.111115 -0.341045 -0.001029 0.000000
0.009394 357.333313 282.666687 -0.372036 -0.156214 0.000000
0.055218 339.555511 265.777802 -0.619965 -0.590735 0.000000
0.027215 326.222198 235.555603 -0.465008 -1.056292 0.000000
0.052672 315.555511 192.888901 -0.372036 -1.490814 0.000000
0.052672 290.666687 134.222198 -0.867891 -2.049484 0.000000
0.042489 264.888885 112.888901 -0.898885 -0.745920 0.000000
0.045035 223.111099 103.111099 -1.456725 -0.342438 1.000000
0.042489 203.555603 109.333298 -0.681944 0.216231 2.000000
0.045035 191.111099 125.333298 -0.434020 0.557641 2.000000
0.047580 184.000000 150.222198 -0.248071 0.868013 2.000000
0.014486 183.111099 166.222198 -0.031134 0.557641 2.000000
0.009394 183.111099 182.222198 -0.000142 0.557641 2.000000
0.039943 185.777802 216.000000 0.092832 1.178385 2.000000
0.042489 192.000000 245.333298 0.216795 1.023197 2.000000
0.042489 207.111099 283.555511 0.526706 1.333570 3.000000
0.037397 212.444397 293.333313 0.185803 0.340381 0.000000
0.004303 220.444397 301.333313 0.278778 0.278306 0.000000
0.034852 238.222198 312.888885 0.619681 0.402455 0.000000
0.052672 257.777802 317.333313 0.681664 0.154157 0.000000
0.029760 274.666687 317.333313 0.588689 -0.001029 0.000000
0.050126 288.888885 315.555511 0.495715 -0.063104 0.000000
0.052672 308.444489 303.111115 0.681664 -0.435547 0.000000
0.034852 322.666687 282.666687 0.495715 -0.714883 0.000000
0.052672 340.444489 246.222198 0.619681 -1.273554 0.000000
0.014486 361.777802 195.555603 0.743644 -1.770145 1.000000
0.009394 372.444489 170.666702 0.371752 -0.870070 1.000000
0.011940 381.333313 148.444397 0.309767 -0.776961 2.000000
0.037397 388.444489 130.666702 0.247789 -0.621769 2.000000
0.027215 396.444489 112.000000 0.278778 -0.652811 2.000000
0.042489 398.222198 105.777802 0.061838 -0.218288 2.000000
0.039943 389.333313 105.777802 -0.310053 -0.001029 2.000000
0.042489 352.888885 128.000000 -1.270777 0.774900 2.000000
0.017032 336.000000 142.222198 -0.588973 0.495565 2.000000
0.004303 318.222198 157.333298 -0.619965 0.526603 2.000000
0.019577 298.666687 172.444397 -0.681945 0.526603 3.000000
0.006849 278.222198 187.555603 -0.712939 0.526607 3.000000
0.017032 256.888885 200.888901 -0.743928 0.464528 0.000000
0.004303 234.666702 212.444397 -0.774919 0.402453 0.000000
0.004303 234.666702 212.444397 -0.000142 -0.001029 0.000000
0.017032 192.000000 234.666702 -1.487717 0.774904 0.000000
-0.000788 192.000000 234.666702 -0.000142 -0.001029 0.000000
0.017032 152.000000 256.000000 -1.394742 0.743862 0.000000
0.001757 152.000000 256.000000 -0.000142 -0.001029 0.000000
0.014486 115.555603 274.666687 -1.270776 0.650753 0.000000
0.004303 115.555603 274.666687 -0.000142 -0.001029 0.000000
0.006849 99.555557 282.666687 -0.557984 0.278306 0.000000
0.017032 85.333344 287.111115 -0.496000 0.154157 0.000000
0.001757 75.555557 289.777802 -0.341045 0.092084 0.000000
0.037397 62.222221 285.333313 -0.465009 -0.156216 0.000000
0.073038 65.777779 237.333298 0.123822 -1.677037 0.000000
0.029760 72.888893 221.333298 0.247787 -0.559698 0.000000
0.019577 93.333344 187.555603 0.712654 -1.180438 2.000000
0.009394 93.333344 187.555603 -0.000142 -0.001029 2.000000
0.039943 115.555603 157.333298 0.774637 -1.056296 2.000000
0.037397 146.666702 121.777802 1.084546 -1.242514 2.000000
0.039943 162.666702 102.222198 0.557698 -0.683848 2.000000
0.078129 179.555603 81.777779 0.588689 -0.714883 2.000000
0.029760 183.111099 79.111107 0.123820 -0.094140 2.000000
0.037397 191.111099 81.777779 0.278778 0.092083 0.000000
0.034852 192.888901 87.111107 0.061841 0.185194 0.000000
0.034852 194.666702 104.000000 0.061841 0.588678 0.000000
0.006849 196.444397 113.777802 0.061837 0.340381 0.000000
0.034852 200.000000 136.000000 0.123824 0.774900 0.000000
0.055218 215.111099 172.444397 0.526706 1.271494 0.000000
0.011940 221.333298 184.888901 0.216795 0.433494 0.000000
0.001757 221.333298 184.888901 -0.000142 -0.001029 0.000000
0.014486 233.777802 209.777802 0.433735 0.868013 0.000000
-0.000788 233.777802 209.777802 -0.000142 -0.001029 0.000000
0.004303 238.222198 221.333298 0.154812 0.402453 0.000000
0.011940 241.777802 232.888901 0.123824 0.402456 0.000000
0.004303 243.555603 243.555603 0.061841 0.371419 0.000000
0.037397 245.333298 264.888885 0.061837 0.743862 1.000000
0.009394 245.333298 274.666687 -0.000142 0.340381 1.000000
0.011940 247.111099 284.444489 0.061841 0.340381 2.000000
0.006849 248.888901 293.333313 0.061841 0.309341 2.000000
0.037397 250.666702 299.555511 0.061841 0.216231 2.000000
0.011940 256.000000 308.444489 0.185803 0.309346 2.000000
0.034852 258.666687 312.000000 0.092832 0.123119 2.000000
0.027215 259.555511 312.888885 0.030847 0.030009 2.000000
0.037397 259.555511 313.777802 -0.000142 0.030010 2.000000
0.060309 255.111099 314.666687 -0.155097 0.030009 2.000000
0.037397 253.333298 311.111115 -0.062125 -0.125178 2.000000
0.014486 254.222198 305.777802 0.030849 -0.187251 0.000000
0.004303 256.888885 298.666687 0.092832 -0.249326 0.000000
0.004303 256.888885 298.666687 -0.000142 -0.001029 0.000000
0.032306 266.666687 278.222198 0.340761 -0.714885 0.000000
0.062855 289.777802 244.444397 0.805627 -1.180442 0.000000
0.019577 310.222198 225.777802 0.712652 -0.652807 0.000000
0.052672 333.333313 210.666702 0.805627 -0.528660 0.000000
0.032306 348.444489 201.777802 0.526709 -0.311401 0.000000
0.052672 352.888885 199.111099 0.154812 -0.094141 0.000000
0.014486 351.111115 198.222198 -0.062124 -0.032066 0.000000
0.006849 336.888885 196.444397 -0.496000 -0.063104 0.000000
0.019577 327.111115 195.555603 -0.341044 -0.032062 1.000000
0.045035 304.000000 192.000000 -0.805911 -0.125179 2.000000
0.037397 272.000000 189.333298 -1.115822 -0.094141 2.000000
0.029760 249.777802 188.444397 -0.774919 -0.032066 2.000000
0.037397 198.222198 191.111099 -1.797628 0.092084 2.000000
0.039943 146.666702 201.777802 -1.797624 0.371419 2.000000
0.070492 88.888893 220.444397 -2.014565 0.650750 2.000000
0.024669 84.444443 222.222198 -0.155098 0.061047 2.000000
0.014486 82.666656 224.888901 -0.062125 0.092084 3.000000
0.004303 82.666656 227.555603 -0.000142 0.092084 0.000000
0.055218 97.777779 237.333298 0.526707 0.340378 0.000000
0.065400 124.444397 245.333298 0.929589 0.278306 0.000000
0.019577 136.000000 245.333298 0.402744 -0.001029 0.000000
0.062855 173.333298 236.444397 1.301483 -0.311401 0.000000
0.022123 185.777802 229.333298 0.433735 -0.249326 0.000000
0.017032 209.777802 210.666702 0.836618 -0.652807 0.000000
0.037397 225.777802 185.777802 0.557698 -0.870070 0.000000
0.019577 228.444397 171.555603 0.092829 -0.497623 0.000000
0.037397 223.111099 145.777802 -0.186088 -0.901108 2.000000
0.014486 215.111099 136.000000 -0.279062 -0.342438 2.000000
0.022123 204.444397 128.888901 -0.372037 -0.249326 2.000000
0.060309 161.777802 120.888901 -1.487713 -0.280363 2.000000
0.022123 143.111099 121.777802 -0.650957 0.030009 2.000000
0.017032 101.333298 130.666702 -1.456725 0.309344 2.000000
-0.003334 101.333298 130.666702 -0.000142 -0.001029 2.000000
0.001757 80.888893 138.666702 -0.712936 0.278306 2.000000
0.062855 41.777779 160.000000 -1.363751 0.743862 2.000000
0.001757 40.000000 165.333298 -0.062124 0.185193 3.000000
0.001757 40.000000 165.333298 -0.000142 -0.001029 3.000000
0.014486 52.444439 174.222198 0.433733 0.309344 3.000000
0.001757 52.444439 174.222198 -0.000142 -0.001029 3.000000
0.017032 88.888893 176.000000 1.270494 0.061047 0.000000
0.009394 88.888893 176.000000 -0.000142 -0.001029 0.000000
0.022123 144.888901 176.000000 1.952298 -0.001029 0.000000
0.006849 177.777802 176.000000 1.146529 -0.001029 0.000000
0.022123 211.555603 179.555603 1.177521 0.123122 0.000000
0.006849 242.666702 185.777802 1.084546 0.216231 0.000000
0.027215 294.222198 204.444397 1.797340 0.650750 0.000000
0.009394 312.000000 216.000000 0.619681 0.402456 0.000000
0.024669 325.333313 226.666702 0.464724 0.371419 0.000000
0.024669 335.111115 246.222198 0.340761 0.681787 0.000000
0.011940 333.333313 256.000000 -0.062125 0.340381 0.000000
0.022123 327.111115 264.000000 -0.217079 0.278306 0.000000
0.009394 318.222198 271.111115 -0.310054 0.247269 2.000000
0.042489 303.111115 280.888885 -0.526990 0.340380 2.000000
0.073038 291.555511 270.222198 -0.403028 -0.373475 2.000000
0.024669 290.666687 259.555511 -0.031131 -0.373475 2.000000
0.070492 289.777802 208.888901 -0.031133 -1.770146 2.000000
0.034852 283.555511 160.000000 -0.217082 -1.708074 2.000000
0.024669 275.555511 111.111099 -0.279062 -1.708074 2.000000
0.017032 272.000000 88.888893 -0.124105 -0.776957 0.000000
0.037397 269.333313 52.444439 -0.093116 -1.273553 0.000000
0.006849 269.333313 52.444439 -0.000142 -0.001029 0.000000
-0.000788 268.444489 40.000000 -0.031131 -0.435549 0.000000
0.042489 264.888885 22.222219 -0.124108 -0.621772 0.000000
0.065400 250.666702 8.888889 -0.495999 -0.466586 0.000000
0.022123 235.555603 8.000000 -0.526991 -0.032066 0.000000
0.067946 205.333298 27.555559 -1.053843 0.681790 0.000000
0.022123 195.555603 40.888889 -0.341041 0.464529 0.000000
0.014486 186.666702 56.888889 -0.310054 0.557641 1.000000
0.032306 167.111099 91.555557 -0.681948 1.209421 1.000000
0.001757 155.555603 109.333298 -0.403025 0.619714 2.000000
0.006849 143.111099 127.111099 -0.434020 0.619716 2.000000
0.009394 128.000000 144.888901 -0.526991 0.619716 2.000000
0.009394 113.777802 163.555603 -0.495999 0.650753 2.000000
0.047580 88.000000 195.555603 -0.898885 1.116310 2.000000
0.078129 73.777779 217.777802 -0.496000 0.774900 2.000000
0.006849 73.777779 219.555603 -0.000142 0.061047 2.000000
0.078129 90.666656 197.333298 0.588689 -0.776961 2.000000
0.009394 98.666656 182.222198 0.278778 -0.528660 0.000000
0.017032 108.444397 164.444397 0.340759 -0.621773 0.000000
0.047580 130.666702 122.666702 0.774638 -1.459773 0.000000
0.004303 142.222198 103.111099 0.402740 -0.683848 0.000000
0.022123 153.777802 87.111107 0.402744 -0.559697 0.000000
0.045035 182.222198 59.555561 0.991572 -0.963181 0.000000
0.045035 196.444397 53.333328 0.495715 -0.218289 0.000000
0.045035 205.333298 53.333328 0.309769 -0.001029 0.000000
0.039943 212.444397 67.555557 0.247786 0.495567 0.000000
0.050126 218.666702 94.222221 0.216799 0.930087 1.000000
0.032306 224.888901 129.777802 0.216795 1.240459 2.000000
0.022123 229.333298 168.888901 0.154812 1.364607 2.000000
0.011940 230.222198 188.444397 0.030849 0.681787 2.000000
0.019577 230.222198 207.111099 -0.000142 0.650753 2.000000
0.075583 223.111099 247.111099 -0.248071 1.395644 2.000000
0.039943 215.111099 259.555511 -0.279062 0.433491 2.000000
0.042489 205.333298 261.333313 -0.341045 0.061047 2.000000
0.047580 181.333298 232.888901 -0.836902 -0.994217 3.000000
0.047580 154.666702 198.222198 -0.929873 -1.211480 0.000000
0.047580 116.444397 159.111099 -1.332763 -1.366664 0.000000
0.045035 48.000000 129.777802 -2.386456 -1.025254 0.000000
0.045035 4.444445 135.111099 -1.518706 0.185193 0.000000
0.047580 -24.888889 152.000000 -1.022849 0.588678 0.000000
0.006849 -33.777779 161.777802 -0.310053 0.340381 0.000000
0.019577 -38.222221 174.222198 -0.155098 0.433490 0.000000
0.006849 -39.111111 188.444397 -0.031133 0.495565 0.000000
0.014486 -37.333328 204.444397 0.061840 0.557641 0.000000
0.004303 -31.111111 221.333298 0.216795 0.588678 2.000000
0.017032 -22.222219 237.333298 0.309769 0.557641 2.000000
0.001757 -10.666670 253.333298 0.402742 0.557641 2.000000
0.001757 1.777778 267.555511 0.433733 0.495566 2.000000
0.011940 16.000000 281.777802 0.495716 0.495569 2.000000
-0.000788 16.000000 281.777802 -0.000142 -0.001029 2.000000
0.001757 30.222219 293.333313 0.495715 0.402453 2.000000
0.011940 44.444439 302.222198 0.495715 0.309343 2.000000
0.004303 57.777779 310.222198 0.464725 0.278306 2.000000
0.014486 69.333344 315.555511 0.402743 0.185194 2.000000
0.001757 79.111107 319.111115 0.340760 0.123122 2.000000
0.004303 86.222221 321.777802 0.247787 0.092084 2.000000
0.014486 90.666656 323.555511 0.154813 0.061043 2.000000
0.037397 96.000000 326.222198 0.185805 0.092084 2.000000
0.004303 97.777779 327.111115 0.061840 0.030010 0.000000
0.004303 97.777779 327.111115 -0.000142 -0.001029 0.000000
0.037397 104.888901 326.222198 0.247787 -0.032067 0.000000
0.039943 121.777802 316.444489 0.588689 -0.342435 0.000000
0.070492 163.555603 278.222198 1.456441 -1.335630 0.000000
0.045035 211.555603 217.777802 1.673378 -2.111555 0.000000
0.045035 245.333298 187.555603 1.177517 -1.056292 0.000000
0.006849 260.444489 178.666702 0.526709 -0.311401 0.000000
0.022123 274.666687 174.222198 0.495715 -0.156217 0.000000
0.006849 288.000000 172.444397 0.464724 -0.063104 0.000000
0.024669 312.888885 173.333298 0.867609 0.030009 2.000000
0.009394 324.444489 177.777802 0.402744 0.154159 2.000000
0.017032 336.000000 183.111099 0.402741 0.185193 2.000000
0.004303 345.777802 192.000000 0.340761 0.309344 2.000000
0.017032 352.888885 203.555603 0.247786 0.402456 2.000000
0.006849 357.333313 218.666702 0.154813 0.526603 2.000000
0.014486 359.111115 235.555603 0.061841 0.588678 2.000000
0.001757 359.111115 253.333298 -0.000142 0.619712 2.000000
0.022123 354.666687 270.222198 -0.155097 0.588678 2.000000
0.001757 347.555511 286.222198 -0.248073 0.557641 2.000000
0.006849 337.777802 300.444489 -0.341042 0.495569 2.000000
0.062855 305.777802 324.444489 -1.115822 0.836975 2.000000
0.022123 296.888885 324.444489 -0.310054 -0.001029 2.000000
0.017032 285.333313 313.777802 -0.403027 -0.373475 0.000000
0.006849 285.333313 313.777802 -0.000142 -0.001029 0.000000
0.070492 267.555511 235.555603 -0.619965 -2.732299 0.000000
0.027215 259.555511 206.222198 -0.279062 -1.025258 0.000000
0.070492 223.111099 120.888901 -1.270777 -2.980596 0.000000
0.022123 208.888901 97.777779 -0.495999 -0.807996 0.000000
0.067946 171.555603 54.222221 -1.301768 -1.521850 0.000000
0.022123 165.333298 52.444439 -0.217083 -0.063103 0.000000
0.011940 158.222198 52.444439 -0.248071 -0.001029 2.000000
0.029760 144.888901 62.222221 -0.465008 0.340381 2.000000
0.045035 136.000000 80.000000 -0.310054 0.619715 2.000000
0.017032 135.111099 89.777779 -0.031134 0.340380 2.000000
0.050126 145.777802 107.555603 0.371752 0.619717 2.000000
0.032306 168.888901 118.222198 0.805626 0.371415 2.000000
0.014486 184.000000 120.000000 0.526706 0.061047 2.000000
-0.000788 200.888901 120.000000 0.588689 -0.001029 2.000000
0.001757 219.555603 120.000000 0.650672 -0.001029 2.000000
0.011940 240.000000 118.222198 0.712652 -0.063104 2.000000
0.001757 260.444489 115.555603 0.712655 -0.094138 2.000000
0.006849 280.000000 112.000000 0.681661 -0.125179 0.000000
0.011940 280.000000 112.000000 -0.000142 -0.001029 0.000000
0.006849 316.444489 104.000000 1.270495 -0.280363 0.000000
0.011940 316.444489 104.000000 -0.000142 -0.001029 0.000000
0.004303 334.222198 98.666656 0.619678 -0.187252 0.000000
0.014486 367.111115 85.333344 1.146530 -0.466585 0.000000
0.004303 367.111115 85.333344 -0.000142 -0.001029 0.000000
0.027215 392.000000 74.666656 0.867609 -0.373475 0.000000
0.006849 401.777802 72.000000 0.340761 -0.094140 0.000000
0.019577 408.888885 72.000000 0.247786 -0.001029 0.000000
0.004303 414.222198 72.000000 0.185804 -0.001029 0.000000
0.022123 419.555511 75.555557 0.185804 0.123120 0.000000
0.004303 423.111115 80.000000 0.123824 0.154157 0.000000
0.024669 429.333313 88.888893 0.216795 0.309343 0.000000
0.009394 432.000000 91.555557 0.092832 0.092083 0.000000
0.017032 434.666687 94.222221 0.092832 0.092083 0.000000
0.006849 435.555511 95.111107 0.030847 0.030009 1.000000
0.019577 436.444489 95.111107 0.030852 -0.001029 2.000000
0.006849 435.555511 95.111107 -0.031136 -0.001029 2.000000
0.019577 432.888885 92.444443 -0.093114 -0.094140 2.000000
0.001757 427.555511 88.888893 -0.186090 -0.125177 2.000000
0.024669 420.444489 83.555557 -0.248068 -0.187252 2.000000
0.004303 414.222198 77.333344 -0.217082 -0.218288 2.000000
0.024669 404.444489 63.111111 -0.341042 -0.497624 2.000000
0.047580 399.111115 46.222221 -0.186090 -0.590735 2.000000
0.042489 392.000000 28.444441 -0.248071 -0.621772 2.000000
0.052672 376.000000 13.333330 -0.557982 -0.528661 2.000000
0.019577 371.555511 10.666670 -0.155099 -0.094140 2.000000
0.017032 367.111115 8.888889 -0.155096 -0.063103 0.000000
0.024669 366.222198 8.888889 -0.031134 -0.001029 0.000000
0.014486 366.222198 8.000000 -0.000142 -0.032066 0.000000
0.075583 366.222198 12.444440 -0.000142 0.154157 0.000000
0.032306 367.111115 18.666670 0.030850 0.216232 0.000000
0.055218 367.111115 24.888889 -0.000142 0.216232 0.000000
0.017032 366.222198 28.444441 -0.031134 0.123120 0.000000
0.022123 364.444489 32.888889 -0.062122 0.154157 0.000000
0.022123 359.111115 45.333328 -0.186090 0.433492 0.000000
0.055218 354.666687 58.666672 -0.155097 0.464529 1.000000
0.006849 352.888885 64.888893 -0.062125 0.216232 2.000000
0.024669 348.444489 73.777779 -0.155096 0.309343 2.000000
0.047580 340.444489 80.888893 -0.279062 0.247269 2.000000
0.009394 335.111115 83.555557 -0.186090 0.092083 2.000000
0.019577 328.888885 87.111107 -0.217080 0.123120 2.000000
0.009394 322.666687 89.777779 -0.217079 0.092083 2.000000
0.017032 317.333313 92.444443 -0.186090 0.092083 2.000000
0.006849 309.333313 96.888893 -0.279062 0.154158 2.000000
0.017032 306.666687 99.555557 -0.093114 0.092083 2.000000
0.009394 304.888885 101.333298 -0.062125 0.061044 2.000000
0.045035 301.333313 103.111099 -0.124107 0.061047 0.000000
0.065400 288.000000 106.666702 -0.465008 0.123122 0.000000
0.057763 272.000000 107.555603 -0.557982 0.030009 0.000000
0.006849 262.222198 107.555603 -0.341045 -0.001029 0.000000
0.027215 241.777802 101.333298 -0.712936 -0.218292 0.000000
0.019577 232.000000 96.888893 -0.341045 -0.156213 0.000000
0.011940 221.333298 90.666656 -0.372037 -0.218289 0.000000
0.022123 197.333298 75.555557 -0.836902 -0.528660 0.000000
0.014486 184.000000 67.555557 -0.465008 -0.280363 0.000000
0.024669 168.000000 62.222221 -0.557982 -0.187252 0.000000
0.011940 136.000000 57.777779 -1.115822 -0.156214 0.000000
0.027215 121.777802 57.777779 -0.495999 -0.001029 1.000000
0.024669 111.111099 59.555561 -0.372037 0.061046 1.000000
0.011940 98.666656 63.111111 -0.434018 0.123120 2.000000
0.022123 96.000000 64.888893 -0.093115 0.061046 2.000000
0.011940 95.111107 65.777779 -0.031133 0.030009 2.000000
0.017032 96.000000 67.555557 0.030849 0.061046 2.000000
0.009394 98.666656 68.444443 0.092831 0.030009 2.000000
0.017032 110.222198 70.222221 0.402742 0.061046 2.000000
0.011940 116.444397 69.333344 0.216795 -0.032065 2.000000
0.014486 122.666702 66.666656 0.216799 -0.094141 2.000000
0.006849 127.111099 64.000000 0.154812 -0.094140 2.000000
0.017032 130.666702 62.222221 0.123824 -0.063103 2.000000
0.009394 130.666702 59.555561 -0.000142 -0.094140 2.000000
0.017032 130.666702 57.777779 -0.000142 -0.063103 2.000000
0.009394 127.111099 55.111111 -0.124108 -0.094140 2.000000
0.022123 116.444397 53.333328 -0.372037 -0.063103 0.000000
0.022123 110.222198 53.333328 -0.217079 -0.001029 0.000000
0.006849 104.000000 56.000000 -0.217079 0.092083 0.000000
0.019577 98.666656 59.555561 -0.186089 0.123120 0.000000
0.001757 93.333344 64.000000 -0.186088 0.154157 0.000000
0.004303 89.777779 69.333344 -0.124107 0.185195 0.000000
0.017032 85.333344 76.444443 -0.155097 0.247268 0.000000
0.006849 82.666656 84.444443 -0.093116 0.278306 0.000000
0.017032 80.000000 94.222221 -0.093115 0.340380 0.000000
0.045035 73.777779 117.333298 -0.217080 0.805937 0.000000
0.045035 60.444439 157.333298 -0.465009 1.395644 0.000000
0.039943 53.333328 178.666702 -0.248071 0.743866 0.000000
0.039943 50.666672 190.222198 -0.093115 0.402453 1.000000
0.006849 49.777779 192.000000 -0.031133 0.061047 1.000000
0.019577 49.777779 192.888901 -0.000142 0.030009 2.000000
0.006849 48.000000 192.888901 -0.062124 -0.001029 2.000000
0.017032 46.222221 192.000000 -0.062124 -0.032066 2.000000
0.006849 42.666672 189.333298 -0.124106 -0.094141 2.000000
0.019577 36.444439 185.777802 -0.217080 -0.125175 2.000000
0.004303 29.333330 182.222198 -0.248071 -0.125179 2.000000
0.009394 21.333330 177.777802 -0.279062 -0.156213 2.000000
0.017032 12.444440 173.333298 -0.310053 -0.156217 2.000000
0.019577 -2.666667 167.111099 -0.526991 -0.218288 2.000000
0.011940 -7.111111 165.333298 -0.155098 -0.063104 2.000000
0.024669 -10.666670 164.444397 -0.124107 -0.032066 2.000000
0.009394 -11.555560 163.555603 -0.031133 -0.032062 2.000000
0.027215 -12.444440 164.444397 -0.031133 0.030005 0.000000
0.011940 -13.333330 168.000000 -0.031133 0.123122 0.000000
0.045035 -15.111110 181.333298 -0.062124 0.464528 0.000000
0.060309 -16.000000 212.444397 -0.031133 1.085272 0.000000
0.047580 -16.000000 239.111099 -0.000142 0.930088 0.000000
0.047580 -10.666670 271.111115 0.185804 1.116310 0.000000
0.042489 2.666667 309.333313 0.464725 1.333569 0.000000
0.001757 2.666667 309.333313 -0.000142 -0.001029 0.000000
0.019577 13.333330 320.888885 0.371751 0.402455 0.000000
0.027215 18.666670 324.444489 0.185805 0.123122 0.000000
0.017032 28.444441 330.666687 0.340760 0.216231 2.000000
0.009394 28.444441 330.666687 -0.000142 -0.001029 2.000000
0.067946 44.444439 334.222198 0.557698 0.123119 2.000000
0.055218 60.444439 328.888885 0.557698 -0.187251 2.000000
0.037397 71.111107 320.888885 0.371751 -0.280363 2.000000
0.024669 76.444443 315.555511 0.185805 -0.187253 2.000000
0.073038 101.333298 294.222198 0.867608 -0.745920 0.000000
0.039943 117.333298 288.000000 0.557698 -0.218288 0.000000
0.037397 135.111099 283.555511 0.619681 -0.156216 0.000000
0.001757 135.111099 283.555511 -0.000142 -0.001029 0.000000
0.006849 144.888901 281.777802 0.340761 -0.063101 0.000000
0.014486 161.777802 278.222198 0.588689 -0.125179 0.000000
0.042489 176.000000 275.555511 0.495715 -0.094141 0.000000
0.037397 187.555603 273.777802 0.402744 -0.063101 0.000000
0.037397 197.333298 273.777802 0.340757 -0.001029 0.000000
0.001757 197.333298 273.777802 -0.000142 -0.001029 0.000000
-0.000788 201.777802 273.777802 0.154815 -0.001029 0.000000
0.014486 205.333298 274.666687 0.123820 0.030009 0.000000
-0.000788 208.000000 277.333313 0.092832 0.092082 0.000000
0.001757 208.000000 277.333313 -0.000142 -0.001029 0.000000
0.017032 210.666702 281.777802 0.092832 0.154159 2.000000
0.006849 210.666702 281.777802 -0.000142 -0.001029 2.000000
0.009394 210.666702 284.444489 -0.000142 0.092084 2.000000
0.001757 210.666702 285.333313 -0.000142 0.030006 2.000000
0.001757 210.666702 287.111115 -0.000142 0.061047 2.000000
0.017032 210.666702 287.111115 -0.000142 -0.001029 2.000000
0.001757 210.666702 288.000000 -0.000142 0.030009 2.000000
0.017032 212.444397 288.000000 0.061837 -0.001029 2.000000
-0.000788 214.222198 288.000000 0.061841 -0.001029 2.000000
0.022123 217.777802 288.000000 0.123824 -0.001029 2.000000
0.004303 222.222198 288.000000 0.154812 -0.001029 2.000000
0.024669 232.000000 288.000000 0.340761 -0.001029 2.000000
0.045035 243.555603 288.888885 0.402744 0.030009 2.000000
0.045035 256.000000 288.000000 0.433732 -0.032066 0.000000
0.042489 269.333313 282.666687 0.464724 -0.187251 0.000000
0.039943 285.333313 270.222198 0.557698 -0.435551 0.000000
0.042489 303.111115 250.666702 0.619681 -0.683844 0.000000
0.032306 323.555511 223.111099 0.712652 -0.963183 0.000000
0.045035 343.111115 195.555603 0.681664 -0.963179 0.000000
0.017032 358.222198 176.000000 0.526706 -0.683848 0.000000
0.004303 358.222198 176.000000 -0.000142 -0.001029 0.000000
0.014486 364.444489 170.666702 0.216798 -0.187250 0.000000
0.001757 369.777802 166.222198 0.185804 -0.156217 0.000000
0.017032 380.444489 160.888901 0.371752 -0.187250 0.000000
0.001757 380.444489 160.888901 -0.000142 -0.001029 0.000000
0.017032 390.222198 158.222198 0.340758 -0.094141 1.000000
0.006849 390.222198 158.222198 -0.000142 -0.001029 2.000000
-0.000788 395.555511 158.222198 0.185804 -0.001029 2.000000
0.017032 399.111115 158.222198 0.123824 -0.001029 2.000000
0.001757 401.777802 163.555603 0.092832 0.185197 2.000000
0.014486 402.666687 171.555603 0.030849 0.278306 2.000000
0.009394 403.555511 183.111099 0.030847 0.402453 2.000000
0.019577 403.555511 197.333298 -0.000142 0.495565 2.000000
0.001757 403.555511 212.444397 -0.000142 0.526603 2.000000
0.024669 402.666687 228.444397 -0.031131 0.557641 2.000000
0.039943 400.888885 256.000000 -0.062125 0.961126 2.000000
0.029760 400.000000 276.444489 -0.031133 0.712828 2.000000
0.078129 396.444489 291.555511 -0.124105 0.526600 2.000000
0.042489 384.000000 294.222198 -0.434019 0.092084 0.000000
0.042489 368.888885 284.444489 -0.526991 -0.342435 0.000000
0.039943 346.666687 264.888885 -0.774919 -0.683848 0.000000
0.042489 321.777802 235.555603 -0.867893 -1.025254 0.000000
0.001757 321.777802 235.555603 -0.000142 -0.001029 0.000000
0.001757 296.888885 195.555603 -0.867894 -1.397702 0.000000
0.014486 296.888885 195.555603 -0.000142 -0.001029 0.000000
0.001757 284.444489 176.888901 -0.434016 -0.652811 0.000000
0.014486 272.000000 160.000000 -0.434019 -0.590735 0.000000
-0.000788 257.777802 147.555603 -0.495999 -0.435547 0.000000
0.017032 244.444397 139.555603 -0.465011 -0.280363 0.000000
0.001757 230.222198 133.333298 -0.495999 -0.218292 0.000000
0.004303 216.888901 128.888901 -0.465008 -0.156213 0.000000
0.019577 197.333298 123.555603 -0.681948 -0.187250 2.000000
0.009394 197.333298 123.555603 -0.000142 -0.001029 2.000000
0.009394 191.111099 120.888901 -0.217079 -0.094141 2.000000
0.001757 187.555603 118.222198 -0.124105 -0.094141 2.000000
0.001757 187.555603 118.222198 -0.000142 -0.001029 2.000000
0.017032 185.777802 112.888901 -0.062125 -0.187250 2.000000
0.001757 185.777802 112.888901 -0.000142 -0.001029 2.000000
0.011940 191.111099 106.666702 0.185803 -0.218288 2.000000
0.034852 205.333298 102.222198 0.495715 -0.156217 2.000000
0.057763 225.777802 102.222198 0.712655 -0.001029 2.000000
0.037397 249.777802 106.666702 0.836618 0.154159 2.000000
0.057763 282.666687 128.888901 1.146529 0.774900 0.000000
0.032306 289.777802 143.111099 0.247787 0.495565 0.000000
0.055218 302.222198 197.333298 0.433732 1.892238 0.000000
0.039943 305.777802 231.111099 0.123824 1.178385 0.000000
0.001757 306.666687 246.222198 0.030849 0.526603 0.000000
0.001757 306.666687 246.222198 -0.000142 -0.001029 0.000000
0.017032 309.333313 273.777802 0.092830 0.961126 0.000000
0.004303 309.333313 273.777802 -0.000142 -0.001029 0.000000
0.019577 312.000000 297.777802 0.092832 0.836975 0.000000
0.004303 312.000000 297.777802 -0.000142 -0.001029 0.000000
0.014486 315.555511 317.333313 0.123821 0.681788 0.000000
0.004303 317.333313 325.333313 0.061841 0.278306 0.000000
0.014486 319.111115 332.444489 0.061841 0.247271 0.000000
0.004303 321.777802 337.777802 0.092832 0.185194 0.000000
-0.000788 321.777802 337.777802 -0.000142 -0.001029 0.000000
0.024669 327.111115 343.111115 0.185804 0.185194 0.000000
0.024669 330.666687 343.111115 0.123823 -0.001029 2.000000
0.006849 335.111115 342.222198 0.154813 -0.032067 2.000000
0.001757 338.666687 338.666687 0.123823 -0.125176 2.000000
0.017032 342.222198 334.222198 0.123821 -0.156216 2.000000
0.006849 345.777802 327.111115 0.123824 -0.249325 2.000000
0.014486 347.555511 319.111115 0.061838 -0.280363 2.000000
0.004303 349.333313 310.222198 0.061841 -0.311401 2.000000
0.022123 349.333313 302.222198 -0.000142 -0.280363 2.000000
0.004303 349.333313 296.000000 -0.000142 -0.218288 2.000000
0.019577 348.444489 288.888885 -0.031131 -0.249326 2.000000
0.042489 347.555511 283.555511 -0.031136 -0.187253 2.000000
0.039943 351.111115 276.444489 0.123824 -0.249323 2.000000
0.037397 360.000000 266.666687 0.309769 -0.342438 2.000000
0.004303 364.444489 259.555511 0.154815 -0.249328 0.000000
0.009394 364.444489 259.555511 -0.000142 -0.001029 0.000000
0.070492 376.888885 242.666702 0.433732 -0.590732 0.000000
0.037397 378.666687 241.777802 0.061841 -0.032066 0.000000
0.024669 384.888885 240.888901 0.216795 -0.032066 0.000000
0.073038 398.222198 238.222198 0.464724 -0.094141 0.000000
0.004303 401.777802 234.666702 0.123824 -0.125175 0.000000
0.024669 407.111115 221.333298 0.185804 -0.466589 0.000000
0.047580 409.777802 194.666702 0.092832 -0.932141 0.000000
0.052672 410.666687 156.444397 0.030849 -1.335630 1.000000
0.014486 415.111115 112.888901 0.154813 -1.521848 2.000000
0.014486 415.111115 112.888901 -0.000142 -0.001029 2.000000
0.045035 423.111115 69.333344 0.278778 -1.521850 2.000000
0.006849 423.111115 69.333344 -0.000142 -0.001029 2.000000
0.078129 426.666687 59.555561 0.123823 -0.342438 2.000000
0.039943 427.555511 58.666672 0.030847 -0.032066 2.000000
0.037397 427.555511 60.444439 -0.000142 0.061045 2.000000
0.004303 425.777802 64.000000 -0.062122 0.123120 2.000000
0.022123 420.444489 75.555557 -0.186088 0.402455 0.000000
0.011940 420.444489 75.555557 -0.000142 -0.001029 0.000000
0.009394 416.000000 84.444443 -0.155099 0.309343 0.000000
0.006849 411.555511 94.222221 -0.155099 0.340380 0.000000
0.022123 404.444489 112.888901 -0.248068 0.650753 0.000000
0.009394 402.666687 120.888901 -0.062125 0.278306 0.000000
0.019577 400.888885 126.222198 -0.062125 0.185193 0.000000
0.009394 400.000000 130.666702 -0.031133 0.154159 0.000000
0.019577 400.000000 134.222198 -0.000142 0.123118 0.000000
0.011940 400.000000 136.000000 -0.000142 0.061047 0.000000
0.022123 399.111115 140.444397 -0.031133 0.154156 0.000000
0.022123 398.222198 144.888901 -0.031134 0.154159 0.000000
0.009394 397.333313 152.000000 -0.031133 0.247268 0.000000
0.022123 392.000000 169.777802 -0.186088 0.619716 0.000000
0.045035 384.888885 189.333298 -0.248071 0.681787 0.000000
0.001757 379.555511 196.444397 -0.186090 0.247268 1.000000
0.019577 375.111115 202.666702 -0.155096 0.216235 1.000000
0.001757 370.666687 207.111099 -0.155097 0.154156 2.000000
0.037397 357.333313 209.777802 -0.465010 0.092084 2.000000
0.042489 339.555511 206.222198 -0.619965 -0.125179 2.000000
0.042489 320.000000 193.777802 -0.681945 -0.435547 2.000000
0.045035 300.444489 173.333298 -0.681945 -0.714886 2.000000
0.009394 292.444489 160.000000 -0.279062 -0.466585 2.000000
0.022123 276.444489 131.555603 -0.557982 -0.994217 2.000000
0.006849 276.444489 131.555603 -0.000142 -0.001029 2.000000
0.024669 258.666687 107.555603 -0.619965 -0.839032 2.000000
0.022123 248.888901 97.777779 -0.341045 -0.342439 2.000000
0.017032 230.222198 84.444443 -0.650957 -0.466586 2.000000
0.024669 222.222198 79.111107 -0.279062 -0.187252 0.000000
0.014486 216.000000 74.666656 -0.217079 -0.156215 0.000000
0.029760 209.777802 65.777779 -0.217079 -0.311400 0.000000
0.022123 209.777802 60.444439 -0.000142 -0.187252 0.000000
0.017032 211.555603 49.777779 0.061841 -0.373474 0.000000
0.022123 214.222198 46.222221 0.092829 -0.125177 0.000000
0.027215 220.444397 43.555561 0.216795 -0.094140 0.000000
0.047580 227.555603 48.000000 0.247790 0.154157 0.000000
0.004303 232.000000 55.111111 0.154812 0.247269 3.000000
0.017032 238.222198 64.888893 0.216795 0.340381 3.000000
0.004303 244.444397 75.555557 0.216795 0.371417 2.000000
0.039943 257.777802 99.555557 0.464727 0.836975 2.000000
0.037397 267.555511 122.666702 0.340758 0.805939 2.000000
0.052672 271.111115 147.555603 0.123824 0.868013 2.000000
0.042489 270.222198 185.777802 -0.031134 1.333569 2.000000
0.004303 270.222198 185.777802 -0.000142 -0.001029 2.000000
0.019577 266.666687 208.000000 -0.124105 0.774900 2.000000
0.050126 263.111115 224.888901 -0.124107 0.588678 2.000000
0.011940 262.222198 231.111099 -0.031134 0.216231 1.000000
0.027215 260.444489 237.333298 -0.062122 0.216231 0.000000
0.024669 260.444489 238.222198 -0.000142 0.030009 0.000000
0.045035 257.777802 236.444397 -0.093116 -0.063104 0.000000
0.052672 244.444397 213.333298 -0.465011 -0.807995 0.000000
0.047580 226.666702 184.888901 -0.619962 -0.994217 0.000000
0.011940 216.000000 167.111099 -0.372037 -0.621773 0.000000
0.019577 202.666702 150.222198 -0.465008 -0.590735 0.000000
0.009394 175.111099 123.555603 -0.960868 -0.932141 0.000000
0.014486 161.777802 115.555603 -0.465008 -0.280363 0.000000
-0.000788 161.777802 115.555603 -0.000142 -0.001029 0.000000
0.017032 136.000000 108.444397 -0.898885 -0.249329 0.000000
0.004303 136.000000 108.444397 -0.000142 -0.001029 0.000000
0.017032 113.777802 108.444397 -0.774919 -0.001029 2.000000
0.004303 113.777802 108.444397 -0.000142 -0.001029 2.000000
-0.000788 103.111099 111.111099 -0.372037 0.092084 2.000000
0.017032 94.222221 115.555603 -0.310053 0.154159 2.000000
-0.000788 85.333344 122.666702 -0.310053 0.247268 2.000000
0.019577 77.333344 130.666702 -0.279062 0.278306 2.000000
0.001757 71.111107 140.444397 -0.217080 0.340378 2.000000
0.014486 67.555557 151.111099 -0.124106 0.371419 2.000000
0.055218 69.333344 186.666702 0.061840 1.240460 2.000000
0.039943 79.111107 210.666702 0.340760 0.836975 2.000000
0.045035 88.888893 233.777802 0.340760 0.805938 2.000000
0.006849 93.333344 244.444397 0.154814 0.371415 0.000000
0.022123 96.888893 254.222198 0.123822 0.340381 0.000000
0.039943 103.111099 272.888885 0.216795 0.650753 0.000000
0.042489 115.555603 295.111115 0.433735 0.774901 0.000000
0.047580 127.111099 308.444489 0.402740 0.464531 0.000000
0.004303 127.111099 308.444489 -0.000142 -0.001029 0.000000
0.019577 141.333298 321.777802 0.495715 0.464528 0.000000
0.004303 147.555603 328.888885 0.216799 0.247268 0.000000
0.019577 154.666702 335.111115 0.247786 0.216232 0.000000
0.006849 160.000000 341.333313 0.185803 0.216231 0.000000
0.006849 165.333298 346.666687 0.185803 0.185196 0.000000
0.011940 169.777802 351.111115 0.154815 0.154157 0.000000
0.006849 173.333298 353.777802 0.123820 0.092084 0.000000
0.014486 175.111099 355.555511 0.061841 0.061043 1.000000
0.004303 176.888901 356.444489 0.061841 0.030012 1.000000
0.014486 176.888901 357.333313 -0.000142 0.030006 1.000000
0.006849 176.888901 357.333313 -0.000142 -0.001029 2.000000
0.001757 176.888901 357.333313 -0.000142 -0.001029 2.000000
0.014486 176.888901 355.555511 -0.000142 -0.063104 2.000000
0.004303 176.888901 355.555511 -0.000142 -0.001029 2.000000
0.014486 177.777802 350.222198 0.030849 -0.187251 2.000000
0.034852 188.444397 318.222198 0.371749 -1.118367 2.000000
0.057763 200.888901 285.333313 0.433735 -1.149404 2.000000
0.039943 216.888901 256.000000 0.557698 -1.025255 2.000000
0.039943 237.333298 237.333298 0.712652 -0.652811 2.000000
0.045035 276.444489 222.222198 1.363469 -0.528660 0.000000
0.045035 301.333313 220.444397 0.867607 -0.063104 0.000000
