0.037397 264.888885 230.222198 0.123823 -0.466589 2.000000
0.014486 266.666687 219.555603 0.061841 -0.373472 2.000000
0.039943 272.000000 190.222198 0.185804 -1.025258 2.000000
0.039943 280.888885 148.444397 0.309769 -1.459777 2.000000
0.029760 287.111115 125.333298 0.216796 -0.807995 2.000000
0.067946 309.333313 49.777779 0.774635 -2.639187 2.000000
0.034852 312.000000 38.222221 0.092832 -0.404512 2.000000
0.057763 312.000000 15.111110 -0.000142 -0.807995 2.000000
0.037397 304.000000 5.333333 -0.279062 -0.342437 0.000000
0.009394 296.888885 3.555556 -0.248071 -0.063103 0.000000
0.001757 288.000000 3.555556 -0.310053 -0.001029 0.000000
0.070492 245.333298 27.555559 -1.487717 0.836975 0.000000
0.047580 210.666702 57.777779 -1.208793 1.054235 0.000000
0.042489 179.555603 88.000000 -1.084831 1.054235 0.000000
0.042489 152.888901 112.000000 -0.929877 0.836975 0.000000
0.004303 140.444397 120.888901 -0.434020 0.309344 0.000000
0.019577 117.333298 138.666702 -0.805911 0.619716 0.000000
0.001757 117.333298 138.666702 -0.000142 -0.001029 0.000000
0.019577 95.111107 154.666702 -0.774919 0.557641 1.000000
0.029760 84.444443 161.777802 -0.372035 0.247268 1.000000
0.017032 64.888893 175.111099 -0.681946 0.464528 2.000000
0.006849 64.888893 175.111099 -0.000142 -0.001029 2.000000
0.045035 49.777779 181.333298 -0.526991 0.216231 2.000000
0.067946 47.111111 173.333298 -0.093116 -0.280363 2.000000
0.022123 47.111111 165.333298 -0.000142 -0.280363 2.000000
0.011940 47.111111 157.333298 -0.000142 -0.280363 2.000000
0.001757 47.111111 148.444397 -0.000142 -0.311401 2.000000
0.017032 47.111111 139.555603 -0.000142 -0.311397 2.000000
0.001757 45.333328 132.444397 -0.062125 -0.249329 2.000000
0.014486 43.555561 126.222198 -0.062124 -0.218288 2.000000
0.062855 35.555561 112.000000 -0.279062 -0.497623 0.000000
0.037397 30.222219 104.888901 -0.186089 -0.249326 0.000000
0.034852 25.777781 96.000000 -0.155098 -0.311401 0.000000
0.052672 19.555559 88.000000 -0.217080 -0.280363 0.000000
0.037397 14.222220 80.000000 -0.186089 -0.280363 0.000000
0.060309 10.666670 75.555557 -0.124106 -0.156214 0.000000
0.032306 10.666670 74.666656 -0.000142 -0.032066 0.000000
-0.000788 10.666670 74.666656 -0.000142 -0.001029 0.000000
0.006849 9.777778 74.666656 -0.031133 -0.001029 0.000000
0.080675 2.666667 108.444397 -0.248071 1.178383 1.000000
0.009394 2.666667 108.444397 -0.000142 -0.001029 1.000000
0.017032 -0.888889 134.222198 -0.124107 0.899050 2.000000
0.006849 -0.888889 147.555603 -0.000142 0.464532 2.000000
0.017032 -0.888889 160.888901 -0.000142 0.464528 2.000000
0.001757 -0.888889 174.222198 -0.000142 0.464528 2.000000
0.017032 -0.888889 188.444397 -0.000142 0.495565 2.000000
0.001757 -0.888889 202.666702 -0.000142 0.495569 2.000000
0.019577 -0.888889 217.777802 -0.000142 0.526603 2.000000
0.004303 -3.555556 234.666702 -0.093116 0.588678 2.000000
0.019577 -7.111111 252.444397 -0.124107 0.619712 2.000000
0.004303 -10.666670 270.222198 -0.124107 0.619716 2.000000
0.009394 -13.333330 287.111115 -0.093115 0.588679 2.000000
0.011940 -15.111110 301.333313 -0.062124 0.495565 2.000000
0.009394 -15.111110 312.000000 -0.000142 0.371418 2.000000
0.014486 -15.111110 319.111115 -0.000142 0.247269 2.000000
0.004303 -14.222220 323.555511 0.030849 0.154156 3.000000
0.014486 -12.444440 325.333313 0.061840 0.061047 3.000000
0.004303 -9.777778 325.333313 0.092831 -0.001029 0.000000
0.019577 -6.222222 323.555511 0.123822 -0.063104 0.000000
0.024669 0.888889 306.666687 0.247787 -0.590733 0.000000
0.073038 14.222220 256.888885 0.464724 -1.739111 0.000000
0.034852 28.444441 210.666702 0.495716 -1.614960 0.000000
0.055218 48.888889 162.666702 0.712654 -1.677036 0.000000
0.037397 73.777779 121.777802 0.867609 -1.428739 0.000000
0.037397 98.666656 88.000000 0.867609 -1.180442 0.000000
0.001757 110.222198 73.777779 0.402742 -0.497623 0.000000
0.004303 120.000000 62.222221 0.340761 -0.404512 0.000000
0.017032 128.000000 53.333328 0.278778 -0.311400 1.000000
0.037397 140.444397 44.444439 0.433732 -0.311400 2.000000
0.055218 153.777802 43.555561 0.464727 -0.032065 2.000000
0.032306 157.333298 48.000000 0.123820 0.154157 2.000000
0.055218 171.555603 80.888893 0.495719 1.147347 2.000000
0.019577 176.888901 96.888893 0.185803 0.557641 2.000000
0.014486 183.111099 113.777802 0.216795 0.588678 2.000000
0.001757 191.111099 130.666702 0.278778 0.588678 2.000000
0.014486 198.222198 147.555603 0.247786 0.588678 2.000000
0.001757 206.222198 165.333298 0.278778 0.619712 2.000000
0.001757 213.333298 181.333298 0.247786 0.557641 2.000000
0.014486 220.444397 198.222198 0.247786 0.588678 2.000000
0.004303 226.666702 214.222198 0.216799 0.557641 2.000000
0.014486 232.000000 229.333298 0.185803 0.526603 2.000000
0.004303 234.666702 244.444397 0.092832 0.526603 0.000000
0.017032 236.444397 259.555511 0.061837 0.526604 0.000000
0.001757 236.444397 259.555511 -0.000142 -0.001029 0.000000
0.001757 236.444397 273.777802 -0.000142 0.495569 0.000000
0.011940 236.444397 285.333313 -0.000142 0.402453 0.000000
0.001757 235.555603 295.111115 -0.031130 0.340381 0.000000
0.014486 235.555603 301.333313 -0.000142 0.216231 0.000000
-0.000788 234.666702 304.000000 -0.031134 0.092084 0.000000
0.001757 234.666702 304.000000 -0.000142 -0.001029 0.000000
0.014486 235.555603 304.888885 0.030849 0.030009 0.000000
0.037397 240.888901 293.333313 0.185803 -0.404512 0.000000
0.037397 248.000000 269.333313 0.247786 -0.839032 0.000000
0.057763 253.333298 231.111099 0.185803 -1.335627 0.000000
0.037397 256.888885 180.444397 0.123823 -1.770149 0.000000
0.001757 257.777802 152.888901 0.030850 -0.963179 1.000000
0.006849 258.666687 127.111099 0.030849 -0.901108 1.000000
0.039943 260.444489 80.000000 0.061841 -1.645999 2.000000
0.014486 261.333313 60.444439 0.030847 -0.683847 2.000000
0.039943 263.111115 30.222219 0.061841 -1.056293 2.000000
0.004303 263.111115 18.666670 -0.000142 -0.404512 2.000000
0.017032 263.111115 8.000000 -0.000142 -0.373475 2.000000
0.060309 263.111115 -10.666670 -0.000142 -0.652809 2.000000
0.037397 263.111115 -14.222220 -0.000142 -0.125177 2.000000
0.034852 264.888885 -11.555560 0.061840 0.092083 2.000000
0.052672 264.888885 8.888889 -0.000142 0.712827 2.000000
0.024669 258.666687 46.222221 -0.217079 1.302533 0.000000
0.057763 250.666702 88.888893 -0.279062 1.488756 0.000000
-0.000788 248.000000 109.333298 -0.093117 0.712825 0.000000
0.032306 246.222198 146.666702 -0.062125 1.302535 0.000000
0.052672 243.555603 183.111099 -0.093113 1.271494 0.000000
0.034852 240.000000 214.222198 -0.124108 1.085272 0.000000
0.047580 237.333298 239.111099 -0.093117 0.868013 0.000000
0.050126 243.555603 241.777802 0.216799 0.092084 0.000000
0.034852 257.777802 229.333298 0.495715 -0.435551 0.000000
0.052672 276.444489 204.444397 0.650672 -0.870070 0.000000
0.024669 298.666687 166.222198 0.774635 -1.335626 1.000000
0.060309 324.444489 125.333298 0.898601 -1.428739 2.000000
0.047580 358.222198 94.222221 1.177518 -1.087329 2.000000
0.050126 373.333313 88.888893 0.526707 -0.187251 2.000000
0.006849 379.555511 88.888893 0.216795 -0.001029 2.000000
0.014486 384.888885 88.888893 0.185806 -0.001029 2.000000
0.027215 390.222198 91.555557 0.185804 0.092083 2.000000
0.065400 404.444489 119.111099 0.495718 0.961123 2.000000
0.004303 406.222198 128.888901 0.061838 0.340381 3.000000
0.017032 408.888885 138.666702 0.092832 0.340381 3.000000
0.024669 410.666687 149.333298 0.061841 0.371415 0.000000
0.014486 411.555511 160.000000 0.030847 0.371419 0.000000
0.045035 410.666687 191.111099 -0.031131 1.085272 0.000000
0.034852 408.000000 201.777802 -0.093116 0.371419 0.000000
0.055218 400.888885 224.888901 -0.248071 0.805938 0.000000
0.037397 396.444489 232.888901 -0.155096 0.278306 0.000000
0.037397 391.111115 235.555603 -0.186090 0.092084 0.000000
0.032306 386.666687 235.555603 -0.155097 -0.001029 0.000000
0.067946 358.222198 216.888901 -0.991859 -0.652811 1.000000
0.037397 342.222198 193.777802 -0.557982 -0.807995 2.000000
0.052672 332.444489 160.888901 -0.341042 -1.149405 2.000000
0.034852 324.444489 118.222198 -0.279062 -1.490814 2.000000
0.052672 316.444489 78.222221 -0.279062 -1.397701 2.000000
0.047580 302.222198 47.111111 -0.496002 -1.087330 2.000000
0.029760 295.111115 41.777779 -0.248070 -0.187252 2.000000
0.052672 291.555511 44.444439 -0.124108 0.092083 2.000000
0.052672 292.444489 72.888893 0.030852 0.992161 2.000000
-0.000788 292.444489 72.888893 -0.000142 -0.001029 3.000000
0.017032 296.000000 89.777779 0.123821 0.588678 0.000000
0.034852 305.777802 131.555603 0.340761 1.457720 0.000000
0.055218 326.222198 198.222198 0.712652 2.326757 0.000000
-0.000788 326.222198 198.222198 -0.000142 -0.001029 0.000000
0.009394 343.111115 234.666702 0.588690 1.271498 0.000000
0.014486 352.888885 248.888901 0.340760 0.495565 0.000000
0.009394 352.888885 248.888901 -0.000142 -0.001029 0.000000
0.014486 371.555511 269.333313 0.650670 0.712825 0.000000
0.006849 380.444489 274.666687 0.309772 0.185196 0.000000
0.019577 390.222198 277.333313 0.340758 0.092082 0.000000
0.001757 390.222198 277.333313 -0.000142 -0.001029 0.000000
0.017032 409.777802 277.333313 0.681664 -0.001029 0.000000
0.001757 419.555511 272.888885 0.340758 -0.156214 0.000000
0.019577 430.222198 267.555511 0.371752 -0.187253 0.000000
-0.000788 430.222198 267.555511 -0.000142 -0.001029 0.000000
0.009394 440.000000 259.555511 0.340761 -0.280363 0.000000
0.017032 458.666687 241.777802 0.650672 -0.621770 1.000000
0.009394 465.777802 233.777802 0.247787 -0.280363 1.000000
0.014486 471.111115 226.666702 0.185804 -0.249326 2.000000
0.034852 478.222198 217.777802 0.247786 -0.311401 2.000000
0.052672 480.888885 213.333298 0.092832 -0.156217 2.000000
0.032306 479.111115 210.666702 -0.062124 -0.094138 2.000000
0.055218 456.888885 206.222198 -0.774920 -0.156217 2.000000
0.037397 433.777802 206.222198 -0.805910 -0.001029 2.000000
0.039943 404.444489 206.222198 -1.022848 -0.001029 2.000000
0.060309 353.777802 212.444397 -1.766636 0.216231 0.000000
0.042489 319.111115 220.444397 -1.208796 0.278306 0.000000
0.042489 284.444489 230.222198 -1.208794 0.340381 0.000000
0.042489 248.000000 241.777802 -1.270779 0.402456 0.000000
0.001757 248.000000 241.777802 -0.000142 -0.001029 0.000000
0.017032 214.222198 251.555603 -1.177805 0.340381 0.000000
0.060309 178.666702 259.555511 -1.239784 0.278303 0.000000
0.039943 165.333298 261.333313 -0.465011 0.061047 0.000000
0.042489 156.444397 261.333313 -0.310054 -0.001029 0.000000
0.001757 156.444397 261.333313 -0.000142 -0.001029 0.000000
0.004303 152.888901 261.333313 -0.124105 -0.001029 0.000000
0.014486 144.888901 262.222198 -0.279062 0.030009 0.000000
0.004303 144.888901 262.222198 -0.000142 -0.001029 0.000000
0.014486 141.333298 263.111115 -0.124108 0.030010 1.000000
0.017032 132.444397 263.111115 -0.310054 -0.001029 2.000000
0.004303 132.444397 263.111115 -0.000142 -0.001029 2.000000
0.001757 128.000000 263.111115 -0.155096 -0.001029 2.000000
0.011940 124.444397 260.444489 -0.124108 -0.094139 2.000000
0.001757 121.777802 256.888885 -0.093113 -0.125179 2.000000
0.004303 121.777802 256.888885 -0.000142 -0.001029 2.000000
0.014486 116.444397 243.555603 -0.186091 -0.466584 2.000000
0.004303 112.888901 234.666702 -0.124105 -0.311401 2.000000
0.014486 109.333298 224.888901 -0.124108 -0.342438 2.000000
-0.000788 109.333298 224.888901 -0.000142 -0.001029 2.000000
0.004303 104.000000 216.000000 -0.186088 -0.311401 2.000000
0.014486 90.666656 202.666702 -0.465009 -0.466585 2.000000
0.037397 82.666656 198.222198 -0.279062 -0.156217 2.000000
0.055218 54.222221 196.444397 -0.991857 -0.063104 3.000000
0.039943 39.111111 202.666702 -0.526991 0.216235 0.000000
0.055218 33.777779 210.666702 -0.186089 0.278306 0.000000
0.032306 36.444439 218.666702 0.092831 0.278306 0.000000
0.034852 47.111111 226.666702 0.371751 0.278306 0.000000
0.024669 61.333328 237.333298 0.495715 0.371415 0.000000
0.014486 67.555557 243.555603 0.216796 0.216235 0.000000
0.004303 73.777779 250.666702 0.216796 0.247268 0.000000
0.017032 77.333344 259.555511 0.123823 0.309340 0.000000
0.001757 77.333344 259.555511 -0.000142 -0.001029 0.000000
0.001757 79.111107 267.555511 0.061840 0.278306 0.000000
0.017032 79.111107 285.333313 -0.000142 0.619716 0.000000
0.001757 79.111107 285.333313 -0.000142 -0.001029 0.000000
0.014486 75.555557 293.333313 -0.124106 0.278306 0.000000
0.004303 72.000000 299.555511 -0.124107 0.216231 0.000000
0.017032 61.333328 310.222198 -0.372036 0.371418 1.000000
0.006849 61.333328 310.222198 -0.000142 -0.001029 1.000000
-0.003334 56.000000 313.777802 -0.186089 0.123122 1.000000
0.017032 49.777779 317.333313 -0.217080 0.123119 2.000000
0.004303 44.444439 320.000000 -0.186089 0.092084 2.000000
0.011940 40.000000 323.555511 -0.155098 0.123119 2.000000
0.004303 35.555561 327.111115 -0.155098 0.123122 2.000000
-0.000788 35.555561 327.111115 -0.000142 -0.001029 2.000000
0.014486 27.555559 334.222198 -0.279062 0.247268 2.000000
0.001757 27.555559 334.222198 -0.000142 -0.001029 2.000000
0.011940 24.000000 336.888885 -0.124107 0.092084 2.000000
0.001757 20.444441 339.555511 -0.124107 0.092082 2.000000
0.004303 17.777781 341.333313 -0.093115 0.061047 2.000000
0.014486 16.000000 342.222198 -0.062124 0.030009 2.000000
0.001757 15.111110 343.111115 -0.031133 0.030010 2.000000
0.017032 14.222220 342.222198 -0.031133 -0.032067 2.000000
0.055218 12.444440 333.333313 -0.062124 -0.311400 2.000000
0.034852 12.444440 314.666687 -0.000142 -0.652808 2.000000
0.039943 11.555560 283.555511 -0.031133 -1.087332 0.000000
0.009394 11.555560 283.555511 -0.000142 -0.001029 0.000000
0.032306 9.777778 270.222198 -0.062125 -0.466585 0.000000
0.037397 7.111111 264.000000 -0.093115 -0.218288 0.000000
0.050126 5.333333 261.333313 -0.062124 -0.094141 0.000000
0.034852 7.111111 258.666687 0.061840 -0.094139 0.000000
0.037397 17.777781 252.444397 0.371751 -0.218291 0.000000
0.065400 37.333328 242.666702 0.681662 -0.342435 0.000000
0.050126 77.333344 221.333298 1.394458 -0.745923 1.000000
0.014486 90.666656 213.333298 0.464724 -0.280363 1.000000
0.032306 120.888901 197.333298 1.053556 -0.559698 2.000000
0.032306 136.888901 190.222198 0.557698 -0.249326 2.000000
0.022123 168.888901 177.777802 1.115538 -0.435547 2.000000
0.042489 200.000000 168.888901 1.084546 -0.311401 2.000000
0.004303 217.777802 164.444397 0.619681 -0.156217 2.000000
0.019577 234.666702 160.888901 0.588689 -0.125175 2.000000
0.055218 278.222198 154.666702 1.518420 -0.218288 2.000000
0.039943 295.111115 154.666702 0.588690 -0.001029 2.000000
0.032306 302.222198 161.777802 0.247786 0.247268 2.000000
0.001757 302.222198 161.777802 -0.000142 -0.001029 3.000000
0.004303 302.222198 168.000000 -0.000142 0.216231 3.000000
0.014486 302.222198 175.111099 -0.000142 0.247268 0.000000
0.055218 294.222198 196.444397 -0.279062 0.743862 0.000000
0.034852 290.666687 207.111099 -0.124105 0.371419 0.000000
0.045035 286.222198 214.222198 -0.155099 0.247268 0.000000
0.052672 280.000000 220.444397 -0.217079 0.216231 0.000000
0.042489 263.111115 226.666702 -0.588973 0.216235 0.000000
0.050126 247.111099 227.555603 -0.557983 0.030009 0.000000
0.045035 231.111099 224.000000 -0.557982 -0.125179 1.000000
0.034852 219.555603 210.666702 -0.403025 -0.466585 1.000000
0.001757 214.222198 201.777802 -0.186091 -0.311401 2.000000
0.024669 208.888901 189.333298 -0.186088 -0.435551 2.000000
0.055218 186.666702 141.333298 -0.774919 -1.677036 2.000000
0.037397 166.222198 110.222198 -0.712940 -1.087329 2.000000
0.037397 144.888901 88.888893 -0.743928 -0.745920 2.000000
0.004303 136.000000 82.666656 -0.310054 -0.218289 2.000000
0.017032 129.777802 78.222221 -0.217079 -0.156214 2.000000
0.004303 126.222198 75.555557 -0.124108 -0.094140 2.000000
0.022123 125.333298 74.666656 -0.031134 -0.032066 2.000000
0.004303 125.333298 73.777779 -0.000142 -0.032065 2.000000
0.019577 130.666702 72.000000 0.185807 -0.063103 3.000000
0.004303 139.555603 70.222221 0.309769 -0.063103 3.000000
0.009394 152.000000 69.333344 0.433732 -0.032065 3.000000
0.014486 167.111099 68.444443 0.526706 -0.032066 3.000000
0.006849 184.000000 67.555557 0.588689 -0.032066 0.000000
0.017032 202.666702 67.555557 0.650672 -0.001029 0.000000
0.004303 224.888901 68.444443 0.774635 0.030009 0.000000
0.017032 247.111099 71.111107 0.774635 0.092083 0.000000
0.004303 270.222198 75.555557 0.805626 0.154158 0.000000
0.022123 291.555511 80.888893 0.743644 0.185195 0.000000
0.006849 310.222198 87.111107 0.650672 0.216231 0.000000
0.004303 327.111115 93.333344 0.588690 0.216232 0.000000
0.011940 341.333313 98.666656 0.495715 0.185194 3.000000
0.001757 353.777802 103.111099 0.433735 0.154157 3.000000
0.011940 364.444489 107.555603 0.371752 0.154159 3.000000
0.004303 372.444489 111.111099 0.278778 0.123118 3.000000
0.011940 379.555511 113.777802 0.247784 0.092084 3.000000
-0.000788 379.555511 113.777802 -0.000142 -0.001029 3.000000
0.004303 384.888885 117.333298 0.185806 0.123118 2.000000
0.017032 392.888885 124.444397 0.278778 0.247268 2.000000
0.001757 392.888885 124.444397 -0.000142 -0.001029 2.000000
0.017032 396.444489 127.111099 0.123824 0.092084 2.000000
0.001757 398.222198 128.888901 0.061838 0.061047 2.000000
0.017032 399.111115 130.666702 0.030850 0.061047 2.000000
0.001757 400.000000 130.666702 0.030849 -0.001029 2.000000
0.001757 400.000000 130.666702 -0.000142 -0.001029 2.000000
0.011940 400.000000 130.666702 -0.000142 -0.001029 2.000000
0.060309 390.222198 122.666702 -0.341045 -0.280363 2.000000
0.042489 378.666687 113.777802 -0.403025 -0.311401 2.000000
0.042489 365.333313 101.333298 -0.465010 -0.435551 0.000000
0.042489 346.666687 88.000000 -0.650954 -0.466585 0.000000
0.034852 321.777802 77.333344 -0.867893 -0.373474 0.000000
0.039943 288.000000 69.333344 -1.177805 -0.280363 0.000000
0.029760 247.111099 63.111111 -1.425734 -0.218289 0.000000
0.014486 225.777802 61.333328 -0.743928 -0.063103 0.000000
0.006849 225.777802 61.333328 -0.000142 -0.001029 0.000000
0.017032 189.333298 57.777779 -1.270780 -0.125177 0.000000
0.004303 173.333298 57.777779 -0.557982 -0.001029 0.000000
0.014486 157.333298 57.777779 -0.557982 -0.001029 0.000000
0.004303 157.333298 57.777779 -0.000142 -0.001029 0.000000
0.017032 128.000000 62.222221 -1.022848 0.154157 0.000000
0.001757 114.666702 65.777779 -0.465008 0.123120 0.000000
0.017032 104.888901 70.222221 -0.341045 0.154157 0.000000
0.006849 98.666656 73.777779 -0.217081 0.123120 2.000000
0.006849 95.111107 78.222221 -0.124106 0.154157 2.000000
0.019577 94.222221 82.666656 -0.031133 0.154157 2.000000
0.006849 95.111107 88.000000 0.030849 0.185195 2.000000
0.014486 98.666656 96.000000 0.123822 0.278306 2.000000
0.006849 104.000000 104.888901 0.185805 0.309344 2.000000
0.014486 112.000000 114.666702 0.278778 0.340381 2.000000
0.037397 128.000000 139.555603 0.557698 0.868013 2.000000
0.037397 144.000000 168.888901 0.557698 1.023197 2.000000
0.067946 164.444397 212.444397 0.712652 1.519791 1.000000
0.047580 176.000000 237.333298 0.402744 0.868013 0.000000
0.052672 192.888901 272.888885 0.588689 1.240460 0.000000
0.027215 197.333298 283.555511 0.154812 0.371416 0.000000
0.009394 206.222198 300.444489 0.309769 0.588681 0.000000
0.022123 211.555603 305.777802 0.185807 0.185194 0.000000
0.042489 222.222198 311.111115 0.371749 0.185194 0.000000
0.042489 236.444397 310.222198 0.495715 -0.032067 0.000000
0.037397 252.444397 304.000000 0.557698 -0.218288 0.000000
0.004303 261.333313 300.444489 0.309770 -0.125176 0.000000
0.032306 277.333313 294.222198 0.557698 -0.218291 0.000000
0.001757 277.333313 294.222198 -0.000142 -0.001029 1.000000
0.017032 292.444489 290.666687 0.526709 -0.125176 1.000000
0.006849 299.555511 289.777802 0.247784 -0.032066 2.000000
0.034852 307.555511 288.000000 0.278778 -0.063104 2.000000
0.001757 314.666687 287.111115 0.247789 -0.032066 2.000000
0.014486 323.555511 286.222198 0.309767 -0.032067 2.000000
0.037397 341.333313 283.555511 0.619681 -0.094141 2.000000
0.034852 359.111115 280.888885 0.619681 -0.094139 2.000000
0.057763 380.444489 280.000000 0.743646 -0.032066 2.000000
0.037397 392.000000 280.000000 0.402741 -0.001029 2.000000
0.001757 397.333313 280.000000 0.185804 -0.001029 0.000000
0.034852 401.777802 280.000000 0.154815 -0.001029 0.000000
0.037397 410.666687 280.888885 0.309769 0.030009 0.000000
0.052672 425.777802 280.000000 0.526707 -0.032066 0.000000
0.037397 437.333313 277.333313 0.402741 -0.094141 0.000000
0.057763 447.111115 273.777802 0.340761 -0.125176 0.000000
0.032306 454.222198 272.000000 0.247786 -0.063104 0.000000
0.050126 462.222198 269.333313 0.278778 -0.094141 0.000000
0.001757 462.222198 269.333313 -0.000142 -0.001029 0.000000
0.011940 465.777802 268.444489 0.123824 -0.032063 0.000000
0.004303 472.000000 264.000000 0.216795 -0.156216 2.000000
0.014486 472.000000 264.000000 -0.000142 -0.001029 2.000000
0.004303 475.555511 260.444489 0.123821 -0.125176 2.000000
0.052672 483.555511 241.777802 0.278778 -0.652810 2.000000
0.027215 483.555511 232.000000 -0.000142 -0.342438 2.000000
0.047580 469.333313 199.111099 -0.495999 -1.149405 2.000000
0.050126 450.666687 175.111099 -0.650954 -0.839032 2.000000
0.050126 432.000000 152.000000 -0.650956 -0.807995 2.000000
0.006849 424.888885 140.444397 -0.248071 -0.404514 3.000000
0.017032 418.666687 128.888901 -0.217079 -0.404510 3.000000
0.042489 397.333313 91.555557 -0.743930 -1.304590 0.000000
0.039943 388.444489 79.111107 -0.310051 -0.435549 0.000000
0.027215 365.333313 57.777779 -0.805913 -0.745921 0.000000
0.017032 352.000000 48.000000 -0.465008 -0.342438 0.000000
0.042489 324.444489 32.888889 -0.960865 -0.528661 0.000000
0.042489 319.111115 30.222219 -0.186090 -0.094140 0.000000
0.037397 318.222198 32.000000 -0.031134 0.061046 0.000000
0.034852 320.000000 46.222221 0.061841 0.495566 0.000000
0.029760 322.666687 74.666656 0.092832 0.992161 2.000000
0.011940 322.666687 74.666656 -0.000142 -0.001029 2.000000
0.034852 324.444489 110.222198 0.061841 1.240458 2.000000
0.052672 325.333313 167.111099 0.030847 1.985351 2.000000
0.029760 325.333313 186.666702 -0.000142 0.681791 2.000000
-0.000788 326.222198 204.444397 0.030849 0.619712 2.000000
0.001757 327.111115 220.444397 0.030850 0.557641 2.000000
0.014486 328.888885 234.666702 0.061840 0.495569 2.000000
0.057763 334.222198 258.666687 0.185804 0.836975 2.000000
0.034852 335.111115 262.222198 0.030850 0.123119 2.000000
0.017032 336.000000 263.111115 0.030849 0.030010 3.000000
0.014486 336.000000 262.222198 -0.000142 -0.032067 3.000000
0.001757 334.222198 257.777802 -0.062125 -0.156213 0.000000
0.014486 330.666687 249.777802 -0.124105 -0.280363 0.000000
0.047580 321.777802 226.666702 -0.310053 -0.807995 0.000000
0.052672 313.777802 192.888901 -0.279062 -1.180442 0.000000
0.052672 304.000000 141.333298 -0.341045 -1.801186 0.000000
0.032306 292.444489 117.333298 -0.403025 -0.839032 0.000000
0.050126 275.555511 104.000000 -0.588976 -0.466585 0.000000
0.034852 254.222198 97.777779 -0.743928 -0.218289 0.000000
0.001757 242.666702 97.777779 -0.403025 -0.001029 0.000000
0.009394 232.000000 97.777779 -0.372037 -0.001029 0.000000
0.006849 222.222198 99.555557 -0.341045 0.061046 1.000000
0.004303 222.222198 99.555557 -0.000142 -0.001029 1.000000
0.014486 213.333298 103.111099 -0.310054 0.123120 1.000000
0.004303 206.222198 106.666702 -0.248071 0.123122 2.000000
-0.000788 199.111099 111.111099 -0.248071 0.154156 2.000000
0.014486 192.000000 117.333298 -0.248071 0.216231 2.000000
-0.000788 192.000000 117.333298 -0.000142 -0.001029 2.000000
0.014486 174.222198 134.222198 -0.619965 0.588678 2.000000
-0.000788 174.222198 134.222198 -0.000142 -0.001029 2.000000
0.004303 163.555603 144.000000 -0.372033 0.340381 2.000000
0.014486 152.000000 153.777802 -0.403028 0.340381 2.000000
0.004303 140.444397 163.555603 -0.403028 0.340381 2.000000
0.014486 128.888901 171.555603 -0.403025 0.278306 2.000000
0.004303 119.111099 177.777802 -0.341045 0.216231 2.000000
0.004303 112.000000 182.222198 -0.248071 0.154156 2.000000
0.011940 106.666702 184.888901 -0.186088 0.092084 2.000000
0.001757 104.000000 187.555603 -0.093117 0.092084 2.000000
0.014486 101.333298 189.333298 -0.093117 0.061043 2.000000
-0.000788 101.333298 189.333298 -0.000142 -0.001029 2.000000
0.001757 99.555557 191.111099 -0.062123 0.061047 2.000000
0.017032 93.333344 198.222198 -0.217080 0.247268 0.000000
0.009394 93.333344 198.222198 -0.000142 -0.001029 0.000000
0.006849 88.888893 202.666702 -0.155098 0.154159 0.000000
0.004303 84.444443 207.111099 -0.155098 0.154156 0.000000
0.011940 79.111107 211.555603 -0.186089 0.154159 0.000000
0.001757 74.666656 216.000000 -0.155098 0.154156 0.000000
0.004303 71.111107 218.666702 -0.124106 0.092084 0.000000
0.011940 68.444443 220.444397 -0.093115 0.061043 0.000000
0.001757 68.444443 220.444397 -0.000142 -0.001029 0.000000
0.001757 67.555557 221.333298 -0.031133 0.030009 0.000000
0.011940 67.555557 221.333298 -0.000142 -0.001029 0.000000
0.004303 68.444443 218.666702 0.030849 -0.094138 0.000000
0.014486 71.111107 214.222198 0.092831 -0.156217 0.000000
0.039943 80.888893 195.555603 0.340760 -0.652807 0.000000
0.057763 100.444397 148.444397 0.681660 -1.646002 0.000000
0.032306 111.111099 113.777802 0.371752 -1.211476 0.000000
0.055218 114.666702 87.111107 0.123824 -0.932145 0.000000
0.004303 112.888901 77.333344 -0.062125 -0.342437 2.000000
0.024669 101.333298 66.666656 -0.403028 -0.373475 2.000000
0.047580 88.000000 63.111111 -0.465008 -0.125177 2.000000
0.050126 77.333344 62.222221 -0.372035 -0.032066 2.000000
0.045035 73.777779 62.222221 -0.124107 -0.001029 2.000000
0.017032 75.555557 64.000000 0.061840 0.061046 2.000000
0.075583 92.444443 79.111107 0.588689 0.526603 2.000000
0.022123 100.444397 86.222221 0.278776 0.247269 2.000000
0.004303 115.555603 103.111099 0.526710 0.588677 0.000000
0.042489 124.444397 112.888901 0.309766 0.340381 0.000000
0.037397 144.000000 133.333298 0.681664 0.712825 0.000000
0.009394 154.666702 144.000000 0.371752 0.371419 0.000000
0.014486 165.333298 152.888901 0.371749 0.309344 0.000000
0.034852 184.888901 168.000000 0.681664 0.526603 0.000000
0.057763 206.222198 180.444397 0.743643 0.433490 0.000000
0.037397 216.888901 185.777802 0.371752 0.185197 0.000000
0.052672 229.333298 189.333298 0.433732 0.123118 0.000000
0.045035 252.444397 191.111099 0.805626 0.061047 1.000000
0.050126 272.000000 189.333298 0.681664 -0.063104 2.000000
0.050126 292.444489 184.000000 0.712655 -0.187250 2.000000
0.039943 319.111115 168.888901 0.929590 -0.528660 2.000000
0.034852 327.111115 163.555603 0.278778 -0.187250 2.000000
0.039943 354.666687 151.111099 0.960583 -0.435551 2.000000
0.037397 363.555511 147.555603 0.309767 -0.125175 2.000000
0.004303 372.444489 143.111099 0.309772 -0.156217 3.000000
0.009394 380.444489 137.777802 0.278778 -0.187250 0.000000
0.014486 387.555511 132.444397 0.247784 -0.187254 0.000000
0.039943 395.555511 114.666702 0.278778 -0.621769 0.000000
0.001757 396.444489 103.111099 0.030852 -0.404514 0.000000
0.017032 394.666687 89.777779 -0.062125 -0.466586 0.000000
0.001757 390.222198 74.666656 -0.155099 -0.528661 0.000000
0.001757 383.111115 61.333328 -0.248070 -0.466586 0.000000
0.014486 375.111115 48.888889 -0.279062 -0.435549 0.000000
0.001757 365.333313 38.222221 -0.341045 -0.373475 0.000000
0.014486 355.555511 30.222219 -0.341045 -0.280363 0.000000
-0.000788 355.555511 30.222219 -0.000142 -0.001029 0.000000
0.004303 344.888885 24.000000 -0.372034 -0.218289 0.000000
0.011940 334.222198 20.444441 -0.372036 -0.125177 0.000000
0.001757 325.333313 18.666670 -0.310053 -0.063103 0.000000
0.014486 319.111115 16.888889 -0.217079 -0.063103 0.000000
-0.000788 313.777802 16.888889 -0.186088 -0.001029 0.000000
0.001757 313.777802 16.888889 -0.000142 -0.001029 0.000000
0.011940 308.444489 19.555559 -0.186088 0.092083 0.000000
-0.000788 308.444489 19.555559 -0.000142 -0.001029 0.000000
0.004303 306.666687 24.888889 -0.062125 0.185194 1.000000
0.011940 306.666687 33.777779 -0.000142 0.309343 1.000000
0.034852 306.666687 63.111111 -0.000142 1.023198 2.000000
0.052672 312.888885 101.333298 0.216795 1.333569 2.000000
0.029760 323.555511 143.111099 0.371750 1.457720 2.000000
0.050126 336.888885 182.222198 0.464726 1.364607 2.000000
0.055218 352.888885 227.555603 0.557698 1.581870 2.000000
0.039943 361.777802 251.555603 0.309770 0.836975 2.000000
0.037397 370.666687 269.333313 0.309769 0.619713 2.000000
-0.000788 370.666687 269.333313 -0.000142 -0.001029 2.000000
0.001757 376.000000 275.555511 0.185804 0.216231 2.000000
0.014486 386.666687 283.555511 0.371752 0.278306 2.000000
0.006849 392.000000 286.222198 0.185804 0.092084 0.000000
0.014486 392.000000 286.222198 -0.000142 -0.001029 0.000000
0.001757 397.333313 288.000000 0.185804 0.061047 0.000000
0.004303 401.777802 288.888885 0.154815 0.030009 0.000000
0.014486 407.111115 289.777802 0.185804 0.030010 0.000000
0.004303 411.555511 289.777802 0.154812 -0.001029 0.000000
0.014486 416.888885 289.777802 0.185806 -0.001029 0.000000
0.004303 422.222198 289.777802 0.185804 -0.001029 0.000000
0.004303 427.555511 288.888885 0.185804 -0.032067 0.000000
0.011940 432.000000 287.111115 0.154815 -0.063103 0.000000
-0.000788 432.000000 287.111115 -0.000142 -0.001029 0.000000
0.011940 436.444489 284.444489 0.154815 -0.094139 0.000000
0.001757 440.888885 280.000000 0.154812 -0.156216 0.000000
0.001757 443.555511 273.777802 0.092830 -0.218288 0.000000
0.011940 444.444489 265.777802 0.030852 -0.280363 0.000000
0.001757 444.444489 256.000000 -0.000142 -0.342438 0.000000
0.017032 442.666687 244.444397 -0.062125 -0.404514 0.000000
0.001757 438.222198 232.000000 -0.155099 -0.435547 0.000000
0.001757 438.222198 232.000000 -0.000142 -0.001029 0.000000
0.014486 432.000000 218.666702 -0.217079 -0.466585 0.000000
0.004303 424.000000 205.333298 -0.279062 -0.466589 1.000000
0.014486 405.333313 179.555603 -0.650956 -0.901104 2.000000
0.004303 405.333313 179.555603 -0.000142 -0.001029 2.000000
0.009394 397.333313 170.666702 -0.279062 -0.311401 2.000000
0.001757 389.333313 162.666702 -0.279062 -0.280363 2.000000
-0.000788 389.333313 162.666702 -0.000142 -0.001029 2.000000
0.014486 372.444489 151.111099 -0.588971 -0.404514 2.000000
0.001757 372.444489 151.111099 -0.000142 -0.001029 2.000000
0.001757 362.666687 146.666702 -0.341045 -0.156213 2.000000
0.017032 352.000000 144.888901 -0.372036 -0.063104 2.000000
0.004303 339.555511 144.000000 -0.434019 -0.032066 2.000000
0.019577 312.888885 148.444397 -0.929874 0.154156 2.000000
0.032306 298.666687 152.888901 -0.495999 0.154159 2.000000
0.050126 266.666687 166.222198 -1.115822 0.464528 2.000000
0.055218 244.444397 174.222198 -0.774922 0.278306 3.000000
0.032306 236.444397 176.000000 -0.279062 0.061047 3.000000
0.001757 228.444397 176.888901 -0.279062 0.030009 0.000000
0.034852 209.777802 178.666702 -0.650953 0.061047 0.000000
0.034852 199.111099 179.555603 -0.372037 0.030009 0.000000
-0.000788 187.555603 180.444397 -0.403025 0.030005 0.000000
-0.000788 176.000000 182.222198 -0.403028 0.061047 0.000000
0.014486 164.444397 184.000000 -0.403028 0.061047 0.000000
0.034852 148.444397 188.444397 -0.557982 0.154156 0.000000
0.055218 139.555603 192.000000 -0.310050 0.123122 0.000000
0.037397 136.888901 192.888901 -0.093117 0.030009 0.000000
0.052672 145.777802 192.000000 0.309769 -0.032066 0.000000
0.004303 153.777802 190.222198 0.278778 -0.063104 1.000000
0.014486 162.666702 187.555603 0.309769 -0.094138 2.000000
0.055218 184.000000 181.333298 0.743643 -0.218292 2.000000
0.001757 194.666702 177.777802 0.371752 -0.125175 2.000000
0.017032 205.333298 174.222198 0.371749 -0.125179 2.000000
0.055218 240.000000 166.222198 1.208512 -0.280363 2.000000
0.032306 262.222198 164.444397 0.774635 -0.063104 2.000000
0.001757 262.222198 164.444397 -0.000142 -0.001029 2.000000
0.034852 280.888885 164.444397 0.650672 -0.001029 2.000000
0.037397 294.222198 166.222198 0.464724 0.061047 2.000000
0.001757 299.555511 167.111099 0.185804 0.030009 2.000000
0.004303 304.000000 168.888901 0.154815 0.061047 3.000000
0.024669 308.444489 170.666702 0.154815 0.061047 3.000000
0.024669 315.555511 176.888901 0.247784 0.216231 0.000000
0.039943 323.555511 184.000000 0.278778 0.247268 0.000000
0.050126 333.333313 192.000000 0.340761 0.278306 0.000000
0.009394 337.777802 195.555603 0.154815 0.123122 0.000000
0.022123 344.888885 199.111099 0.247786 0.123118 0.000000
0.047580 346.666687 200.000000 0.061841 0.030009 0.000000
0.047580 344.000000 198.222198 -0.093116 -0.063104 0.000000
0.042489 332.444489 190.222198 -0.403025 -0.280363 0.000000
0.047580 303.111115 169.777802 -1.022850 -0.714882 0.000000
0.011940 291.555511 160.000000 -0.403028 -0.342438 2.000000
0.014486 278.222198 149.333298 -0.465008 -0.373476 2.000000
0.042489 246.222198 128.000000 -1.115822 -0.745920 2.000000
0.037397 212.444397 108.444397 -1.177805 -0.683848 2.000000
0.004303 196.444397 99.555557 -0.557982 -0.311399 2.000000
0.014486 182.222198 91.555557 -0.495999 -0.280363 2.000000
-0.000788 182.222198 91.555557 -0.000142 -0.001029 2.000000
0.039943 147.555603 73.777779 -1.208793 -0.621772 2.000000
0.045035 128.000000 66.666656 -0.681948 -0.249326 2.000000
0.037397 110.222198 64.888893 -0.619965 -0.063102 2.000000
0.055218 92.444443 70.222221 -0.619964 0.185194 0.000000
0.034852 77.333344 79.111107 -0.526991 0.309343 0.000000
0.057763 62.222221 90.666656 -0.526991 0.402455 0.000000
0.037397 54.222221 96.888893 -0.279062 0.216232 0.000000
0.037397 45.333328 102.222198 -0.310053 0.185194 0.000000
-0.000788 45.333328 102.222198 -0.000142 -0.001029 0.000000
0.006849 40.000000 105.777802 -0.186089 0.123122 0.000000
0.014486 33.777779 108.444397 -0.217080 0.092080 0.000000
0.037397 13.333330 118.222198 -0.712938 0.340381 0.000000
0.004303 13.333330 118.222198 -0.000142 -0.001029 0.000000
0.014486 7.111111 120.888901 -0.217080 0.092084 0.000000
0.004303 1.777778 123.555603 -0.186089 0.092084 1.000000
0.004303 -1.777778 125.333298 -0.124107 0.061043 1.000000
0.017032 -5.333333 126.222198 -0.124107 0.030009 2.000000
0.001757 -8.888889 127.111099 -0.124107 0.030009 2.000000
0.011940 -12.444440 127.111099 -0.124106 -0.001029 2.000000
0.001757 -15.111110 127.111099 -0.093116 -0.001029 2.000000
0.014486 -18.666670 127.111099 -0.124107 -0.001029 2.000000
0.004303 -22.222219 128.000000 -0.124106 0.030009 2.000000
0.001757 -22.222219 128.000000 -0.000142 -0.001029 2.000000
0.017032 -29.333330 131.555603 -0.248071 0.123122 2.000000
0.011940 -31.111111 134.222198 -0.062124 0.092080 2.000000
0.022123 -32.888889 136.000000 -0.062124 0.061047 2.000000
0.006849 -32.888889 138.666702 -0.000142 0.092084 2.000000
0.022123 -32.888889 142.222198 -0.000142 0.123118 2.000000
0.019577 -27.555559 148.444397 0.185804 0.216231 2.000000
0.009394 -24.000000 152.888901 0.123822 0.154159 2.000000
0.017032 -20.444441 156.444397 0.123822 0.123118 2.000000
0.009394 -17.777781 161.777802 0.092831 0.185197 0.000000
0.019577 -16.000000 168.888901 0.061840 0.247268 0.000000
0.009394 -15.111110 176.888901 0.030849 0.278306 0.000000
0.019577 -16.000000 195.555603 -0.031133 0.650753 0.000000
0.009394 -16.000000 195.555603 -0.000142 -0.001029 0.000000
0.022123 -16.888889 214.222198 -0.031133 0.650750 0.000000
0.006849 -16.888889 222.222198 -0.000142 0.278306 0.000000
0.019577 -16.888889 228.444397 -0.000142 0.216231 0.000000
0.004303 -16.888889 233.777802 -0.000142 0.185197 0.000000
0.019577 -16.888889 236.444397 -0.000142 0.092080 0.000000
0.050126 -16.000000 237.333298 0.030849 0.030009 0.000000
0.045035 -13.333330 235.555603 0.092831 -0.063100 0.000000
0.042489 -6.222222 224.888901 0.247787 -0.373476 1.000000
0.037397 7.111111 205.333298 0.464724 -0.683848 2.000000
0.001757 15.111110 192.000000 0.278778 -0.466585 2.000000
0.037397 33.777779 154.666702 0.650671 -1.304589 2.000000
0.050126 53.333328 111.111099 0.681662 -1.521852 2.000000
0.050126 72.000000 70.222221 0.650671 -1.428738 2.000000
0.047580 90.666656 35.555561 0.650671 -1.211478 2.000000
0.024669 93.333344 32.000000 0.092832 -0.125177 2.000000
0.060309 94.222221 29.333330 0.030849 -0.094140 2.000000
0.060309 95.111107 32.888889 0.030849 0.123120 0.000000
0.019577 96.000000 38.222221 0.030849 0.185194 0.000000
0.042489 102.222198 59.555561 0.216795 0.743864 0.000000
0.050126 123.555603 104.000000 0.743647 1.550830 0.000000
0.004303 123.555603 104.000000 -0.000142 -0.001029 0.000000
0.022123 142.222198 143.111099 0.650669 1.364607 0.000000
0.009394 151.111099 165.333298 0.309769 0.774900 0.000000
0.027215 159.111099 186.666702 0.278778 0.743866 0.000000
0.009394 169.777802 224.888901 0.371752 1.333569 0.000000
0.022123 173.333298 240.000000 0.123820 0.526603 0.000000
0.017032 176.000000 251.555603 0.092832 0.402456 0.000000
0.001757 177.777802 261.333313 0.061841 0.340378 0.000000
0.006849 179.555603 267.555511 0.061841 0.216231 0.000000
0.011940 181.333298 270.222198 0.061837 0.092084 0.000000
0.006849 184.888901 271.111115 0.123824 0.030010 1.000000
0.017032 188.444397 269.333313 0.123820 -0.063104 1.000000
0.009394 192.888901 263.111115 0.154815 -0.218288 2.000000
0.019577 199.111099 253.333298 0.216795 -0.342439 2.000000
0.039943 211.555603 224.000000 0.433735 -1.025254 2.000000
0.057763 229.333298 160.888901 0.619677 -2.204668 2.000000
0.034852 239.111099 122.666702 0.340761 -1.335626 2.000000
0.037397 249.777802 90.666656 0.371752 -1.118369 2.000000
0.057763 263.111115 61.333328 0.464724 -1.025255 2.000000
0.042489 286.222198 29.333330 0.805626 -1.118367 0.000000
0.037397 298.666687 18.666670 0.433735 -0.373474 0.000000
0.001757 298.666687 18.666670 -0.000142 -0.001029 0.000000
0.001757 304.888885 16.000000 0.216795 -0.094140 0.000000
0.014486 309.333313 14.222220 0.154813 -0.063103 0.000000
0.004303 314.666687 14.222220 0.185806 -0.001029 0.000000
0.014486 320.000000 14.222220 0.185804 -0.001029 0.000000
0.004303 324.444489 16.000000 0.154815 0.061046 0.000000
0.017032 329.777802 20.444441 0.185804 0.154157 0.000000
0.001757 335.111115 27.555559 0.185804 0.247269 0.000000
0.006849 340.444489 35.555561 0.185806 0.278306 0.000000
0.011940 345.777802 44.444439 0.185804 0.309343 0.000000
0.001757 345.777802 44.444439 -0.000142 -0.001029 0.000000
0.017032 353.777802 64.888893 0.278778 0.712827 0.000000
0.001757 353.777802 64.888893 -0.000142 -0.001029 0.000000
0.014486 355.555511 86.222221 0.061838 0.743864 0.000000
0.001757 355.555511 86.222221 -0.000142 -0.001029 0.000000
0.004303 353.777802 98.666656 -0.062122 0.433492 0.000000
0.017032 342.222198 123.555603 -0.403028 0.868014 1.000000
0.034852 335.111115 136.888901 -0.248070 0.464528 1.000000
0.001757 328.888885 151.111099 -0.217080 0.495565 2.000000
0.034852 319.111115 178.666702 -0.341044 0.961126 2.000000
0.032306 312.888885 203.555603 -0.217080 0.868013 2.000000
0.055218 311.111115 222.222198 -0.062124 0.650750 2.000000
0.039943 309.333313 238.222198 -0.062125 0.557641 2.000000
0.060309 308.444489 262.222198 -0.031131 0.836975 2.000000
0.006849 308.444489 270.222198 -0.000142 0.278306 2.000000
0.009394 308.444489 278.222198 -0.000142 0.278306 2.000000
0.034852 308.444489 294.222198 -0.000142 0.557641 3.000000
0.001757 308.444489 294.222198 -0.000142 -0.001029 3.000000
0.037397 309.333313 310.222198 0.030847 0.557641 0.000000
0.042489 310.222198 312.888885 0.030849 0.092084 0.000000
0.047580 316.444489 316.444489 0.216798 0.123122 0.000000
0.047580 328.888885 316.444489 0.433732 -0.001029 0.000000
0.032306 346.666687 312.000000 0.619681 -0.156216 0.000000
0.057763 374.222198 302.222198 0.960581 -0.342438 0.000000
0.034852 383.111115 297.777802 0.309770 -0.156213 0.000000
0.060309 410.666687 277.333313 0.960583 -0.714885 0.000000
0.001757 420.444489 267.555511 0.340761 -0.342438 1.000000
0.017032 430.222198 256.000000 0.340758 -0.404510 2.000000
0.032306 448.888885 232.000000 0.650672 -0.839032 2.000000
0.001757 456.000000 220.444397 0.247787 -0.404514 2.000000
0.034852 461.333313 210.666702 0.185804 -0.342435 2.000000
0.034852 464.000000 194.666702 0.092832 -0.559698 2.000000
0.001757 462.222198 187.555603 -0.062125 -0.249326 2.000000
0.037397 450.666687 173.333298 -0.403025 -0.497626 2.000000
0.050126 434.666687 162.666702 -0.557982 -0.373472 2.000000
0.032306 420.444489 155.555603 -0.495999 -0.249326 2.000000
0.057763 408.000000 157.333298 -0.434019 0.061043 0.000000
0.037397 400.888885 171.555603 -0.248071 0.495569 0.000000
0.052672 390.222198 193.777802 -0.372036 0.774900 0.000000
0.032306 376.000000 222.222198 -0.495999 0.992159 0.000000
0.055218 354.666687 273.777802 -0.743928 1.799129 0.000000
0.037397 346.666687 304.888885 -0.279062 1.085272 0.000000
0.050126 344.000000 328.000000 -0.093116 0.805938 0.000000
0.001757 343.111115 336.888885 -0.031133 0.309343 0.000000
0.011940 343.111115 344.888885 -0.000142 0.278306 0.000000
0.052672 343.111115 361.777802 -0.000142 0.588679 0.000000
0.057763 343.111115 366.222198 -0.000142 0.154156 2.000000
0.034852 343.111115 367.111115 -0.000142 0.030010 2.000000
0.050126 343.111115 366.222198 -0.000142 -0.032067 2.000000
0.001757 344.888885 363.555511 0.061840 -0.094141 2.000000
0.017032 348.444489 358.222198 0.123824 -0.187251 2.000000
0.037397 357.333313 341.333313 0.309767 -0.590735 2.000000
0.057763 367.111115 310.222198 0.340761 -1.087330 2.000000
0.004303 368.000000 300.444489 0.030849 -0.342435 2.000000
0.017032 368.888885 290.666687 0.030849 -0.342438 2.000000
0.050126 368.888885 273.777802 -0.000142 -0.590735 2.000000
0.047580 363.555511 248.888901 -0.186090 -0.870070 0.000000
0.006849 363.555511 248.888901 -0.000142 -0.001029 0.000000
0.019577 359.111115 229.333298 -0.155096 -0.683848 0.000000
0.006849 356.444489 219.555603 -0.093114 -0.342435 0.000000
0.017032 352.888885 209.777802 -0.124108 -0.342438 0.000000
0.047580 344.000000 193.777802 -0.310053 -0.559698 0.000000
0.045035 321.777802 178.666702 -0.774919 -0.528660 0.000000
0.050126 303.111115 170.666702 -0.650956 -0.280363 0.000000
0.042489 284.444489 160.888901 -0.650954 -0.342438 0.000000
0.047580 266.666687 149.333298 -0.619965 -0.404514 0.000000
0.037397 249.777802 134.222198 -0.588973 -0.528660 0.000000
0.011940 240.888901 125.333298 -0.310054 -0.311401 1.000000
0.011940 232.000000 116.444397 -0.310054 -0.311401 1.000000
0.037397 212.444397 97.777779 -0.681948 -0.652808 2.000000
0.057763 179.555603 73.777779 -1.146810 -0.839032 2.000000
0.037397 155.555603 62.222221 -0.836902 -0.404512 2.000000
0.001757 155.555603 62.222221 -0.000142 -0.001029 2.000000
0.034852 131.555603 56.000000 -0.836902 -0.218289 2.000000
0.034852 109.333298 53.333328 -0.774923 -0.094140 2.000000
0.052672 78.222221 58.666672 -1.084830 0.185195 2.000000
0.032306 60.444439 66.666656 -0.619965 0.278306 2.000000
0.001757 54.222221 71.111107 -0.217080 0.154158 3.000000
0.037397 47.111111 77.333344 -0.248071 0.216232 0.000000
0.032306 46.222221 80.000000 -0.031133 0.092083 0.000000
0.017032 46.222221 83.555557 -0.000142 0.123120 0.000000
0.014486 48.000000 88.000000 0.061840 0.154157 0.000000
0.034852 53.333328 92.444443 0.185804 0.154157 0.000000
0.037397 56.888889 93.333344 0.123822 0.030009 0.000000
0.001757 60.444439 94.222221 0.123822 0.030008 0.000000
0.004303 65.777779 96.000000 0.185805 0.061046 0.000000
0.014486 71.111107 96.888893 0.185804 0.030009 0.000000
0.004303 77.333344 99.555557 0.216796 0.092083 0.000000
0.014486 83.555557 102.222198 0.216795 0.092082 0.000000
0.004303 90.666656 106.666702 0.247786 0.154159 0.000000
-0.000788 90.666656 106.666702 -0.000142 -0.001029 0.000000
0.014486 104.888901 119.111099 0.495716 0.433490 0.000000
0.001757 104.888901 119.111099 -0.000142 -0.001029 0.000000
0.014486 119.111099 136.888901 0.495715 0.619716 1.000000
0.001757 119.111099 136.888901 -0.000142 -0.001029 1.000000
0.004303 128.000000 146.666702 0.309769 0.340381 2.000000
0.019577 136.888901 156.444397 0.309769 0.340378 2.000000
0.001757 147.555603 165.333298 0.371752 0.309344 2.000000
0.019577 158.222198 174.222198 0.371749 0.309344 2.000000
0.004303 168.888901 180.444397 0.371752 0.216231 2.000000
0.017032 178.666702 185.777802 0.340761 0.185197 2.000000
0.004303 186.666702 190.222198 0.278778 0.154156 2.000000
0.019577 198.222198 195.555603 0.402740 0.185197 2.000000
0.001757 198.222198 195.555603 -0.000142 -0.001029 2.000000
0.024669 200.888901 198.222198 0.092832 0.092080 2.000000
0.001757 200.888901 198.222198 -0.000142 -0.001029 2.000000
0.017032 197.333298 200.000000 -0.124108 0.061047 2.000000
0.006849 191.111099 200.888901 -0.217079 0.030009 2.000000
0.006849 191.111099 200.888901 -0.000142 -0.001029 2.000000
0.019577 176.888901 200.888901 -0.495999 -0.001029 0.000000
0.004303 168.000000 198.222198 -0.310054 -0.094141 0.000000
0.019577 159.111099 194.666702 -0.310054 -0.125175 0.000000
0.001757 149.333298 190.222198 -0.341045 -0.156217 0.000000
0.017032 139.555603 184.000000 -0.341041 -0.218288 0.000000
0.004303 128.000000 177.777802 -0.403028 -0.218288 0.000000
0.014486 116.444397 171.555603 -0.403028 -0.218288 0.000000
0.062855 80.888893 151.111099 -1.239785 -0.714886 0.000000
0.034852 63.111111 140.444397 -0.619965 -0.373476 0.000000
0.052672 54.222221 136.000000 -0.310053 -0.156213 0.000000
0.032306 53.333328 135.111099 -0.031133 -0.032066 0.000000
0.062855 77.333344 131.555603 0.836618 -0.125175 1.000000
0.047580 107.555603 126.222198 1.053557 -0.187254 2.000000
0.045035 148.444397 119.111099 1.425446 -0.249326 2.000000
0.039943 194.666702 108.444397 1.611398 -0.373476 2.000000
0.014486 239.111099 98.666656 1.549412 -0.342436 2.000000
0.006849 239.111099 98.666656 -0.000142 -0.001029 2.000000
0.052672 288.888885 93.333344 1.735360 -0.187251 2.000000
0.042489 307.555511 99.555557 0.650670 0.216231 2.000000
0.039943 319.111115 114.666702 0.402744 0.526605 2.000000
0.004303 322.666687 126.222198 0.123823 0.402453 3.000000
0.017032 325.333313 139.555603 0.092830 0.464532 0.000000
0.001757 325.333313 139.555603 -0.000142 -0.001029 0.000000
0.011940 327.111115 174.222198 0.061841 1.209419 0.000000
-0.003334 327.111115 174.222198 -0.000142 -0.001029 0.000000
0.001757 326.222198 193.777802 -0.031134 0.681791 0.000000
0.014486 323.555511 214.222198 -0.093116 0.712825 0.000000
0.004303 320.000000 234.666702 -0.124105 0.712829 0.000000
0.014486 314.666687 255.111099 -0.186088 0.712825 0.000000
0.001757 310.222198 275.555511 -0.155099 0.712825 0.000000
0.001757 310.222198 275.555511 -0.000142 -0.001029 0.000000
0.017032 303.111115 310.222198 -0.248070 1.209422 0.000000
0.004303 301.333313 323.555511 -0.062125 0.464528 0.000000
0.022123 300.444489 332.444489 -0.031131 0.309346 0.000000
0.004303 300.444489 338.666687 -0.000142 0.216231 0.000000
0.019577 301.333313 342.222198 0.030847 0.123119 0.000000
0.006849 303.111115 344.000000 0.061841 0.061047 0.000000
0.019577 304.888885 344.000000 0.061840 -0.001029 0.000000
0.006849 308.444489 343.111115 0.123824 -0.032066 0.000000
0.024669 319.111115 329.777802 0.371750 -0.466585 2.000000
0.045035 334.222198 303.111115 0.526706 -0.932145 2.000000
0.057763 360.888885 234.666702 0.929592 -2.390890 2.000000
0.029760 369.777802 206.222198 0.309770 -0.994220 2.000000
0.057763 392.000000 128.888901 0.774635 -2.701262 2.000000
0.034852 402.666687 89.777779 0.371752 -1.366665 2.000000
0.052672 416.000000 59.555561 0.464724 -1.056292 2.000000
0.001757 424.000000 46.222221 0.278778 -0.466586 2.000000
0.014486 440.000000 27.555559 0.557698 -0.652809 0.000000
0.006849 440.000000 27.555559 -0.000142 -0.001029 0.000000
0.011940 447.111115 22.222219 0.247787 -0.187252 0.000000
0.001757 451.555511 19.555559 0.154812 -0.094140 0.000000
0.014486 455.111115 18.666670 0.123824 -0.032066 0.000000
0.004303 457.777802 18.666670 0.092832 -0.001029 0.000000
0.006849 460.444489 22.222219 0.092832 0.123120 0.000000
0.011940 462.222198 29.333330 0.061838 0.247269 0.000000
0.001757 462.222198 29.333330 -0.000142 -0.001029 0.000000
0.011940 463.111115 52.444439 0.030850 0.805938 0.000000
-0.000788 463.111115 52.444439 -0.000142 -0.001029 0.000000
0.001757 463.111115 68.444443 -0.000142 0.557641 0.000000
0.014486 461.333313 85.333344 -0.062125 0.588678 0.000000
-0.000788 458.666687 104.000000 -0.093114 0.650752 0.000000
0.017032 456.000000 122.666702 -0.093116 0.650753 0.000000
0.004303 453.333313 140.444397 -0.093116 0.619712 0.000000
0.006849 449.777802 158.222198 -0.124105 0.619716 3.000000
0.011940 446.222198 176.888901 -0.124108 0.650753 3.000000
0.042489 438.222198 210.666702 -0.279062 1.178385 2.000000
0.004303 434.666687 225.777802 -0.124105 0.526603 2.000000
0.019577 432.000000 238.222198 -0.093116 0.433490 2.000000
0.065400 426.666687 263.111115 -0.186088 0.868013 2.000000
0.042489 425.777802 270.222198 -0.031133 0.247268 2.000000
0.047580 425.777802 272.000000 -0.000142 0.061047 2.000000
0.045035 428.444489 272.000000 0.092832 -0.001029 3.000000
0.045035 431.111115 268.444489 0.092830 -0.125176 0.000000
0.037397 431.111115 258.666687 -0.000142 -0.342438 0.000000
0.037397 424.888885 240.000000 -0.217080 -0.652810 0.000000
0.055218 416.000000 209.777802 -0.310053 -1.056292 0.000000
0.027215 406.222198 170.666702 -0.341045 -1.366664 0.000000
-0.000788 402.666687 151.111099 -0.124105 -0.683848 0.000000
0.032306 397.333313 131.555603 -0.186090 -0.683844 0.000000
0.034852 384.000000 97.777779 -0.465008 -1.180443 0.000000
0.001757 374.222198 84.444443 -0.341045 -0.466586 0.000000
0.037397 350.222198 65.777779 -0.836902 -0.652809 2.000000
0.052672 321.777802 56.000000 -0.991856 -0.342438 2.000000
0.045035 299.555511 52.444439 -0.774922 -0.125177 2.000000
0.034852 284.444489 55.111111 -0.526988 0.092083 2.000000
0.052672 271.111115 79.111107 -0.465010 0.836975 2.000000
0.039943 265.777802 112.000000 -0.186088 1.147347 2.000000
0.060309 261.333313 174.222198 -0.155099 2.171573 2.000000
0.034852 260.444489 213.333298 -0.031131 1.364607 0.000000
0.006849 260.444489 213.333298 -0.000142 -0.001029 0.000000
0.027215 261.333313 244.444397 0.030847 1.085272 0.000000
0.034852 264.888885 268.444489 0.123823 0.836978 0.000000
0.055218 266.666687 287.111115 0.061841 0.650751 0.000000
0.034852 266.666687 299.555511 -0.000142 0.433490 0.000000
0.055218 262.222198 308.444489 -0.155099 0.309346 0.000000
0.029760 259.555511 309.333313 -0.093116 0.030006 0.000000
0.055218 260.444489 303.111115 0.030852 -0.218288 0.000000
0.039943 270.222198 281.777802 0.340758 -0.745920 2.000000
0.060309 306.666687 227.555603 1.270495 -1.894296 2.000000
0.027215 338.666687 192.888901 1.115538 -1.211480 2.000000
-0.000788 338.666687 192.888901 -0.000142 -0.001029 2.000000
0.032306 368.000000 170.666702 1.022564 -0.776957 2.000000
0.001757 380.444489 162.666702 0.433735 -0.280363 2.000000
0.034852 402.666687 151.111099 0.774635 -0.404514 2.000000
0.037397 413.333313 144.888901 0.371750 -0.218288 2.000000
0.001757 424.000000 139.555603 0.371752 -0.187250 2.000000
0.014486 436.444489 134.222198 0.433735 -0.187254 2.000000
0.001757 448.000000 128.888901 0.402741 -0.187250 2.000000
0.017032 467.555511 122.666702 0.681661 -0.218288 0.000000
0.006849 467.555511 122.666702 -0.000142 -0.001029 0.000000
0.034852 480.888885 120.888901 0.464726 -0.063104 0.000000
0.037397 489.777802 120.888901 0.309770 -0.001029 0.000000
0.057763 496.000000 123.555603 0.216795 0.092084 0.000000
0.037397 498.666687 124.444397 0.092832 0.030005 0.000000
0.039943 498.666687 124.444397 -0.000142 -0.001029 0.000000
0.037397 498.666687 124.444397 -0.000142 -0.001029 0.000000
0.004303 497.777802 124.444397 -0.031133 -0.001029 0.000000
0.017032 494.222198 125.333298 -0.124108 0.030009 2.000000
0.004303 494.222198 125.333298 -0.000142 -0.001029 2.000000
0.037397 472.000000 133.333298 -0.774919 0.278306 2.000000
0.052672 452.444489 144.000000 -0.681945 0.371419 2.000000
0.039943 428.444489 155.555603 -0.836902 0.402456 2.000000
0.045035 401.777802 168.888901 -0.929876 0.464528 2.000000
0.045035 366.222198 185.777802 -1.239788 0.588678 2.000000
0.042489 296.888885 221.333298 -2.417448 1.240456 2.000000
0.042489 256.000000 248.000000 -1.425733 0.930088 3.000000
0.042489 226.666702 274.666687 -1.022848 0.930087 0.000000
0.004303 216.000000 286.222198 -0.372037 0.402453 0.000000
0.042489 198.222198 307.555511 -0.619965 0.743863 0.000000
0.014486 190.222198 315.555511 -0.279062 0.278306 0.000000
0.009394 182.222198 322.666687 -0.279062 0.247271 0.000000
0.017032 174.222198 329.777802 -0.279062 0.247269 0.000000
0.006849 166.222198 336.888885 -0.279062 0.247268 0.000000
0.037397 152.000000 349.333313 -0.495999 0.433491 0.000000
0.042489 140.444397 357.333313 -0.403028 0.278306 0.000000
0.062855 130.666702 364.444489 -0.341041 0.247271 0.000000
-0.000788 130.666702 364.444489 -0.000142 -0.001029 0.000000
0.017032 126.222198 365.333313 -0.155100 0.030006 2.000000
0.052672 118.222198 365.333313 -0.279062 -0.001029 2.000000
0.032306 108.444397 364.444489 -0.341045 -0.032063 2.000000
0.039943 96.000000 361.777802 -0.434016 -0.094141 2.000000
0.004303 89.777779 360.000000 -0.217080 -0.063104 2.000000
0.045035 76.444443 354.666687 -0.465009 -0.187251 2.000000
0.037397 66.666656 344.000000 -0.341045 -0.373475 2.000000
0.029760 58.666672 326.222198 -0.279062 -0.621773 2.000000
0.062855 56.000000 283.555511 -0.093116 -1.490814 0.000000
0.039943 56.000000 253.333298 -0.000142 -1.056292 0.000000
0.047580 60.444439 220.444397 0.154813 -1.149405 0.000000
0.045035 64.000000 184.888901 0.123822 -1.242514 0.000000
0.017032 64.888893 152.888901 0.030849 -1.118367 0.000000
0.006849 64.888893 152.888901 -0.000142 -0.001029 0.000000
0.017032 64.000000 128.000000 -0.031133 -0.870070 0.000000
0.006849 64.000000 128.000000 -0.000142 -0.001029 0.000000
0.017032 62.222221 112.000000 -0.062124 -0.559698 0.000000
0.009394 61.333328 105.777802 -0.031133 -0.218288 0.000000
0.017032 61.333328 101.333298 -0.000142 -0.156217 0.000000
0.009394 62.222221 97.777779 0.030849 -0.125176 0.000000
0.006849 62.222221 95.111107 -0.000142 -0.094140 1.000000
0.019577 63.111111 94.222221 0.030849 -0.032066 1.000000
0.004303 63.111111 93.333344 -0.000142 -0.032065 1.000000
0.019577 63.111111 92.444443 -0.000142 -0.032066 2.000000
0.006849 63.111111 92.444443 -0.000142 -0.001029 2.000000
0.019577 65.777779 99.555557 0.092831 0.247269 2.000000
0.039943 70.222221 111.111099 0.154813 0.402454 2.000000
0.065400 80.000000 125.333298 0.340760 0.495565 2.000000
0.032306 89.777779 144.000000 0.340760 0.650753 2.000000
0.034852 93.333344 168.000000 0.123823 0.836975 2.000000
0.057763 85.333344 207.111099 -0.279062 1.364607 0.000000
0.039943 76.444443 226.666702 -0.310054 0.681791 0.000000
0.060309 68.444443 240.888901 -0.279062 0.495565 0.000000
0.029760 57.777779 257.777802 -0.372035 0.588678 0.000000
0.037397 41.777779 284.444489 -0.557982 0.930087 0.000000
0.004303 31.111111 300.444489 -0.372036 0.557641 0.000000
0.014486 21.333330 316.444489 -0.341044 0.557641 0.000000
0.001757 13.333330 331.555511 -0.279062 0.526600 0.000000
0.034852 7.111111 353.777802 -0.217080 0.774903 0.000000
0.060309 23.111111 361.777802 0.557698 0.278306 0.000000
0.019577 35.555561 356.444489 0.433734 -0.187251 1.000000
0.001757 35.555561 356.444489 -0.000142 -0.001029 1.000000
0.037397 86.222221 320.000000 1.766351 -1.273554 2.000000
0.001757 86.222221 320.000000 -0.000142 -0.001029 2.000000
0.017032 129.777802 288.888885 1.518423 -1.087330 2.000000
0.004303 129.777802 288.888885 -0.000142 -0.001029 2.000000
0.017032 176.000000 258.666687 1.611395 -1.056292 2.000000
0.004303 176.000000 258.666687 -0.000142 -0.001029 2.000000
0.001757 199.111099 246.222198 0.805626 -0.435551 2.000000
0.017032 220.444397 236.444397 0.743643 -0.342438 2.000000
0.006849 241.777802 227.555603 0.743647 -0.311397 2.000000
0.014486 261.333313 221.333298 0.681661 -0.218292 2.000000
0.004303 279.111115 216.888901 0.619681 -0.156213 2.000000
0.017032 306.666687 214.222198 0.960583 -0.094141 2.000000
0.001757 306.666687 214.222198 -0.000142 -0.001029 2.000000
0.019577 317.333313 215.111099 0.371750 0.030009 2.000000
0.004303 326.222198 218.666702 0.309769 0.123122 2.000000
0.014486 336.888885 227.555603 0.371752 0.309344 0.000000
0.009394 336.888885 227.555603 -0.000142 -0.001029 0.000000
0.037397 339.555511 238.222198 0.092830 0.371415 0.000000
0.050126 320.888885 256.000000 -0.650954 0.619716 0.000000
0.047580 300.444489 263.111115 -0.712936 0.247269 0.000000
0.050126 279.111115 263.111115 -0.743930 -0.001029 0.000000
0.032306 258.666687 253.333298 -0.712937 -0.342439 0.000000
0.047580 243.555603 232.000000 -0.526990 -0.745920 0.000000
-0.000788 240.000000 217.777802 -0.124108 -0.497623 0.000000
0.011940 237.333298 184.888901 -0.093117 -1.149405 2.000000
0.006849 237.333298 184.888901 -0.000142 -0.001029 2.000000
0.024669 237.333298 151.111099 -0.000142 -1.180442 2.000000
0.050126 237.333298 125.333298 -0.000142 -0.901108 2.000000
0.052672 232.888901 108.444397 -0.155096 -0.590735 2.000000
0.039943 227.555603 96.888893 -0.186088 -0.404510 2.000000
0.050126 231.111099 92.444443 0.123820 -0.156215 2.000000
0.014486 237.333298 89.777779 0.216795 -0.094140 3.000000
0.001757 247.111099 86.222221 0.340761 -0.125177 3.000000
-0.000788 247.111099 86.222221 -0.000142 -0.001029 3.000000
0.017032 271.111115 81.777779 0.836618 -0.156214 3.000000
-0.000788 283.555511 81.777779 0.433732 -0.001029 0.000000
0.004303 283.555511 81.777779 -0.000142 -0.001029 0.000000
0.011940 295.111115 81.777779 0.402744 -0.001029 0.000000
-0.000788 307.555511 84.444443 0.433732 0.092083 0.000000
-0.000788 307.555511 84.444443 -0.000142 -0.001029 0.000000
0.011940 331.555511 92.444443 0.836618 0.278306 0.000000
-0.000788 331.555511 92.444443 -0.000142 -0.001029 0.000000
0.011940 344.000000 97.777779 0.433735 0.185195 0.000000
-0.000788 355.555511 103.111099 0.402741 0.185194 0.000000
0.001757 355.555511 103.111099 -0.000142 -0.001029 0.000000
0.011940 376.888885 112.888901 0.743646 0.340381 0.000000
0.001757 376.888885 112.888901 -0.000142 -0.001029 0.000000
0.001757 385.777802 115.555603 0.309770 0.092084 0.000000
0.014486 393.777802 116.444397 0.278778 0.030005 0.000000
0.001757 400.888885 117.333298 0.247786 0.030009 0.000000
0.017032 408.000000 117.333298 0.247787 -0.001029 0.000000
0.006849 415.111115 115.555603 0.247787 -0.063100 2.000000
0.004303 422.222198 112.000000 0.247786 -0.125179 2.000000
0.009394 429.333313 107.555603 0.247787 -0.156213 2.000000
0.001757 436.444489 103.111099 0.247789 -0.156217 2.000000
0.011940 441.777802 98.666656 0.185804 -0.156214 2.000000
-0.000788 441.777802 98.666656 -0.000142 -0.001029 2.000000
0.014486 447.111115 95.111107 0.185804 -0.125177 2.000000
0.001757 450.666687 92.444443 0.123823 -0.094140 2.000000
0.004303 452.444489 90.666656 0.061841 -0.063103 2.000000
0.011940 453.333313 89.777779 0.030847 -0.032065 2.000000
0.004303 453.333313 88.000000 -0.000142 -0.063103 2.000000
0.001757 453.333313 88.000000 -0.000142 -0.001029 2.000000
0.014486 452.444489 83.555557 -0.031131 -0.156214 2.000000
0.004303 452.444489 83.555557 -0.000142 -0.001029 2.000000
