0.001757 444.444489 256.000000 -0.000142 -0.342438 0.000000
0.017032 442.666687 244.444397 -0.062125 -0.404514 0.000000
0.001757 438.222198 232.000000 -0.155099 -0.435547 0.000000
0.001757 438.222198 232.000000 -0.000142 -0.001029 0.000000
0.014486 432.000000 218.666702 -0.217079 -0.466585 0.000000
0.004303 424.000000 205.333298 -0.279062 -0.466589 1.000000
0.014486 405.333313 179.555603 -0.650956 -0.901104 2.000000
0.004303 405.333313 179.555603 -0.000142 -0.001029 2.000000
0.009394 397.333313 170.666702 -0.279062 -0.311401 2.000000
0.001757 389.333313 162.666702 -0.279062 -0.280363 2.000000
-0.000788 389.333313 162.666702 -0.000142 -0.001029 2.000000
0.014486 372.444489 151.111099 -0.588971 -0.404514 2.000000
0.001757 372.444489 151.111099 -0.000142 -0.001029 2.000000
0.001757 362.666687 146.666702 -0.341045 -0.156213 2.000000
0.017032 352.000000 144.888901 -0.372036 -0.063104 2.000000
0.004303 339.555511 144.000000 -0.434019 -0.032066 2.000000
0.019577 312.888885 148.444397 -0.929874 0.154156 2.000000
0.032306 298.666687 152.888901 -0.495999 0.154159 2.000000
0.050126 266.666687 166.222198 -1.115822 0.464528 2.000000
0.055218 244.444397 174.222198 -0.774922 0.278306 3.000000
0.032306 236.444397 176.000000 -0.279062 0.061047 3.000000
0.001757 228.444397 176.888901 -0.279062 0.030009 0.000000
0.034852 209.777802 178.666702 -0.650953 0.061047 0.000000
0.034852 199.111099 179.555603 -0.372037 0.030009 0.000000
-0.000788 187.555603 180.444397 -0.403025 0.030005 0.000000
-0.000788 176.000000 182.222198 -0.403028 0.061047 0.000000
0.014486 164.444397 184.000000 -0.403028 0.061047 0.000000
0.034852 148.444397 188.444397 -0.557982 0.154156 0.000000
0.055218 139.555603 192.000000 -0.310050 0.123122 0.000000
0.037397 136.888901 192.888901 -0.093117 0.030009 0.000000
0.052672 145.777802 192.000000 0.309769 -0.032066 0.000000
0.004303 153.777802 190.222198 0.278778 -0.063104 1.000000
0.014486 162.666702 187.555603 0.309769 -0.094138 2.000000
0.055218 184.000000 181.333298 0.743643 -0.218292 2.000000
0.001757 194.666702 177.777802 0.371752 -0.125175 2.000000
0.017032 205.333298 174.222198 0.371749 -0.125179 2.000000
0.055218 240.000000 166.222198 1.208512 -0.280363 2.000000
0.032306 262.222198 164.444397 0.774635 -0.063104 2.000000
0.001757 262.222198 164.444397 -0.000142 -0.001029 2.000000
0.034852 280.888885 164.444397 0.650672 -0.001029 2.000000
0.037397 294.222198 166.222198 0.464724 0.061047 2.000000
0.001757 299.555511 167.111099 0.185804 0.030009 2.000000
0.004303 304.000000 168.888901 0.154815 0.061047 3.000000
0.024669 308.444489 170.666702 0.154815 0.061047 3.000000
0.024669 315.555511 176.888901 0.247784 0.216231 0.000000
0.039943 323.555511 184.000000 0.278778 0.247268 0.000000
0.050126 333.333313 192.000000 0.340761 0.278306 0.000000
0.009394 337.777802 195.555603 0.154815 0.123122 0.000000
0.022123 344.888885 199.111099 0.247786 0.123118 0.000000
0.047580 346.666687 200.000000 0.061841 0.030009 0.000000
0.047580 344.000000 198.222198 -0.093116 -0.063104 0.000000
0.042489 332.444489 190.222198 -0.403025 -0.280363 0.000000
0.047580 303.111115 169.777802 -1.022850 -0.714882 0.000000
0.011940 291.555511 160.000000 -0.403028 -0.342438 2.000000
0.014486 278.222198 149.333298 -0.465008 -0.373476 2.000000
0.042489 246.222198 128.000000 -1.115822 -0.745920 2.000000
0.037397 212.444397 108.444397 -1.177805 -0.683848 2.000000
0.004303 196.444397 99.555557 -0.557982 -0.311399 2.000000
0.014486 182.222198 91.555557 -0.495999 -0.280363 2.000000
-0.000788 182.222198 91.555557 -0.000142 -0.001029 2.000000
0.039943 147.555603 73.777779 -1.208793 -0.621772 2.000000
0.045035 128.000000 66.666656 -0.681948 -0.249326 2.000000
0.037397 110.222198 64.888893 -0.619965 -0.063102 2.000000
0.055218 92.444443 70.222221 -0.619964 0.185194 0.000000
0.034852 77.333344 79.111107 -0.526991 0.309343 0.000000
0.057763 62.222221 90.666656 -0.526991 0.402455 0.000000
0.037397 54.222221 96.888893 -0.279062 0.216232 0.000000
0.037397 45.333328 102.222198 -0.310053 0.185194 0.000000
-0.000788 45.333328 102.222198 -0.000142 -0.001029 0.000000
0.006849 40.000000 105.777802 -0.186089 0.123122 0.000000
0.014486 33.777779 108.444397 -0.217080 0.092080 0.000000
0.037397 13.333330 118.222198 -0.712938 0.340381 0.000000
0.004303 13.333330 118.222198 -0.000142 -0.001029 0.000000
0.014486 7.111111 120.888901 -0.217080 0.092084 0.000000
0.004303 1.777778 123.555603 -0.186089 0.092084 1.000000
0.004303 -1.777778 125.333298 -0.124107 0.061043 1.000000
0.017032 -5.333333 126.222198 -0.124107 0.030009 2.000000
0.001757 -8.888889 127.111099 -0.124107 0.030009 2.000000
0.011940 -12.444440 127.111099 -0.124106 -0.001029 2.000000
0.001757 -15.111110 127.111099 -0.093116 -0.001029 2.000000
0.014486 -18.666670 127.111099 -0.124107 -0.001029 2.000000
0.004303 -22.222219 128.000000 -0.124106 0.030009 2.000000
0.001757 -22.222219 128.000000 -0.000142 -0.001029 2.000000
0.017032 -29.333330 131.555603 -0.248071 0.123122 2.000000
0.011940 -31.111111 134.222198 -0.062124 0.092080 2.000000
0.022123 -32.888889 136.000000 -0.062124 0.061047 2.000000
0.006849 -32.888889 138.666702 -0.000142 0.092084 2.000000
0.022123 -32.888889 142.222198 -0.000142 0.123118 2.000000
0.019577 -27.555559 148.444397 0.185804 0.216231 2.000000
0.009394 -24.000000 152.888901 0.123822 0.154159 2.000000
0.017032 -20.444441 156.444397 0.123822 0.123118 2.000000
0.009394 -17.777781 161.777802 0.092831 0.185197 0.000000
0.019577 -16.000000 168.888901 0.061840 0.247268 0.000000
0.009394 -15.111110 176.888901 0.030849 0.278306 0.000000
0.019577 -16.000000 195.555603 -0.031133 0.650753 0.000000
0.009394 -16.000000 195.555603 -0.000142 -0.001029 0.000000
0.022123 -16.888889 214.222198 -0.031133 0.650750 0.000000
0.006849 -16.888889 222.222198 -0.000142 0.278306 0.000000
0.019577 -16.888889 228.444397 -0.000142 0.216231 0.000000
0.004303 -16.888889 233.777802 -0.000142 0.185197 0.000000
0.019577 -16.888889 236.444397 -0.000142 0.092080 0.000000
0.050126 -16.000000 237.333298 0.030849 0.030009 0.000000
0.045035 -13.333330 235.555603 0.092831 -0.063100 0.000000
0.042489 -6.222222 224.888901 0.247787 -0.373476 1.000000
0.037397 7.111111 205.333298 0.464724 -0.683848 2.000000
0.001757 15.111110 192.000000 0.278778 -0.466585 2.000000
0.037397 33.777779 154.666702 0.650671 -1.304589 2.000000
0.050126 53.333328 111.111099 0.681662 -1.521852 2.000000
0.050126 72.000000 70.222221 0.650671 -1.428738 2.000000
0.047580 90.666656 35.555561 0.650671 -1.211478 2.000000
0.024669 93.333344 32.000000 0.092832 -0.125177 2.000000
0.060309 94.222221 29.333330 0.030849 -0.094140 2.000000
0.060309 95.111107 32.888889 0.030849 0.123120 0.000000
0.019577 96.000000 38.222221 0.030849 0.185194 0.000000
0.042489 102.222198 59.555561 0.216795 0.743864 0.000000
0.050126 123.555603 104.000000 0.743647 1.550830 0.000000
0.004303 123.555603 104.000000 -0.000142 -0.001029 0.000000
0.022123 142.222198 143.111099 0.650669 1.364607 0.000000
0.009394 151.111099 165.333298 0.309769 0.774900 0.000000
0.027215 159.111099 186.666702 0.278778 0.743866 0.000000
0.009394 169.777802 224.888901 0.371752 1.333569 0.000000
0.022123 173.333298 240.000000 0.123820 0.526603 0.000000
0.017032 176.000000 251.555603 0.092832 0.402456 0.000000
0.001757 177.777802 261.333313 0.061841 0.340378 0.000000
0.006849 179.555603 267.555511 0.061841 0.216231 0.000000
0.011940 181.333298 270.222198 0.061837 0.092084 0.000000
0.006849 184.888901 271.111115 0.123824 0.030010 1.000000
0.017032 188.444397 269.333313 0.123820 -0.063104 1.000000
0.009394 192.888901 263.111115 0.154815 -0.218288 2.000000
0.019577 199.111099 253.333298 0.216795 -0.342439 2.000000
0.039943 211.555603 224.000000 0.433735 -1.025254 2.000000
0.057763 229.333298 160.888901 0.619677 -2.204668 2.000000
0.034852 239.111099 122.666702 0.340761 -1.335626 2.000000
0.037397 249.777802 90.666656 0.371752 -1.118369 2.000000
0.057763 263.111115 61.333328 0.464724 -1.025255 2.000000
0.042489 286.222198 29.333330 0.805626 -1.118367 0.000000
0.037397 298.666687 18.666670 0.433735 -0.373474 0.000000
0.001757 298.666687 18.666670 -0.000142 -0.001029 0.000000
0.001757 304.888885 16.000000 0.216795 -0.094140 0.000000
0.014486 309.333313 14.222220 0.154813 -0.063103 0.000000
0.004303 314.666687 14.222220 0.185806 -0.001029 0.000000
0.014486 320.000000 14.222220 0.185804 -0.001029 0.000000
0.004303 324.444489 16.000000 0.154815 0.061046 0.000000
0.017032 329.777802 20.444441 0.185804 0.154157 0.000000
0.001757 335.111115 27.555559 0.185804 0.247269 0.000000
0.006849 340.444489 35.555561 0.185806 0.278306 0.000000
0.011940 345.777802 44.444439 0.185804 0.309343 0.000000
0.001757 345.777802 44.444439 -0.000142 -0.001029 0.000000
0.017032 353.777802 64.888893 0.278778 0.712827 0.000000
0.001757 353.777802 64.888893 -0.000142 -0.001029 0.000000
0.014486 355.555511 86.222221 0.061838 0.743864 0.000000
0.001757 355.555511 86.222221 -0.000142 -0.001029 0.000000
0.004303 353.777802 98.666656 -0.062122 0.433492 0.000000
0.017032 342.222198 123.555603 -0.403028 0.868014 1.000000
0.034852 335.111115 136.888901 -0.248070 0.464528 1.000000
0.001757 328.888885 151.111099 -0.217080 0.495565 2.000000
0.034852 319.111115 178.666702 -0.341044 0.961126 2.000000
0.032306 312.888885 203.555603 -0.217080 0.868013 2.000000
0.055218 311.111115 222.222198 -0.062124 0.650750 2.000000
0.039943 309.333313 238.222198 -0.062125 0.557641 2.000000
0.060309 308.444489 262.222198 -0.031131 0.836975 2.000000
0.006849 308.444489 270.222198 -0.000142 0.278306 2.000000
0.009394 308.444489 278.222198 -0.000142 0.278306 2.000000
0.034852 308.444489 294.222198 -0.000142 0.557641 3.000000
0.001757 308.444489 294.222198 -0.000142 -0.001029 3.000000
0.037397 309.333313 310.222198 0.030847 0.557641 0.000000
0.042489 310.222198 312.888885 0.030849 0.092084 0.000000
0.047580 316.444489 316.444489 0.216798 0.123122 0.000000
0.047580 328.888885 316.444489 0.433732 -0.001029 0.000000
0.032306 346.666687 312.000000 0.619681 -0.156216 0.000000
0.057763 374.222198 302.222198 0.960581 -0.342438 0.000000
0.034852 383.111115 297.777802 0.309770 -0.156213 0.000000
0.060309 410.666687 277.333313 0.960583 -0.714885 0.000000
0.001757 420.444489 267.555511 0.340761 -0.342438 1.000000
0.017032 430.222198 256.000000 0.340758 -0.404510 2.000000
0.032306 448.888885 232.000000 0.650672 -0.839032 2.000000
0.001757 456.000000 220.444397 0.247787 -0.404514 2.000000
0.034852 461.333313 210.666702 0.185804 -0.342435 2.000000
0.034852 464.000000 194.666702 0.092832 -0.559698 2.000000
0.001757 462.222198 187.555603 -0.062125 -0.249326 2.000000
0.037397 450.666687 173.333298 -0.403025 -0.497626 2.000000
0.050126 434.666687 162.666702 -0.557982 -0.373472 2.000000
0.032306 420.444489 155.555603 -0.495999 -0.249326 2.000000
0.057763 408.000000 157.333298 -0.434019 0.061043 0.000000
0.037397 400.888885 171.555603 -0.248071 0.495569 0.000000
0.052672 390.222198 193.777802 -0.372036 0.774900 0.000000
0.032306 376.000000 222.222198 -0.495999 0.992159 0.000000
0.055218 354.666687 273.777802 -0.743928 1.799129 0.000000
0.037397 346.666687 304.888885 -0.279062 1.085272 0.000000
0.050126 344.000000 328.000000 -0.093116 0.805938 0.000000
0.001757 343.111115 336.888885 -0.031133 0.309343 0.000000
0.011940 343.111115 344.888885 -0.000142 0.278306 0.000000
0.052672 343.111115 361.777802 -0.000142 0.588679 0.000000
0.057763 343.111115 366.222198 -0.000142 0.154156 2.000000
0.034852 343.111115 367.111115 -0.000142 0.030010 2.000000
0.050126 343.111115 366.222198 -0.000142 -0.032067 2.000000
0.001757 344.888885 363.555511 0.061840 -0.094141 2.000000
0.017032 348.444489 358.222198 0.123824 -0.187251 2.000000
0.037397 357.333313 341.333313 0.309767 -0.590735 2.000000
0.057763 367.111115 310.222198 0.340761 -1.087330 2.000000
0.004303 368.000000 300.444489 0.030849 -0.342435 2.000000
0.017032 368.888885 290.666687 0.030849 -0.342438 2.000000
0.050126 368.888885 273.777802 -0.000142 -0.590735 2.000000
0.047580 363.555511 248.888901 -0.186090 -0.870070 0.000000
0.006849 363.555511 248.888901 -0.000142 -0.001029 0.000000
0.019577 359.111115 229.333298 -0.155096 -0.683848 0.000000
0.006849 356.444489 219.555603 -0.093114 -0.342435 0.000000
0.017032 352.888885 209.777802 -0.124108 -0.342438 0.000000
0.047580 344.000000 193.777802 -0.310053 -0.559698 0.000000
0.045035 321.777802 178.666702 -0.774919 -0.528660 0.000000
0.050126 303.111115 170.666702 -0.650956 -0.280363 0.000000
0.042489 284.444489 160.888901 -0.650954 -0.342438 0.000000
0.047580 266.666687 149.333298 -0.619965 -0.404514 0.000000
0.037397 249.777802 134.222198 -0.588973 -0.528660 0.000000
0.011940 240.888901 125.333298 -0.310054 -0.311401 1.000000
0.011940 232.000000 116.444397 -0.310054 -0.311401 1.000000
0.037397 212.444397 97.777779 -0.681948 -0.652808 2.000000
0.057763 179.555603 73.777779 -1.146810 -0.839032 2.000000
0.037397 155.555603 62.222221 -0.836902 -0.404512 2.000000
0.001757 155.555603 62.222221 -0.000142 -0.001029 2.000000
0.034852 131.555603 56.000000 -0.836902 -0.218289 2.000000
0.034852 109.333298 53.333328 -0.774923 -0.094140 2.000000
0.052672 78.222221 58.666672 -1.084830 0.185195 2.000000
0.032306 60.444439 66.666656 -0.619965 0.278306 2.000000
0.001757 54.222221 71.111107 -0.217080 0.154158 3.000000
0.037397 47.111111 77.333344 -0.248071 0.216232 0.000000
0.032306 46.222221 80.000000 -0.031133 0.092083 0.000000
0.017032 46.222221 83.555557 -0.000142 0.123120 0.000000
0.014486 48.000000 88.000000 0.061840 0.154157 0.000000
0.034852 53.333328 92.444443 0.185804 0.154157 0.000000
0.037397 56.888889 93.333344 0.123822 0.030009 0.000000
0.001757 60.444439 94.222221 0.123822 0.030008 0.000000
0.004303 65.777779 96.000000 0.185805 0.061046 0.000000
0.014486 71.111107 96.888893 0.185804 0.030009 0.000000
0.004303 77.333344 99.555557 0.216796 0.092083 0.000000
0.014486 83.555557 102.222198 0.216795 0.092082 0.000000
0.004303 90.666656 106.666702 0.247786 0.154159 0.000000
-0.000788 90.666656 106.666702 -0.000142 -0.001029 0.000000
0.014486 104.888901 119.111099 0.495716 0.433490 0.000000
0.001757 104.888901 119.111099 -0.000142 -0.001029 0.000000
0.014486 119.111099 136.888901 0.495715 0.619716 1.000000
0.001757 119.111099 136.888901 -0.000142 -0.001029 1.000000
0.004303 128.000000 146.666702 0.309769 0.340381 2.000000
0.019577 136.888901 156.444397 0.309769 0.340378 2.000000
0.001757 147.555603 165.333298 0.371752 0.309344 2.000000
0.019577 158.222198 174.222198 0.371749 0.309344 2.000000
0.004303 168.888901 180.444397 0.371752 0.216231 2.000000
0.017032 178.666702 185.777802 0.340761 0.185197 2.000000
0.004303 186.666702 190.222198 0.278778 0.154156 2.000000
0.019577 198.222198 195.555603 0.402740 0.185197 2.000000
0.001757 198.222198 195.555603 -0.000142 -0.001029 2.000000
0.024669 200.888901 198.222198 0.092832 0.092080 2.000000
0.001757 200.888901 198.222198 -0.000142 -0.001029 2.000000
0.017032 197.333298 200.000000 -0.124108 0.061047 2.000000
0.006849 191.111099 200.888901 -0.217079 0.030009 2.000000
0.006849 191.111099 200.888901 -0.000142 -0.001029 2.000000
0.019577 176.888901 200.888901 -0.495999 -0.001029 0.000000
0.004303 168.000000 198.222198 -0.310054 -0.094141 0.000000
0.019577 159.111099 194.666702 -0.310054 -0.125175 0.000000
0.001757 149.333298 190.222198 -0.341045 -0.156217 0.000000
0.017032 139.555603 184.000000 -0.341041 -0.218288 0.000000
0.004303 128.000000 177.777802 -0.403028 -0.218288 0.000000
0.014486 116.444397 171.555603 -0.403028 -0.218288 0.000000
0.062855 80.888893 151.111099 -1.239785 -0.714886 0.000000
0.034852 63.111111 140.444397 -0.619965 -0.373476 0.000000
0.052672 54.222221 136.000000 -0.310053 -0.156213 0.000000
0.032306 53.333328 135.111099 -0.031133 -0.032066 0.000000
0.062855 77.333344 131.555603 0.836618 -0.125175 1.000000
0.047580 107.555603 126.222198 1.053557 -0.187254 2.000000
0.045035 148.444397 119.111099 1.425446 -0.249326 2.000000
0.039943 194.666702 108.444397 1.611398 -0.373476 2.000000
0.014486 239.111099 98.666656 1.549412 -0.342436 2.000000
0.006849 239.111099 98.666656 -0.000142 -0.001029 2.000000
0.052672 288.888885 93.333344 1.735360 -0.187251 2.000000
0.042489 307.555511 99.555557 0.650670 0.216231 2.000000
0.039943 319.111115 114.666702 0.402744 0.526605 2.000000
0.004303 322.666687 126.222198 0.123823 0.402453 3.000000
0.017032 325.333313 139.555603 0.092830 0.464532 0.000000
0.001757 325.333313 139.555603 -0.000142 -0.001029 0.000000
0.011940 327.111115 174.222198 0.061841 1.209419 0.000000
-0.003334 327.111115 174.222198 -0.000142 -0.001029 0.000000
0.001757 326.222198 193.777802 -0.031134 0.681791 0.000000
0.014486 323.555511 214.222198 -0.093116 0.712825 0.000000
0.004303 320.000000 234.666702 -0.124105 0.712829 0.000000
0.014486 314.666687 255.111099 -0.186088 0.712825 0.000000
0.001757 310.222198 275.555511 -0.155099 0.712825 0.000000
0.001757 310.222198 275.555511 -0.000142 -0.001029 0.000000
0.017032 303.111115 310.222198 -0.248070 1.209422 0.000000
0.004303 301.333313 323.555511 -0.062125 0.464528 0.000000
0.022123 300.444489 332.444489 -0.031131 0.309346 0.000000
0.004303 300.444489 338.666687 -0.000142 0.216231 0.000000
0.019577 301.333313 342.222198 0.030847 0.123119 0.000000
0.006849 303.111115 344.000000 0.061841 0.061047 0.000000
0.019577 304.888885 344.000000 0.061840 -0.001029 0.000000
0.006849 308.444489 343.111115 0.123824 -0.032066 0.000000
0.024669 319.111115 329.777802 0.371750 -0.466585 2.000000
0.045035 334.222198 303.111115 0.526706 -0.932145 2.000000
0.057763 360.888885 234.666702 0.929592 -2.390890 2.000000
0.029760 369.777802 206.222198 0.309770 -0.994220 2.000000
0.057763 392.000000 128.888901 0.774635 -2.701262 2.000000
0.034852 402.666687 89.777779 0.371752 -1.366665 2.000000
0.052672 416.000000 59.555561 0.464724 -1.056292 2.000000
0.001757 424.000000 46.222221 0.278778 -0.466586 2.000000
0.014486 440.000000 27.555559 0.557698 -0.652809 0.000000
0.006849 440.000000 27.555559 -0.000142 -0.001029 0.000000
0.011940 447.111115 22.222219 0.247787 -0.187252 0.000000
0.001757 451.555511 19.555559 0.154812 -0.094140 0.000000
0.014486 455.111115 18.666670 0.123824 -0.032066 0.000000
0.004303 457.777802 18.666670 0.092832 -0.001029 0.000000
0.006849 460.444489 22.222219 0.092832 0.123120 0.000000
0.011940 462.222198 29.333330 0.061838 0.247269 0.000000
0.001757 462.222198 29.333330 -0.000142 -0.001029 0.000000
0.011940 463.111115 52.444439 0.030850 0.805938 0.000000
-0.000788 463.111115 52.444439 -0.000142 -0.001029 0.000000
0.001757 463.111115 68.444443 -0.000142 0.557641 0.000000
0.014486 461.333313 85.333344 -0.062125 0.588678 0.000000
-0.000788 458.666687 104.000000 -0.093114 0.650752 0.000000
0.017032 456.000000 122.666702 -0.093116 0.650753 0.000000
0.004303 453.333313 140.444397 -0.093116 0.619712 0.000000
0.006849 449.777802 158.222198 -0.124105 0.619716 3.000000
0.011940 446.222198 176.888901 -0.124108 0.650753 3.000000
0.042489 438.222198 210.666702 -0.279062 1.178385 2.000000
0.004303 434.666687 225.777802 -0.124105 0.526603 2.000000
0.019577 432.000000 238.222198 -0.093116 0.433490 2.000000
0.065400 426.666687 263.111115 -0.186088 0.868013 2.000000
0.042489 425.777802 270.222198 -0.031133 0.247268 2.000000
0.047580 425.777802 272.000000 -0.000142 0.061047 2.000000
0.045035 428.444489 272.000000 0.092832 -0.001029 3.000000
0.045035 431.111115 268.444489 0.092830 -0.125176 0.000000
0.037397 431.111115 258.666687 -0.000142 -0.342438 0.000000
0.037397 424.888885 240.000000 -0.217080 -0.652810 0.000000
0.055218 416.000000 209.777802 -0.310053 -1.056292 0.000000
0.027215 406.222198 170.666702 -0.341045 -1.366664 0.000000
-0.000788 402.666687 151.111099 -0.124105 -0.683848 0.000000
0.032306 397.333313 131.555603 -0.186090 -0.683844 0.000000
0.034852 384.000000 97.777779 -0.465008 -1.180443 0.000000
0.001757 374.222198 84.444443 -0.341045 -0.466586 0.000000
0.037397 350.222198 65.777779 -0.836902 -0.652809 2.000000
0.052672 321.777802 56.000000 -0.991856 -0.342438 2.000000
0.045035 299.555511 52.444439 -0.774922 -0.125177 2.000000
0.034852 284.444489 55.111111 -0.526988 0.092083 2.000000
0.052672 271.111115 79.111107 -0.465010 0.836975 2.000000
0.039943 265.777802 112.000000 -0.186088 1.147347 2.000000
0.060309 261.333313 174.222198 -0.155099 2.171573 2.000000
0.034852 260.444489 213.333298 -0.031131 1.364607 0.000000
0.006849 260.444489 213.333298 -0.000142 -0.001029 0.000000
0.027215 261.333313 244.444397 0.030847 1.085272 0.000000
0.034852 264.888885 268.444489 0.123823 0.836978 0.000000
0.055218 266.666687 287.111115 0.061841 0.650751 0.000000
0.034852 266.666687 299.555511 -0.000142 0.433490 0.000000
0.055218 262.222198 308.444489 -0.155099 0.309346 0.000000
0.029760 259.555511 309.333313 -0.093116 0.030006 0.000000
0.055218 260.444489 303.111115 0.030852 -0.218288 0.000000
0.039943 270.222198 281.777802 0.340758 -0.745920 2.000000
0.060309 306.666687 227.555603 1.270495 -1.894296 2.000000
0.027215 338.666687 192.888901 1.115538 -1.211480 2.000000
-0.000788 338.666687 192.888901 -0.000142 -0.001029 2.000000
0.032306 368.000000 170.666702 1.022564 -0.776957 2.000000
0.001757 380.444489 162.666702 0.433735 -0.280363 2.000000
0.034852 402.666687 151.111099 0.774635 -0.404514 2.000000
0.037397 413.333313 144.888901 0.371750 -0.218288 2.000000
0.001757 424.000000 139.555603 0.371752 -0.187250 2.000000
0.014486 436.444489 134.222198 0.433735 -0.187254 2.000000
0.001757 448.000000 128.888901 0.402741 -0.187250 2.000000
0.017032 467.555511 122.666702 0.681661 -0.218288 0.000000
0.006849 467.555511 122.666702 -0.000142 -0.001029 0.000000
0.034852 480.888885 120.888901 0.464726 -0.063104 0.000000
0.037397 489.777802 120.888901 0.309770 -0.001029 0.000000
0.057763 496.000000 123.555603 0.216795 0.092084 0.000000
0.037397 498.666687 124.444397 0.092832 0.030005 0.000000
0.039943 498.666687 124.444397 -0.000142 -0.001029 0.000000
0.037397 498.666687 124.444397 -0.000142 -0.001029 0.000000
0.004303 497.777802 124.444397 -0.031133 -0.001029 0.000000
0.017032 494.222198 125.333298 -0.124108 0.030009 2.000000
0.004303 494.222198 125.333298 -0.000142 -0.001029 2.000000
0.037397 472.000000 133.333298 -0.774919 0.278306 2.000000
0.052672 452.444489 144.000000 -0.681945 0.371419 2.000000
0.039943 428.444489 155.555603 -0.836902 0.402456 2.000000
0.045035 401.777802 168.888901 -0.929876 0.464528 2.000000
0.045035 366.222198 185.777802 -1.239788 0.588678 2.000000
0.042489 296.888885 221.333298 -2.417448 1.240456 2.000000
0.042489 256.000000 248.000000 -1.425733 0.930088 3.000000
0.042489 226.666702 274.666687 -1.022848 0.930087 0.000000
0.004303 216.000000 286.222198 -0.372037 0.402453 0.000000
0.042489 198.222198 307.555511 -0.619965 0.743863 0.000000
0.014486 190.222198 315.555511 -0.279062 0.278306 0.000000
0.009394 182.222198 322.666687 -0.279062 0.247271 0.000000
0.017032 174.222198 329.777802 -0.279062 0.247269 0.000000
0.006849 166.222198 336.888885 -0.279062 0.247268 0.000000
0.037397 152.000000 349.333313 -0.495999 0.433491 0.000000
0.042489 140.444397 357.333313 -0.403028 0.278306 0.000000
0.062855 130.666702 364.444489 -0.341041 0.247271 0.000000
-0.000788 130.666702 364.444489 -0.000142 -0.001029 0.000000
0.017032 126.222198 365.333313 -0.155100 0.030006 2.000000
0.052672 118.222198 365.333313 -0.279062 -0.001029 2.000000
0.032306 108.444397 364.444489 -0.341045 -0.032063 2.000000
0.039943 96.000000 361.777802 -0.434016 -0.094141 2.000000
0.004303 89.777779 360.000000 -0.217080 -0.063104 2.000000
0.045035 76.444443 354.666687 -0.465009 -0.187251 2.000000
0.037397 66.666656 344.000000 -0.341045 -0.373475 2.000000
0.029760 58.666672 326.222198 -0.279062 -0.621773 2.000000
0.062855 56.000000 283.555511 -0.093116 -1.490814 0.000000
0.039943 56.000000 253.333298 -0.000142 -1.056292 0.000000
0.047580 60.444439 220.444397 0.154813 -1.149405 0.000000
0.045035 64.000000 184.888901 0.123822 -1.242514 0.000000
0.017032 64.888893 152.888901 0.030849 -1.118367 0.000000
0.006849 64.888893 152.888901 -0.000142 -0.001029 0.000000
0.017032 64.000000 128.000000 -0.031133 -0.870070 0.000000
0.006849 64.000000 128.000000 -0.000142 -0.001029 0.000000
0.017032 62.222221 112.000000 -0.062124 -0.559698 0.000000
0.009394 61.333328 105.777802 -0.031133 -0.218288 0.000000
0.017032 61.333328 101.333298 -0.000142 -0.156217 0.000000
0.009394 62.222221 97.777779 0.030849 -0.125176 0.000000
0.006849 62.222221 95.111107 -0.000142 -0.094140 1.000000
0.019577 63.111111 94.222221 0.030849 -0.032066 1.000000
0.004303 63.111111 93.333344 -0.000142 -0.032065 1.000000
0.019577 63.111111 92.444443 -0.000142 -0.032066 2.000000
0.006849 63.111111 92.444443 -0.000142 -0.001029 2.000000
0.019577 65.777779 99.555557 0.092831 0.247269 2.000000
0.039943 70.222221 111.111099 0.154813 0.402454 2.000000
0.065400 80.000000 125.333298 0.340760 0.495565 2.000000
0.032306 89.777779 144.000000 0.340760 0.650753 2.000000
0.034852 93.333344 168.000000 0.123823 0.836975 2.000000
0.057763 85.333344 207.111099 -0.279062 1.364607 0.000000
0.039943 76.444443 226.666702 -0.310054 0.681791 0.000000
0.060309 68.444443 240.888901 -0.279062 0.495565 0.000000
0.029760 57.777779 257.777802 -0.372035 0.588678 0.000000
0.037397 41.777779 284.444489 -0.557982 0.930087 0.000000
0.004303 31.111111 300.444489 -0.372036 0.557641 0.000000
0.014486 21.333330 316.444489 -0.341044 0.557641 0.000000
0.001757 13.333330 331.555511 -0.279062 0.526600 0.000000
0.034852 7.111111 353.777802 -0.217080 0.774903 0.000000
0.060309 23.111111 361.777802 0.557698 0.278306 0.000000
0.019577 35.555561 356.444489 0.433734 -0.187251 1.000000
0.001757 35.555561 356.444489 -0.000142 -0.001029 1.000000
0.037397 86.222221 320.000000 1.766351 -1.273554 2.000000
0.001757 86.222221 320.000000 -0.000142 -0.001029 2.000000
0.017032 129.777802 288.888885 1.518423 -1.087330 2.000000
0.004303 129.777802 288.888885 -0.000142 -0.001029 2.000000
0.017032 176.000000 258.666687 1.611395 -1.056292 2.000000
0.004303 176.000000 258.666687 -0.000142 -0.001029 2.000000
0.001757 199.111099 246.222198 0.805626 -0.435551 2.000000
0.017032 220.444397 236.444397 0.743643 -0.342438 2.000000
0.006849 241.777802 227.555603 0.743647 -0.311397 2.000000
0.014486 261.333313 221.333298 0.681661 -0.218292 2.000000
0.004303 279.111115 216.888901 0.619681 -0.156213 2.000000
0.017032 306.666687 214.222198 0.960583 -0.094141 2.000000
0.001757 306.666687 214.222198 -0.000142 -0.001029 2.000000
0.019577 317.333313 215.111099 0.371750 0.030009 2.000000
0.004303 326.222198 218.666702 0.309769 0.123122 2.000000
0.014486 336.888885 227.555603 0.371752 0.309344 0.000000
0.009394 336.888885 227.555603 -0.000142 -0.001029 0.000000
0.037397 339.555511 238.222198 0.092830 0.371415 0.000000
0.050126 320.888885 256.000000 -0.650954 0.619716 0.000000
0.047580 300.444489 263.111115 -0.712936 0.247269 0.000000
0.050126 279.111115 263.111115 -0.743930 -0.001029 0.000000
0.032306 258.666687 253.333298 -0.712937 -0.342439 0.000000
0.047580 243.555603 232.000000 -0.526990 -0.745920 0.000000
-0.000788 240.000000 217.777802 -0.124108 -0.497623 0.000000
0.011940 237.333298 184.888901 -0.093117 -1.149405 2.000000
0.006849 237.333298 184.888901 -0.000142 -0.001029 2.000000
0.024669 237.333298 151.111099 -0.000142 -1.180442 2.000000
0.050126 237.333298 125.333298 -0.000142 -0.901108 2.000000
0.052672 232.888901 108.444397 -0.155096 -0.590735 2.000000
0.039943 227.555603 96.888893 -0.186088 -0.404510 2.000000
0.050126 231.111099 92.444443 0.123820 -0.156215 2.000000
0.014486 237.333298 89.777779 0.216795 -0.094140 3.000000
0.001757 247.111099 86.222221 0.340761 -0.125177 3.000000
-0.000788 247.111099 86.222221 -0.000142 -0.001029 3.000000
0.017032 271.111115 81.777779 0.836618 -0.156214 3.000000
-0.000788 283.555511 81.777779 0.433732 -0.001029 0.000000
0.004303 283.555511 81.777779 -0.000142 -0.001029 0.000000
0.011940 295.111115 81.777779 0.402744 -0.001029 0.000000
-0.000788 307.555511 84.444443 0.433732 0.092083 0.000000
-0.000788 307.555511 84.444443 -0.000142 -0.001029 0.000000
0.011940 331.555511 92.444443 0.836618 0.278306 0.000000
-0.000788 331.555511 92.444443 -0.000142 -0.001029 0.000000
0.011940 344.000000 97.777779 0.433735 0.185195 0.000000
-0.000788 355.555511 103.111099 0.402741 0.185194 0.000000
0.001757 355.555511 103.111099 -0.000142 -0.001029 0.000000
0.011940 376.888885 112.888901 0.743646 0.340381 0.000000
0.001757 376.888885 112.888901 -0.000142 -0.001029 0.000000
0.001757 385.777802 115.555603 0.309770 0.092084 0.000000
0.014486 393.777802 116.444397 0.278778 0.030005 0.000000
0.001757 400.888885 117.333298 0.247786 0.030009 0.000000
0.017032 408.000000 117.333298 0.247787 -0.001029 0.000000
0.006849 415.111115 115.555603 0.247787 -0.063100 2.000000
0.004303 422.222198 112.000000 0.247786 -0.125179 2.000000
0.009394 429.333313 107.555603 0.247787 -0.156213 2.000000
0.001757 436.444489 103.111099 0.247789 -0.156217 2.000000
0.011940 441.777802 98.666656 0.185804 -0.156214 2.000000
-0.000788 441.777802 98.666656 -0.000142 -0.001029 2.000000
0.014486 447.111115 95.111107 0.185804 -0.125177 2.000000
0.001757 450.666687 92.444443 0.123823 -0.094140 2.000000
0.004303 452.444489 90.666656 0.061841 -0.063103 2.000000
0.011940 453.333313 89.777779 0.030847 -0.032065 2.000000
0.004303 453.333313 88.000000 -0.000142 -0.063103 2.000000
0.001757 453.333313 88.000000 -0.000142 -0.001029 2.000000
0.014486 452.444489 83.555557 -0.031131 -0.156214 2.000000
0.004303 452.444489 83.555557 -0.000142 -0.001029 2.000000
0.011940 447.111115 76.444443 -0.186090 -0.249326 1.000000
0.001757 447.111115 76.444443 -0.000142 -0.001029 1.000000
0.014486 439.111115 64.888893 -0.279062 -0.404512 0.000000
-0.000788 439.111115 64.888893 -0.000142 -0.001029 0.000000
0.052672 427.555511 49.777779 -0.403028 -0.528661 0.000000
0.060309 397.333313 30.222219 -1.053839 -0.683847 0.000000
0.032306 366.222198 24.888889 -1.084831 -0.187251 0.000000
0.034852 331.555511 28.444441 -1.208796 0.123120 0.000000
0.057763 290.666687 48.888889 -1.425731 0.712827 1.000000
0.034852 280.888885 58.666672 -0.341045 0.340381 1.000000
0.039943 254.222198 94.222221 -0.929876 1.240458 2.000000
0.004303 254.222198 94.222221 -0.000142 -0.001029 2.000000
0.032306 237.333298 120.888901 -0.588974 0.930087 2.000000
0.057763 220.444397 152.888901 -0.588974 1.116310 2.000000
0.037397 219.555603 170.666702 -0.031130 0.619716 2.000000
0.039943 223.111099 190.222198 0.123820 0.681787 2.000000
0.037397 227.555603 209.777802 0.154815 0.681791 1.000000
0.004303 227.555603 209.777802 -0.000142 -0.001029 1.000000
0.011940 232.000000 228.444397 0.154812 0.650750 0.000000
0.004303 232.000000 228.444397 -0.000142 -0.001029 0.000000
0.047580 233.777802 254.222198 0.061841 0.899050 0.000000
0.034852 232.888901 261.333313 -0.031134 0.247269 0.000000
0.001757 230.222198 269.333313 -0.093117 0.278306 0.000000
0.017032 222.222198 286.222198 -0.279062 0.588678 0.000000
0.001757 222.222198 286.222198 -0.000142 -0.001029 0.000000
0.037397 211.555603 304.888885 -0.372033 0.650753 0.000000
0.055218 188.444397 328.000000 -0.805914 0.805938 0.000000
0.034852 172.444397 336.000000 -0.557982 0.278306 1.000000
0.057763 160.888901 336.888885 -0.403025 0.030009 1.000000
0.014486 155.555603 332.444489 -0.186088 -0.156213 2.000000
0.004303 152.000000 324.444489 -0.124108 -0.280363 2.000000
0.034852 144.888901 301.333313 -0.248071 -0.807997 2.000000
0.004303 140.444397 285.333313 -0.155100 -0.559698 2.000000
0.037397 131.555603 250.666702 -0.310050 -1.211476 2.000000
0.014486 125.333298 232.888901 -0.217083 -0.621773 2.000000
0.001757 118.222198 215.111099 -0.248071 -0.621773 2.000000
0.014486 111.111099 198.222198 -0.248071 -0.590735 2.000000
0.004303 103.111099 183.111099 -0.279062 -0.528660 2.000000
0.060309 88.888893 161.777802 -0.495999 -0.745920 2.000000
0.014486 76.444443 149.333298 -0.434018 -0.435551 0.000000
0.004303 76.444443 149.333298 -0.000142 -0.001029 0.000000
0.052672 60.444439 145.777802 -0.557982 -0.125175 0.000000
0.042489 47.111111 149.333298 -0.465009 0.123118 0.000000
0.055218 26.666670 157.333298 -0.712938 0.278306 0.000000
0.045035 14.222220 163.555603 -0.434018 0.216235 0.000000
0.032306 5.333333 167.111099 -0.310053 0.123118 0.000000
0.017032 3.555556 168.000000 -0.062124 0.030009 0.000000
0.001757 2.666667 168.000000 -0.031133 -0.001029 2.000000
0.042489 5.333333 161.777802 0.092831 -0.218288 2.000000
0.009394 11.555560 153.777802 0.216796 -0.280363 2.000000
0.011940 20.444441 144.000000 0.309769 -0.342438 2.000000
0.004303 20.444441 144.000000 -0.000142 -0.001029 2.000000
0.037397 45.333328 120.000000 0.867609 -0.839032 2.000000
0.032306 74.666656 95.111107 1.022564 -0.870070 2.000000
0.057763 114.666702 67.555557 1.394459 -0.963181 2.000000
0.019577 126.222198 61.333328 0.402740 -0.218289 1.000000
0.006849 136.888901 56.000000 0.371752 -0.187251 1.000000
0.014486 147.555603 52.444439 0.371752 -0.125177 0.000000
0.004303 157.333298 49.777779 0.340757 -0.094140 0.000000
0.055218 178.666702 52.444439 0.743647 0.092083 0.000000
0.034852 183.111099 59.555561 0.154812 0.247269 0.000000
0.034852 194.666702 94.222221 0.402744 1.209421 0.000000
0.001757 194.666702 94.222221 -0.000142 -0.001029 0.000000
0.037397 199.111099 118.222198 0.154812 0.836974 0.000000
0.057763 203.555603 144.888901 0.154815 0.930088 0.000000
0.017032 205.333298 152.888901 0.061837 0.278306 2.000000
0.004303 205.333298 152.888901 -0.000142 -0.001029 2.000000
-0.000788 208.000000 159.111099 0.092832 0.216231 2.000000
0.029760 214.222198 171.555603 0.216795 0.433494 2.000000
0.034852 222.222198 180.444397 0.278778 0.309340 2.000000
0.050126 231.111099 185.777802 0.309769 0.185197 2.000000
0.014486 236.444397 185.777802 0.185803 -0.001029 2.000000
0.022123 248.888901 185.777802 0.433735 -0.001029 2.000000
0.034852 264.888885 178.666702 0.557697 -0.249326 2.000000
0.014486 273.777802 173.333298 0.309770 -0.187254 1.000000
0.001757 281.777802 167.111099 0.278778 -0.218288 1.000000
0.001757 281.777802 167.111099 -0.000142 -0.001029 0.000000
0.032306 300.444489 151.111099 0.650672 -0.559698 0.000000
0.042489 320.888885 130.666702 0.712652 -0.714882 0.000000
0.034852 343.111115 111.111099 0.774636 -0.683848 0.000000
0.004303 352.888885 103.111099 0.340760 -0.280363 0.000000
0.032306 370.666687 92.444443 0.619681 -0.373474 0.000000
0.055218 387.555511 86.222221 0.588687 -0.218289 0.000000
0.034852 401.777802 82.666656 0.495718 -0.125178 0.000000
-0.000788 406.222198 81.777779 0.154812 -0.032065 1.000000
0.034852 412.444489 81.777779 0.216798 -0.001029 1.000000
0.032306 413.333313 85.333344 0.030847 0.123120 2.000000
0.006849 413.333313 92.444443 -0.000142 0.247268 2.000000
0.034852 408.000000 113.777802 -0.186088 0.743865 2.000000
0.014486 401.777802 127.111099 -0.217079 0.464528 2.000000
0.006849 393.777802 143.111099 -0.279062 0.557641 2.000000
0.017032 378.666687 176.888901 -0.526991 1.178385 2.000000
0.004303 378.666687 176.888901 -0.000142 -0.001029 2.000000
0.042489 368.888885 208.000000 -0.341045 1.085272 2.000000
0.062855 359.111115 241.777802 -0.341044 1.178385 2.000000
0.017032 352.888885 256.000000 -0.217080 0.495565 1.000000
0.006849 352.888885 256.000000 -0.000142 -0.001029 1.000000
0.011940 344.888885 262.222198 -0.279062 0.216231 0.000000
0.004303 344.888885 262.222198 -0.000142 -0.001029 0.000000
0.037397 335.111115 263.111115 -0.341044 0.030010 0.000000
0.065400 320.000000 243.555603 -0.526991 -0.683845 0.000000
0.032306 309.333313 215.111099 -0.372036 -0.994220 0.000000
0.052672 292.444489 176.888901 -0.588971 -1.335626 0.000000
0.029760 266.666687 135.111099 -0.898885 -1.459777 3.000000
0.004303 250.666702 114.666702 -0.557982 -0.714882 2.000000
0.034852 220.444397 77.333344 -1.053843 -1.304591 2.000000
0.032306 207.111099 61.333328 -0.465008 -0.559698 2.000000
0.006849 195.555603 49.777779 -0.403025 -0.404512 2.000000
0.022123 177.777802 35.555561 -0.619965 -0.497623 2.000000
0.039943 169.777802 31.111111 -0.279062 -0.156215 2.000000
0.004303 168.888901 30.222219 -0.031134 -0.032066 2.000000
0.039943 172.444397 31.111111 0.123820 0.030009 2.000000
0.045035 188.444397 36.444439 0.557698 0.185194 1.000000
0.045035 213.333298 45.333328 0.867609 0.309343 0.000000
0.039943 242.666702 60.444439 1.022567 0.526603 0.000000
0.042489 270.222198 88.888893 0.960580 0.992161 0.000000
0.039943 290.666687 125.333298 0.712655 1.271494 0.000000
0.042489 305.777802 178.666702 0.526707 1.861205 0.000000
0.006849 305.777802 178.666702 -0.000142 -0.001029 0.000000
0.019577 306.666687 208.888901 0.030849 1.054235 0.000000
0.004303 304.888885 224.000000 -0.062125 0.526603 0.000000
0.014486 301.333313 239.111099 -0.124107 0.526603 0.000000
0.004303 301.333313 239.111099 -0.000142 -0.001029 0.000000
0.011940 292.444489 267.555511 -0.310051 0.992160 0.000000
0.001757 292.444489 267.555511 -0.000142 -0.001029 0.000000
0.019577 284.444489 291.555511 -0.279062 0.836975 2.000000
0.001757 284.444489 291.555511 -0.000142 -0.001029 2.000000
0.001757 280.888885 301.333313 -0.124108 0.340381 2.000000
0.014486 278.222198 308.444489 -0.093116 0.247271 2.000000
0.001757 276.444489 314.666687 -0.062122 0.216231 2.000000
0.017032 274.666687 318.222198 -0.062125 0.123119 2.000000
-0.000788 273.777802 320.000000 -0.031133 0.061047 2.000000
0.004303 273.777802 320.000000 -0.000142 -0.001029 2.000000
0.011940 271.111115 321.777802 -0.093116 0.061047 2.000000
0.009394 269.333313 321.777802 -0.062125 -0.001029 2.000000
0.034852 266.666687 321.777802 -0.093114 -0.001029 2.000000
0.019577 257.777802 318.222198 -0.310053 -0.125179 3.000000
0.011940 251.555603 315.555511 -0.217079 -0.094141 3.000000
0.019577 245.333298 310.222198 -0.217083 -0.187251 0.000000
0.006849 238.222198 303.111115 -0.248071 -0.249325 0.000000
0.045035 224.888901 280.888885 -0.465008 -0.776958 0.000000
0.037397 208.888901 250.666702 -0.557982 -1.056291 0.000000
0.065400 175.111099 206.222198 -1.177805 -1.552889 0.000000
0.019577 143.111099 186.666702 -1.115822 -0.683844 0.000000
0.004303 143.111099 186.666702 -0.000142 -0.001029 0.000000
0.017032 111.111099 176.000000 -1.115822 -0.373476 0.000000
0.006849 111.111099 176.000000 -0.000142 -0.001029 0.000000
0.019577 89.777779 172.444397 -0.743928 -0.125179 1.000000
0.004303 89.777779 172.444397 -0.000142 -0.001029 1.000000
0.014486 79.111107 172.444397 -0.372036 -0.001029 1.000000
0.004303 79.111107 172.444397 -0.000142 -0.001029 1.000000
0.011940 76.444443 172.444397 -0.093115 -0.001029 2.000000
-0.000788 76.444443 172.444397 -0.000142 -0.001029 2.000000
0.004303 76.444443 174.222198 -0.000142 0.061047 2.000000
0.011940 76.444443 175.111099 -0.000142 0.030009 2.000000
0.004303 79.111107 176.000000 0.092831 0.030009 2.000000
0.017032 81.777779 177.777802 0.092831 0.061047 2.000000
0.004303 85.333344 177.777802 0.123823 -0.001029 2.000000
0.006849 89.777779 177.777802 0.154813 -0.001029 2.000000
0.014486 95.111107 177.777802 0.185804 -0.001029 2.000000
0.004303 100.444397 177.777802 0.185803 -0.001029 2.000000
0.037397 112.000000 175.111099 0.402744 -0.094141 2.000000
0.034852 122.666702 169.777802 0.371752 -0.187250 2.000000
0.045035 128.000000 167.111099 0.185803 -0.094141 0.000000
0.060309 128.000000 168.888901 -0.000142 0.061047 0.000000
0.042489 120.888901 191.111099 -0.248071 0.774900 0.000000
0.050126 118.222198 213.333298 -0.093117 0.774900 0.000000
0.039943 119.111099 240.888901 0.030849 0.961126 0.000000
0.037397 120.000000 275.555511 0.030849 1.209419 0.000000
0.057763 117.333298 328.888885 -0.093117 1.861203 1.000000
0.037397 113.777802 355.555511 -0.124105 0.930085 1.000000
0.014486 112.888901 365.333313 -0.031134 0.340381 2.000000
0.001757 112.888901 373.333313 -0.000142 0.278306 2.000000
-0.003334 112.888901 373.333313 -0.000142 -0.001029 2.000000
0.034852 115.555603 380.444489 0.092832 0.247271 2.000000
0.050126 122.666702 380.444489 0.247786 -0.001029 2.000000
0.014486 127.111099 376.000000 0.154812 -0.156216 2.000000
-0.000788 132.444397 369.777802 0.185803 -0.218288 2.000000
-0.000788 137.777802 360.000000 0.185807 -0.342438 2.000000
0.037397 148.444397 333.333313 0.371749 -0.932145 2.000000
0.042489 158.222198 295.111115 0.340761 -1.335626 2.000000
0.009394 163.555603 273.777802 0.185807 -0.745920 0.000000
0.019577 169.777802 252.444397 0.216795 -0.745923 0.000000
0.050126 190.222198 203.555603 0.712652 -1.708070 0.000000
0.050126 207.111099 183.111099 0.588689 -0.714886 0.000000
0.029760 225.777802 167.111099 0.650672 -0.559698 0.000000
0.052672 246.222198 152.888901 0.712652 -0.497623 0.000000
0.014486 263.111115 137.777802 0.588690 -0.528660 0.000000
-0.000788 263.111115 137.777802 -0.000142 -0.001029 0.000000
0.057763 280.000000 123.555603 0.588689 -0.497623 1.000000
0.045035 285.333313 121.777802 0.185804 -0.063104 1.000000
0.014486 286.222198 126.222198 0.030849 0.154156 2.000000
0.001757 287.111115 134.222198 0.030850 0.278306 2.000000
0.042489 288.000000 162.666702 0.030849 0.992163 2.000000
0.052672 290.666687 196.444397 0.092832 1.178381 2.000000
0.050126 299.555511 238.222198 0.309767 1.457720 2.000000
0.011940 303.111115 249.777802 0.123824 0.402456 2.000000
0.001757 305.777802 260.444489 0.092832 0.371418 2.000000
0.042489 309.333313 277.333313 0.123821 0.588676 3.000000
0.047580 310.222198 287.111115 0.030849 0.340381 0.000000
0.055218 310.222198 290.666687 -0.000142 0.123121 0.000000
0.034852 310.222198 289.777802 -0.000142 -0.032066 0.000000
0.060309 310.222198 263.111115 -0.000142 -0.932145 0.000000
0.042489 316.444489 222.222198 0.216798 -1.428740 0.000000
0.042489 332.444489 141.333298 0.557698 -2.825412 0.000000
0.014486 337.777802 114.666702 0.185804 -0.932141 1.000000
0.006849 337.777802 114.666702 -0.000142 -0.001029 1.000000
0.017032 345.777802 72.000000 0.278778 -1.490814 2.000000
0.006849 347.555511 56.888889 0.061838 -0.528661 2.000000
0.055218 347.555511 40.000000 -0.000142 -0.590735 2.000000
0.034852 344.000000 34.666672 -0.124105 -0.187251 2.000000
0.042489 336.888885 39.111111 -0.248071 0.154157 2.000000
0.055218 316.444489 83.555557 -0.712936 1.550830 2.000000
0.050126 300.444489 130.666702 -0.557982 1.643943 2.000000
0.037397 285.333313 180.444397 -0.526993 1.737050 2.000000
0.017032 270.222198 229.333298 -0.526991 1.706017 0.000000
0.006849 270.222198 229.333298 -0.000142 -0.001029 0.000000
-0.000788 262.222198 251.555603 -0.279062 0.774904 0.000000
0.014486 255.111099 271.111115 -0.248071 0.681788 0.000000
0.004303 248.000000 288.000000 -0.248071 0.588678 0.000000
0.037397 237.333298 308.444489 -0.372037 0.712828 0.000000
0.050126 234.666702 312.888885 -0.093113 0.154156 0.000000
0.032306 243.555603 298.666687 0.309769 -0.497623 0.000000
0.055218 265.777802 261.333313 0.774635 -1.304591 0.000000
0.034852 298.666687 206.222198 1.146529 -1.925334 0.000000
0.004303 318.222198 176.000000 0.681661 -1.056292 1.000000
0.034852 357.333313 122.666702 1.363467 -1.863258 1.000000
0.017032 387.555511 92.444443 1.053555 -1.056294 2.000000
0.004303 387.555511 92.444443 -0.000142 -0.001029 2.000000
0.055218 408.000000 80.000000 0.712655 -0.435549 2.000000
0.014486 408.888885 79.111107 0.030849 -0.032066 2.000000
0.004303 408.888885 79.111107 -0.000142 -0.001029 2.000000
0.014486 406.222198 80.000000 -0.093116 0.030009 2.000000
0.004303 399.111115 83.555557 -0.248070 0.123120 2.000000
0.014486 387.555511 88.000000 -0.403028 0.154157 2.000000
0.004303 387.555511 88.000000 -0.000142 -0.001029 2.000000
0.001757 373.333313 92.444443 -0.495999 0.154157 2.000000
0.014486 336.888885 104.000000 -1.270777 0.402455 2.000000
0.001757 336.888885 104.000000 -0.000142 -0.001029 2.000000
0.014486 315.555511 110.222198 -0.743930 0.216231 2.000000
0.004303 291.555511 119.111099 -0.836902 0.309344 2.000000
0.004303 265.777802 128.888901 -0.898882 0.340381 0.000000
0.014486 240.888901 140.444397 -0.867894 0.402453 0.000000
0.006849 216.888901 153.777802 -0.836902 0.464532 0.000000
0.017032 194.666702 168.000000 -0.774919 0.495565 0.000000
0.009394 175.111099 182.222198 -0.681948 0.495565 0.000000
0.017032 156.444397 196.444397 -0.650957 0.495565 0.000000
0.001757 138.666702 208.888901 -0.619962 0.433494 0.000000
0.037397 109.333298 227.555603 -1.022851 0.650753 0.000000
0.060309 77.333344 242.666702 -1.115821 0.526603 0.000000
0.014486 69.333344 245.333298 -0.279062 0.092080 0.000000
0.004303 63.111111 247.111099 -0.217080 0.061047 0.000000
0.039943 56.000000 248.888901 -0.248071 0.061047 1.000000
0.060309 54.222221 249.777802 -0.062124 0.030009 2.000000
0.032306 54.222221 249.777802 -0.000142 -0.001029 2.000000
0.011940 54.222221 248.000000 -0.000142 -0.063104 2.000000
0.001757 54.222221 248.000000 -0.000142 -0.001029 2.000000
0.004303 53.333328 244.444397 -0.031133 -0.125179 2.000000
0.037397 53.333328 229.333298 -0.000142 -0.528660 2.000000
0.045035 57.777779 205.333298 0.154814 -0.839032 2.000000
0.034852 70.222221 171.555603 0.433733 -1.180438 2.000000
0.060309 103.111099 121.777802 1.146529 -1.739111 2.000000
0.037397 124.444397 97.777779 0.743643 -0.839033 0.000000
0.062855 142.222198 80.000000 0.619681 -0.621772 0.000000
0.037397 159.111099 67.555557 0.588689 -0.435549 0.000000
0.032306 176.000000 62.222221 0.588689 -0.187252 0.000000
0.052672 201.777802 68.444443 0.898601 0.216232 0.000000
0.052672 217.777802 77.333344 0.557698 0.309344 0.000000
0.034852 226.666702 86.222221 0.309769 0.309343 0.000000
0.014486 229.333298 89.777779 0.092829 0.123120 0.000000
0.006849 231.111099 91.555557 0.061841 0.061046 0.000000
0.011940 232.000000 93.333344 0.030849 0.061046 1.000000
0.032306 238.222198 95.111107 0.216795 0.061045 2.000000
0.039943 248.888901 95.111107 0.371752 -0.001029 2.000000
0.014486 255.111099 95.111107 0.216795 -0.001029 2.000000
0.009394 259.555511 95.111107 0.154812 -0.001029 2.000000
0.039943 263.111115 94.222221 0.123824 -0.032066 2.000000
0.055218 258.666687 92.444443 -0.155097 -0.063103 2.000000
0.037397 245.333298 88.000000 -0.465011 -0.156214 2.000000
0.037397 225.777802 82.666656 -0.681944 -0.187252 2.000000
0.017032 216.888901 80.888893 -0.310054 -0.063102 0.000000
0.006849 208.000000 78.222221 -0.310054 -0.094140 0.000000
0.057763 195.555603 74.666656 -0.434016 -0.125178 0.000000
0.045035 201.777802 70.222221 0.216795 -0.156214 0.000000
0.034852 228.444397 59.555561 0.929589 -0.373474 0.000000
0.050126 273.777802 45.333328 1.580407 -0.497624 0.000000
0.014486 298.666687 39.111111 0.867609 -0.218289 0.000000
-0.000788 321.777802 33.777779 0.805627 -0.187252 0.000000
0.004303 340.444489 29.333330 0.650672 -0.156215 0.000000
0.032306 354.666687 27.555559 0.495715 -0.063103 0.000000
0.014486 367.111115 26.666670 0.433733 -0.032066 1.000000
0.019577 368.888885 27.555559 0.061840 0.030009 1.000000
0.032306 366.222198 33.777779 -0.093116 0.216232 2.000000
0.055218 350.222198 44.444439 -0.557982 0.371417 2.000000
0.034852 327.111115 58.666672 -0.805910 0.495567 2.000000
0.055218 291.555511 82.666656 -1.239788 0.836975 2.000000
0.032306 276.444489 96.000000 -0.526988 0.464529 2.000000
0.004303 276.444489 96.000000 -0.000142 -0.001029 2.000000
0.034852 272.000000 106.666702 -0.155099 0.371419 2.000000
0.037397 272.000000 116.444397 -0.000142 0.340378 2.000000
0.014486 273.777802 121.777802 0.061841 0.185197 3.000000
0.004303 276.444489 128.000000 0.092832 0.216231 3.000000
0.006849 279.111115 134.222198 0.092830 0.216231 0.000000
0.011940 281.777802 141.333298 0.092832 0.247268 0.000000
-0.003334 281.777802 141.333298 -0.000142 -0.001029 0.000000
0.011940 284.444489 158.222198 0.092832 0.588678 0.000000
-0.000788 284.444489 158.222198 -0.000142 -0.001029 0.000000
-0.000788 285.333313 167.111099 0.030847 0.309344 0.000000
0.011940 286.222198 176.888901 0.030849 0.340381 0.000000
-0.003334 286.222198 176.888901 -0.000142 -0.001029 0.000000
0.001757 287.111115 185.777802 0.030850 0.309344 0.000000
0.014486 288.888885 193.777802 0.061840 0.278306 0.000000
-0.000788 291.555511 201.777802 0.092830 0.278306 0.000000
0.004303 294.222198 208.888901 0.092832 0.247268 0.000000
0.011940 297.777802 215.111099 0.123824 0.216231 0.000000
0.001757 297.777802 215.111099 -0.000142 -0.001029 0.000000
0.014486 304.000000 224.888901 0.216795 0.340381 0.000000
0.001757 304.000000 224.888901 -0.000142 -0.001029 0.000000
0.001757 306.666687 229.333298 0.092832 0.154156 0.000000
0.034852 309.333313 235.555603 0.092830 0.216235 1.000000
0.052672 309.333313 238.222198 -0.000142 0.092080 1.000000
0.014486 310.222198 236.444397 0.030849 -0.063104 2.000000
0.001757 310.222198 236.444397 -0.000142 -0.001029 2.000000
0.055218 319.111115 215.111099 0.309770 -0.745920 2.000000
0.037397 334.222198 182.222198 0.526706 -1.149405 2.000000
0.039943 358.222198 136.000000 0.836618 -1.614961 2.000000
0.075583 394.666687 71.111107 1.270495 -2.266742 2.000000
0.029760 408.000000 51.555561 0.464724 -0.683846 2.000000
0.019577 412.444489 48.000000 0.154815 -0.125177 0.000000
0.009394 416.000000 46.222221 0.123821 -0.063103 0.000000
0.034852 422.222198 46.222221 0.216795 -0.001029 0.000000
0.037397 430.222198 54.222221 0.278778 0.278306 0.000000
0.055218 437.333313 72.888893 0.247787 0.650752 0.000000
0.037397 440.888885 100.444397 0.123823 0.961122 0.000000
0.055218 441.777802 145.777802 0.030850 1.581870 0.000000
0.029760 441.777802 176.888901 -0.000142 1.085272 0.000000
0.034852 441.777802 205.333298 -0.000142 0.992159 1.000000
0.006849 441.777802 217.777802 -0.000142 0.433494 1.000000
0.042489 440.888885 235.555603 -0.031134 0.619716 1.000000
0.011940 440.888885 240.000000 -0.000142 0.154156 2.000000
0.006849 440.888885 243.555603 -0.000142 0.123122 2.000000
0.029760 440.888885 244.444397 -0.000142 0.030005 2.000000
0.004303 440.000000 244.444397 -0.031133 -0.001029 2.000000
0.037397 434.666687 233.777802 -0.186088 -0.373472 2.000000
0.057763 416.000000 190.222198 -0.650956 -1.521852 2.000000
0.045035 395.555511 148.444397 -0.712939 -1.459777 3.000000
0.042489 367.111115 109.333298 -0.991856 -1.366664 3.000000
0.014486 352.888885 94.222221 -0.496000 -0.528659 0.000000
0.006849 339.555511 82.666656 -0.465010 -0.404512 0.000000
0.037397 320.000000 68.444443 -0.681945 -0.497623 0.000000
0.057763 310.222198 62.222221 -0.341045 -0.218289 0.000000
0.034852 312.000000 64.000000 0.061841 0.061046 0.000000
0.017032 318.222198 70.222221 0.216795 0.216232 0.000000
0.006849 326.222198 80.000000 0.278778 0.340380 0.000000
0.014486 336.000000 93.333344 0.340761 0.464529 0.000000
-0.000788 346.666687 108.444397 0.371752 0.526601 0.000000
0.001757 346.666687 108.444397 -0.000142 -0.001029 0.000000
0.011940 357.333313 125.333298 0.371750 0.588678 0.000000
-0.000788 368.000000 144.888901 0.371752 0.681791 0.000000
0.004303 377.777802 165.333298 0.340761 0.712825 1.000000
0.011940 386.666687 185.777802 0.309769 0.712829 1.000000
0.004303 392.888885 205.333298 0.216795 0.681787 1.000000
0.014486 397.333313 223.111099 0.154813 0.619716 2.000000
-0.000788 397.333313 223.111099 -0.000142 -0.001029 2.000000
0.004303 398.222198 239.111099 0.030849 0.557641 2.000000
0.014486 398.222198 254.222198 -0.000142 0.526603 2.000000
0.001757 395.555511 268.444489 -0.093116 0.495569 2.000000
0.011940 391.111115 281.777802 -0.155096 0.464528 2.000000
-0.000788 387.555511 294.222198 -0.124108 0.433490 2.000000
0.004303 384.000000 304.888885 -0.124105 0.371418 2.000000
0.011940 382.222198 312.888885 -0.062125 0.278306 2.000000
-0.000788 382.222198 312.888885 -0.000142 -0.001029 2.000000
0.052672 380.444489 323.555511 -0.062122 0.371416 2.000000
0.055218 380.444489 324.444489 -0.000142 0.030012 2.000000
0.034852 384.000000 318.222198 0.123821 -0.218291 0.000000
0.050126 394.666687 298.666687 0.371752 -0.683845 0.000000
0.034852 408.888885 264.000000 0.495715 -1.211479 0.000000
0.055218 437.333313 188.444397 0.991573 -2.639190 0.000000
0.014486 445.333313 162.666702 0.278778 -0.901104 0.000000
0.004303 451.555511 140.444397 0.216795 -0.776961 0.000000
0.014486 456.000000 121.777802 0.154815 -0.652807 0.000000
0.004303 459.555511 105.777802 0.123821 -0.559698 0.000000
0.001757 462.222198 93.333344 0.092832 -0.435549 0.000000
0.014486 464.888885 84.444443 0.092832 -0.311401 0.000000
0.001757 464.888885 84.444443 -0.000142 -0.001029 0.000000
0.011940 467.555511 75.555557 0.092830 -0.311400 0.000000
0.004303 467.555511 75.555557 -0.000142 -0.001029 0.000000
0.014486 468.444489 73.777779 0.030852 -0.063103 1.000000
0.006849 468.444489 73.777779 -0.000142 -0.001029 1.000000
-0.000788 469.333313 73.777779 0.030847 -0.001029 1.000000
0.017032 470.222198 74.666656 0.030849 0.030008 2.000000
0.001757 472.000000 79.111107 0.061841 0.154158 2.000000
0.014486 472.888885 86.222221 0.030849 0.247269 2.000000
0.004303 472.000000 96.000000 -0.031133 0.340380 2.000000
-0.000788 472.000000 96.000000 -0.000142 -0.001029 2.000000
0.034852 463.111115 122.666702 -0.310053 0.930088 2.000000
0.055218 440.000000 170.666702 -0.805911 1.674979 2.000000
0.034852 419.555511 202.666702 -0.712939 1.116310 2.000000
0.062855 384.888885 241.777802 -1.208794 1.364607 2.000000
0.029760 372.444489 251.555603 -0.434016 0.340381 2.000000
0.022123 344.888885 264.888885 -0.960868 0.464527 0.000000
0.011940 331.555511 267.555511 -0.465010 0.092082 0.000000
0.045035 310.222198 264.888885 -0.743928 -0.094139 0.000000
0.042489 298.666687 244.444397 -0.403025 -0.714885 0.000000
0.047580 292.444489 208.888901 -0.217079 -1.242514 0.000000
0.039943 279.111115 147.555603 -0.465010 -2.142592 0.000000
0.042489 261.333313 122.666702 -0.619965 -0.870070 0.000000
0.039943 235.555603 112.000000 -0.898882 -0.373476 0.000000
0.045035 208.888901 109.333298 -0.929877 -0.094141 1.000000
0.014486 198.222198 109.333298 -0.372037 -0.001029 1.000000
0.009394 190.222198 108.444397 -0.279062 -0.032066 1.000000
0.001757 183.111099 107.555603 -0.248071 -0.032062 1.000000
0.011940 176.888901 106.666702 -0.217079 -0.032066 2.000000
0.004303 171.555603 103.111099 -0.186088 -0.125179 2.000000
0.052672 160.888901 93.333344 -0.372037 -0.342437 2.000000
0.032306 149.333298 79.111107 -0.403028 -0.497624 2.000000
0.057763 143.111099 64.000000 -0.217079 -0.528660 2.000000
0.039943 151.111099 44.444439 0.278778 -0.683847 2.000000
0.039943 168.888901 34.666672 0.619681 -0.342437 2.000000
0.014486 177.777802 32.888889 0.309769 -0.063103 0.000000
0.009394 184.888901 32.000000 0.247786 -0.032066 0.000000
0.045035 195.555603 37.333328 0.371752 0.185194 0.000000
0.014486 196.444397 44.444439 0.030846 0.247269 0.000000
0.045035 192.888901 64.888893 -0.124105 0.712827 0.000000
0.004303 188.444397 76.444443 -0.155100 0.402455 0.000000
0.017032 177.777802 98.666656 -0.372033 0.774901 0.000000
0.027215 171.555603 108.444397 -0.217079 0.340379 0.000000
0.042489 158.222198 127.111099 -0.465011 0.650753 0.000000
0.042489 141.333298 146.666702 -0.588974 0.681791 0.000000
0.042489 120.888901 168.888901 -0.712936 0.774900 0.000000
0.014486 99.555557 190.222198 -0.743929 0.743862 0.000000
0.001757 99.555557 190.222198 -0.000142 -0.001029 0.000000
0.014486 80.888893 205.333298 -0.650955 0.526603 2.000000
0.001757 80.888893 205.333298 -0.000142 -0.001029 2.000000
0.001757 72.888893 210.666702 -0.279062 0.185197 2.000000
0.014486 67.555557 214.222198 -0.186089 0.123118 2.000000
0.001757 63.111111 217.777802 -0.155098 0.123122 2.000000
0.017032 59.555561 221.333298 -0.124106 0.123118 2.000000
0.004303 57.777779 223.111099 -0.062125 0.061047 2.000000
0.004303 56.888889 224.888901 -0.031133 0.061047 2.000000
0.014486 56.888889 226.666702 -0.000142 0.061047 2.000000
0.011940 56.888889 228.444397 -0.000142 0.061043 2.000000
0.017032 57.777779 229.333298 0.030849 0.030009 2.000000
0.009394 59.555561 231.111099 0.061840 0.061047 2.000000
0.017032 63.111111 231.111099 0.123822 -0.001029 2.000000
0.009394 63.111111 231.111099 -0.000142 -0.001029 2.000000
0.045035 69.333344 229.333298 0.216796 -0.063104 2.000000
0.017032 80.888893 220.444397 0.402742 -0.311401 0.000000
0.011940 88.888893 213.333298 0.278778 -0.249326 0.000000
0.042489 111.111099 195.555603 0.774635 -0.621769 0.000000
0.042489 138.666702 179.555603 0.960584 -0.559698 0.000000
0.045035 184.000000 169.777802 1.580403 -0.342438 0.000000
0.045035 213.333298 169.777802 1.022563 -0.001029 0.000000
0.014486 227.555603 170.666702 0.495719 0.030009 0.000000
0.009394 240.888901 173.333298 0.464723 0.092080 0.000000
0.017032 252.444397 176.000000 0.402740 0.092084 0.000000
0.001757 263.111115 180.444397 0.371753 0.154156 0.000000
0.017032 272.000000 184.888901 0.309769 0.154159 0.000000
0.001757 280.000000 189.333298 0.278778 0.154156 0.000000
0.014486 287.111115 194.666702 0.247787 0.185197 0.000000
0.004303 293.333313 200.000000 0.216795 0.185193 1.000000
0.004303 293.333313 200.000000 -0.000142 -0.001029 1.000000
0.017032 304.000000 209.777802 0.371752 0.340381 2.000000
0.004303 304.000000 209.777802 -0.000142 -0.001029 2.000000
0.011940 310.222198 215.111099 0.216795 0.185193 2.000000
0.006849 310.222198 215.111099 -0.000142 -0.001029 2.000000
0.004303 311.111115 216.888901 0.030850 0.061047 2.000000
0.017032 312.000000 216.888901 0.030849 -0.001029 2.000000
0.004303 312.000000 216.888901 -0.000142 -0.001029 2.000000
0.014486 311.111115 216.888901 -0.031133 -0.001029 2.000000
0.009394 305.777802 211.555603 -0.186088 -0.187250 2.000000
0.045035 298.666687 202.666702 -0.248071 -0.311401 2.000000
0.042489 289.777802 191.111099 -0.310053 -0.404514 2.000000
0.042489 273.777802 183.111099 -0.557982 -0.280363 2.000000
0.017032 260.444489 183.111099 -0.465008 -0.001029 3.000000
0.006849 243.555603 184.000000 -0.588973 0.030009 3.000000
0.017032 224.888901 190.222198 -0.650957 0.216231 0.000000
0.009394 205.333298 198.222198 -0.681948 0.278306 0.000000
0.075583 150.222198 238.222198 -1.921591 1.395644 0.000000
0.009394 150.222198 238.222198 -0.000142 -0.001029 0.000000
0.014486 133.333298 261.333313 -0.588974 0.805938 0.000000
0.001757 133.333298 261.333313 -0.000142 -0.001029 0.000000
0.006849 126.222198 272.000000 -0.248071 0.371418 0.000000
0.011940 119.111099 283.555511 -0.248071 0.402453 0.000000
0.001757 112.888901 293.333313 -0.217079 0.340381 0.000000
0.017032 105.777802 303.111115 -0.248071 0.340381 0.000000
0.001757 99.555557 311.111115 -0.217081 0.278306 0.000000
0.001757 93.333344 317.333313 -0.217080 0.216231 0.000000
0.011940 87.111107 322.666687 -0.217080 0.185196 0.000000
0.001757 80.888893 326.222198 -0.217080 0.123119 0.000000
0.014486 76.444443 329.777802 -0.155098 0.123122 0.000000
-0.000788 76.444443 329.777802 -0.000142 -0.001029 0.000000
0.004303 72.888893 332.444489 -0.124106 0.092084 2.000000
0.014486 71.111107 333.333313 -0.062125 0.030006 2.000000
0.001757 69.333344 334.222198 -0.062124 0.030009 2.000000
0.014486 69.333344 334.222198 -0.000142 -0.001029 2.000000
0.019577 69.333344 334.222198 -0.000142 -0.001029 2.000000
0.039943 75.555557 330.666687 0.216795 -0.125176 2.000000
0.073038 103.111099 309.333313 0.960582 -0.745922 2.000000
0.027215 112.888901 302.222198 0.340761 -0.249326 2.000000
