0.050126 144.888901 313.777802 -0.000142 0.030010 0.000000
0.034852 144.888901 312.888885 -0.000142 -0.032067 0.000000
0.062855 151.111099 302.222198 0.216795 -0.373475 0.000000
0.037397 155.555603 290.666687 0.154815 -0.404510 0.000000
0.042489 159.111099 274.666687 0.123820 -0.559698 0.000000
0.042489 159.111099 257.777802 -0.000142 -0.590735 0.000000
0.039943 159.111099 243.555603 -0.000142 -0.497623 0.000000
0.004303 159.111099 238.222198 -0.000142 -0.187254 1.000000
0.042489 159.111099 232.888901 -0.000142 -0.187250 1.000000
0.037397 159.111099 231.111099 -0.000142 -0.063104 2.000000
0.034852 159.111099 231.111099 -0.000142 -0.001029 2.000000
0.062855 154.666702 231.111099 -0.155096 -0.001029 2.000000
0.022123 152.000000 231.111099 -0.093117 -0.001029 2.000000
-0.000788 149.333298 231.111099 -0.093117 -0.001029 2.000000
0.004303 147.555603 231.111099 -0.062121 -0.001029 2.000000
0.014486 146.666702 231.111099 -0.031134 -0.001029 2.000000
-0.000788 146.666702 231.111099 -0.000142 -0.001029 2.000000
0.011940 144.888901 233.777802 -0.062125 0.092084 2.000000
-0.000788 144.888901 233.777802 -0.000142 -0.001029 2.000000
0.001757 144.000000 238.222198 -0.031134 0.154156 2.000000
0.014486 143.111099 251.555603 -0.031134 0.464532 0.000000
0.011940 143.111099 251.555603 -0.000142 -0.001029 0.000000
0.004303 142.222198 259.555511 -0.031134 0.278303 0.000000
0.001757 141.333298 269.333313 -0.031134 0.340381 0.000000
0.001757 141.333298 269.333313 -0.000142 -0.001029 0.000000
0.014486 141.333298 286.222198 -0.000142 0.588678 0.000000
0.001757 141.333298 286.222198 -0.000142 -0.001029 0.000000
0.004303 142.222198 294.222198 0.030849 0.278306 0.000000
0.014486 144.000000 301.333313 0.061841 0.247269 0.000000
0.001757 145.777802 307.555511 0.061841 0.216231 0.000000
0.011940 148.444397 313.777802 0.092829 0.216234 0.000000
0.057763 155.555603 323.555511 0.247790 0.340378 0.000000
0.037397 164.444397 331.555511 0.309766 0.278306 0.000000
0.055218 174.222198 331.555511 0.340761 -0.001029 0.000000
0.034852 190.222198 322.666687 0.557698 -0.311398 0.000000
0.050126 212.444397 306.666687 0.774635 -0.559698 1.000000
0.037397 240.000000 281.777802 0.960584 -0.870069 2.000000
0.004303 254.222198 268.444489 0.495715 -0.466585 2.000000
0.014486 268.444489 255.111099 0.495718 -0.466588 2.000000
0.001757 281.777802 243.555603 0.464724 -0.404510 2.000000
0.004303 295.111115 233.777802 0.464724 -0.342438 2.000000
0.014486 307.555511 225.777802 0.433732 -0.280363 2.000000
0.001757 307.555511 225.777802 -0.000142 -0.001029 2.000000
0.014486 328.888885 212.444397 0.743646 -0.466589 2.000000
-0.000788 328.888885 212.444397 -0.000142 -0.001029 2.000000
0.001757 338.666687 206.222198 0.340761 -0.218288 2.000000
0.014486 346.666687 200.000000 0.278778 -0.218288 2.000000
0.004303 353.777802 193.777802 0.247787 -0.218288 2.000000
0.014486 359.111115 186.666702 0.185804 -0.249326 2.000000
-0.000788 362.666687 177.777802 0.123823 -0.311401 2.000000
0.019577 365.333313 168.888901 0.092830 -0.311401 2.000000
0.004303 365.333313 159.111099 -0.000142 -0.342438 0.000000
0.009394 365.333313 150.222198 -0.000142 -0.311401 0.000000
0.017032 360.888885 141.333298 -0.155097 -0.311401 0.000000
0.001757 354.666687 135.111099 -0.217079 -0.218288 0.000000
0.017032 346.666687 129.777802 -0.279062 -0.187250 0.000000
0.001757 338.666687 126.222198 -0.279062 -0.125179 0.000000
0.017032 330.666687 123.555603 -0.279062 -0.094138 0.000000
0.004303 324.444489 121.777802 -0.217079 -0.063104 0.000000
0.019577 320.000000 120.000000 -0.155099 -0.063104 0.000000
0.001757 317.333313 117.333298 -0.093116 -0.094141 0.000000
0.004303 315.555511 115.555603 -0.062125 -0.063100 0.000000
0.019577 314.666687 112.000000 -0.031131 -0.125179 0.000000
0.042489 315.555511 104.000000 0.030847 -0.280363 0.000000
0.037397 320.000000 94.222221 0.154815 -0.342438 0.000000
0.060309 327.111115 82.666656 0.247787 -0.404512 0.000000
0.004303 328.000000 80.000000 0.030849 -0.094140 1.000000
0.011940 328.888885 78.222221 0.030849 -0.063103 1.000000
0.042489 327.111115 77.333344 -0.062124 -0.032065 2.000000
0.050126 320.000000 78.222221 -0.248071 0.030008 2.000000
0.050126 308.444489 91.555557 -0.403025 0.464529 2.000000
0.034852 303.111115 106.666702 -0.186090 0.526605 2.000000
0.057763 294.222198 128.888901 -0.310054 0.774900 2.000000
0.032306 279.111115 158.222198 -0.526990 1.023197 2.000000
0.032306 258.666687 190.222198 -0.712937 1.116310 2.000000
-0.003334 258.666687 190.222198 -0.000142 -0.001029 2.000000
0.057763 225.777802 224.000000 -1.146813 1.178385 0.000000
0.024669 213.333298 234.666702 -0.434020 0.371419 0.000000
0.047580 211.555603 237.333298 -0.062121 0.092080 0.000000
0.050126 221.333298 234.666702 0.340757 -0.094138 0.000000
0.050126 263.111115 217.777802 1.456441 -0.590735 0.000000
0.032306 304.000000 206.222198 1.425449 -0.404514 0.000000
-0.000788 304.000000 206.222198 -0.000142 -0.001029 0.000000
0.001757 326.222198 202.666702 0.774635 -0.125175 0.000000
0.011940 349.333313 201.777802 0.805627 -0.032066 0.000000
-0.000788 349.333313 201.777802 -0.000142 -0.001029 0.000000
0.014486 390.222198 204.444397 1.425449 0.092080 0.000000
-0.000788 390.222198 204.444397 -0.000142 -0.001029 0.000000
0.001757 408.000000 208.888901 0.619681 0.154159 0.000000
0.014486 423.111115 213.333298 0.526707 0.154156 1.000000
0.006849 436.444489 218.666702 0.464726 0.185197 1.000000
-0.003334 436.444489 218.666702 -0.000142 -0.001029 1.000000
0.011940 456.888885 226.666702 0.712652 0.278306 2.000000
0.001757 456.888885 226.666702 -0.000142 -0.001029 2.000000
0.006849 464.000000 230.222198 0.247787 0.123118 2.000000
0.009394 469.333313 233.777802 0.185804 0.123122 2.000000
0.017032 477.333313 240.888901 0.278778 0.247268 2.000000
-0.000788 477.333313 240.888901 -0.000142 -0.001029 2.000000
0.004303 480.888885 243.555603 0.123823 0.092084 2.000000
0.019577 483.555511 247.111099 0.092830 0.123118 2.000000
0.057763 490.666687 252.444397 0.247789 0.185193 2.000000
0.032306 493.333313 254.222198 0.092830 0.061047 2.000000
0.055218 492.444489 252.444397 -0.031131 -0.063104 2.000000
0.037397 480.000000 230.222198 -0.434019 -0.776957 0.000000
0.042489 473.777802 220.444397 -0.217079 -0.342438 0.000000
0.052672 460.444489 183.111099 -0.465008 -1.304589 0.000000
0.034852 453.333313 158.222198 -0.248073 -0.870070 0.000000
-0.000788 453.333313 158.222198 -0.000142 -0.001029 0.000000
0.032306 444.444489 137.777802 -0.310051 -0.714882 0.000000
0.052672 432.888885 122.666702 -0.403028 -0.528660 0.000000
0.037397 416.000000 108.444397 -0.588973 -0.497626 0.000000
0.055218 408.888885 105.777802 -0.248071 -0.094138 0.000000
0.034852 403.555511 107.555603 -0.186090 0.061047 1.000000
0.039943 396.444489 118.222198 -0.248068 0.371415 1.000000
0.055218 381.333313 144.000000 -0.526993 0.899050 2.000000
0.055218 366.222198 165.333298 -0.526991 0.743862 2.000000
0.042489 349.333313 189.333298 -0.588973 0.836975 2.000000
0.039943 330.666687 212.444397 -0.650954 0.805938 2.000000
0.039943 312.000000 236.444397 -0.650956 0.836975 2.000000
0.001757 301.333313 248.888901 -0.372036 0.433494 2.000000
0.022123 280.000000 272.888885 -0.743928 0.836975 3.000000
0.009394 280.000000 272.888885 -0.000142 -0.001029 0.000000
0.017032 260.444489 290.666687 -0.681945 0.619716 0.000000
0.037397 248.888901 299.555511 -0.403028 0.309341 0.000000
0.001757 248.888901 299.555511 -0.000142 -0.001029 0.000000
0.011940 246.222198 300.444489 -0.093117 0.030012 0.000000
-0.000788 246.222198 300.444489 -0.000142 -0.001029 0.000000
0.004303 247.111099 296.888885 0.030849 -0.125179 0.000000
0.014486 250.666702 290.666687 0.123824 -0.218288 0.000000
0.004303 256.000000 281.777802 0.185803 -0.311400 0.000000
0.014486 263.111115 270.222198 0.247787 -0.404514 0.000000
0.004303 270.222198 258.666687 0.247786 -0.404510 0.000000
0.004303 270.222198 258.666687 -0.000142 -0.001029 0.000000
0.014486 287.111115 238.222198 0.588690 -0.714885 0.000000
0.004303 287.111115 238.222198 -0.000142 -0.001029 0.000000
0.024669 302.222198 224.888901 0.526706 -0.466585 0.000000
0.004303 310.222198 219.555603 0.278778 -0.187250 0.000000
0.014486 317.333313 215.111099 0.247787 -0.156217 0.000000
0.001757 323.555511 209.777802 0.216795 -0.187250 0.000000
0.019577 328.000000 204.444397 0.154815 -0.187254 2.000000
0.004303 330.666687 196.444397 0.092832 -0.280363 2.000000
0.037397 330.666687 176.000000 -0.000142 -0.714882 2.000000
0.052672 321.777802 149.333298 -0.310053 -0.932145 2.000000
0.032306 311.111115 120.000000 -0.372036 -1.025254 2.000000
0.057763 298.666687 82.666656 -0.434017 -1.304590 2.000000
0.037397 290.666687 65.777779 -0.279062 -0.590735 2.000000
0.037397 280.000000 56.888889 -0.372036 -0.311400 2.000000
-0.000788 280.000000 56.888889 -0.000142 -0.001029 2.000000
0.017032 267.555511 52.444439 -0.434019 -0.156215 2.000000
0.004303 259.555511 52.444439 -0.279062 -0.001029 0.000000
0.004303 259.555511 52.444439 -0.000142 -0.001029 0.000000
0.011940 251.555603 52.444439 -0.279059 -0.001029 0.000000
0.006849 245.333298 52.444439 -0.217083 -0.001029 0.000000
0.017032 239.111099 52.444439 -0.217079 -0.001029 0.000000
0.006849 235.555603 52.444439 -0.124105 -0.001029 0.000000
0.019577 230.222198 55.111111 -0.186091 0.092083 0.000000
0.004303 230.222198 55.111111 -0.000142 -0.001029 0.000000
0.014486 226.666702 59.555561 -0.124105 0.154158 0.000000
0.001757 226.666702 59.555561 -0.000142 -0.001029 0.000000
0.017032 222.222198 70.222221 -0.155100 0.371417 0.000000
0.001757 222.222198 70.222221 -0.000142 -0.001029 0.000000
0.004303 217.777802 77.333344 -0.155096 0.247269 0.000000
0.017032 213.333298 85.333344 -0.155100 0.278306 0.000000
0.006849 207.111099 93.333344 -0.217079 0.278306 0.000000
0.017032 196.444397 108.444397 -0.372037 0.526601 0.000000
0.065400 188.444397 123.555603 -0.279062 0.526607 0.000000
0.017032 183.111099 137.777802 -0.186088 0.495565 2.000000
0.009394 183.111099 137.777802 -0.000142 -0.001029 2.000000
0.027215 177.777802 152.888901 -0.186088 0.526603 2.000000
0.055218 160.888901 177.777802 -0.588974 0.868013 2.000000
0.037397 152.000000 186.666702 -0.310054 0.309344 2.000000
0.039943 121.777802 208.888901 -1.053839 0.774900 2.000000
0.001757 121.777802 208.888901 -0.000142 -0.001029 2.000000
0.039943 109.333298 216.000000 -0.434020 0.247268 2.000000
0.034852 104.888901 217.777802 -0.155096 0.061047 3.000000
0.062855 100.444397 220.444397 -0.155100 0.092080 0.000000
0.034852 96.000000 224.888901 -0.155096 0.154159 0.000000
0.060309 91.555557 232.000000 -0.155098 0.247268 0.000000
0.034852 94.222221 232.888901 0.092831 0.030009 0.000000
0.039943 105.777802 228.444397 0.402743 -0.156217 0.000000
0.039943 128.000000 217.777802 0.774635 -0.373472 0.000000
0.042489 157.333298 204.444397 1.022563 -0.466589 0.000000
0.042489 190.222198 195.555603 1.146529 -0.311397 0.000000
0.004303 207.111099 194.666702 0.588689 -0.032066 0.000000
0.039943 238.222198 195.555603 1.084546 0.030009 1.000000
0.019577 252.444397 198.222198 0.495715 0.092080 2.000000
0.001757 264.000000 200.000000 0.402744 0.061047 2.000000
0.039943 280.000000 203.555603 0.557698 0.123122 2.000000
0.039943 286.222198 204.444397 0.216795 0.030005 2.000000
0.057763 285.333313 203.555603 -0.031133 -0.032062 2.000000
0.034852 275.555511 198.222198 -0.341045 -0.187254 2.000000
0.034852 251.555603 178.666702 -0.836899 -0.683844 2.000000
0.001757 251.555603 178.666702 -0.000142 -0.001029 2.000000
0.034852 233.777802 158.222198 -0.619965 -0.714886 3.000000
0.037397 214.222198 133.333298 -0.681948 -0.870070 0.000000
0.004303 203.555603 120.000000 -0.372033 -0.466585 0.000000
0.032306 192.000000 108.444397 -0.403028 -0.404514 0.000000
0.052672 154.666702 80.888893 -1.301768 -0.963179 0.000000
0.034852 128.000000 72.888893 -0.929877 -0.280363 0.000000
0.050126 104.888901 71.111107 -0.805911 -0.063103 0.000000
0.004303 93.333344 71.111107 -0.403027 -0.001029 0.000000
0.014486 83.555557 75.555557 -0.341045 0.154158 0.000000
0.050126 64.888893 88.000000 -0.650955 0.433492 0.000000
0.050126 48.888889 117.333298 -0.557982 1.023197 0.000000
0.017032 46.222221 142.222198 -0.093116 0.868013 2.000000
0.006849 46.222221 142.222198 -0.000142 -0.001029 2.000000
0.034852 46.222221 169.777802 -0.000142 0.961126 2.000000
-0.000788 46.222221 183.111099 -0.000142 0.464528 2.000000
0.014486 48.000000 195.555603 0.061840 0.433494 2.000000
0.001757 48.000000 195.555603 -0.000142 -0.001029 2.000000
0.001757 48.888889 208.888901 0.030849 0.464528 2.000000
0.011940 51.555561 221.333298 0.092831 0.433490 2.000000
0.001757 54.222221 232.000000 0.092831 0.371419 2.000000
0.011940 57.777779 242.666702 0.123822 0.371419 2.000000
-0.000788 61.333328 251.555603 0.123822 0.309344 2.000000
0.004303 61.333328 251.555603 -0.000142 -0.001029 2.000000
0.014486 70.222221 265.777802 0.309769 0.495565 2.000000
-0.000788 70.222221 265.777802 -0.000142 -0.001029 2.000000
0.014486 74.666656 272.000000 0.154813 0.216231 2.000000
0.009394 80.000000 277.333313 0.185805 0.185194 2.000000
0.004303 84.444443 281.777802 0.154813 0.154159 3.000000
0.022123 91.555557 292.444489 0.247787 0.371418 3.000000
0.006849 94.222221 296.888885 0.092831 0.154156 0.000000
0.017032 96.000000 301.333313 0.061840 0.154157 0.000000
0.004303 97.777779 305.777802 0.061840 0.154159 0.000000
0.017032 98.666656 307.555511 0.030849 0.061043 0.000000
0.006849 98.666656 309.333313 -0.000142 0.061047 0.000000
0.017032 98.666656 310.222198 -0.000142 0.030009 0.000000
0.004303 98.666656 310.222198 -0.000142 -0.001029 0.000000
0.017032 99.555557 310.222198 0.030849 -0.001029 0.000000
0.004303 100.444397 310.222198 0.030847 -0.001029 0.000000
0.042489 104.000000 305.777802 0.123824 -0.156213 0.000000
0.037397 111.111099 300.444489 0.247786 -0.187251 0.000000
0.039943 122.666702 293.333313 0.402744 -0.249328 0.000000
0.004303 130.666702 288.888885 0.278778 -0.156214 0.000000
0.019577 139.555603 282.666687 0.309769 -0.218288 1.000000
0.006849 149.333298 275.555511 0.340757 -0.249328 1.000000
0.014486 159.111099 267.555511 0.340761 -0.280363 2.000000
0.006849 168.000000 259.555511 0.309769 -0.280363 2.000000
0.032306 181.333298 248.000000 0.464723 -0.404510 2.000000
0.052672 189.333298 246.222198 0.278778 -0.063104 2.000000
0.032306 192.000000 253.333298 0.092832 0.247268 2.000000
0.057763 194.666702 284.444489 0.092832 1.085275 2.000000
0.034852 198.222198 295.111115 0.123820 0.371416 2.000000
0.055218 216.000000 320.888885 0.619681 0.899049 2.000000
0.011940 224.888901 327.111115 0.309769 0.216232 3.000000
-0.000788 232.888901 333.333313 0.278778 0.216231 3.000000
0.032306 249.777802 344.888885 0.588689 0.402455 0.000000
0.004303 249.777802 344.888885 -0.000142 -0.001029 0.000000
0.042489 264.888885 355.555511 0.526706 0.371416 0.000000
0.065400 283.555511 364.444489 0.650670 0.309346 0.000000
0.027215 297.777802 364.444489 0.495718 -0.001029 0.000000
0.045035 313.777802 356.444489 0.557698 -0.280363 0.000000
-0.000788 322.666687 348.444489 0.309769 -0.280363 0.000000
0.014486 331.555511 338.666687 0.309767 -0.342438 0.000000
-0.000788 341.333313 327.111115 0.340761 -0.404512 0.000000
0.017032 350.222198 314.666687 0.309769 -0.435548 0.000000
0.001757 359.111115 301.333313 0.309770 -0.466588 0.000000
0.001757 359.111115 301.333313 -0.000142 -0.001029 0.000000
0.014486 368.000000 289.777802 0.309769 -0.404510 0.000000
0.006849 384.000000 274.666687 0.557698 -0.528661 2.000000
0.014486 384.000000 274.666687 -0.000142 -0.001029 2.000000
-0.000788 391.111115 271.111115 0.247787 -0.125178 2.000000
0.001757 397.333313 268.444489 0.216795 -0.094139 2.000000
0.011940 403.555511 266.666687 0.216795 -0.063104 2.000000
0.004303 409.777802 265.777802 0.216798 -0.032066 2.000000
0.014486 415.111115 264.888885 0.185804 -0.032067 2.000000
0.001757 415.111115 264.888885 -0.000142 -0.001029 2.000000
0.004303 421.333313 264.888885 0.216795 -0.001029 2.000000
0.014486 432.000000 264.888885 0.371752 -0.001029 2.000000
0.001757 432.000000 264.888885 -0.000142 -0.001029 2.000000
0.034852 438.222198 264.888885 0.216795 -0.001029 2.000000
0.032306 439.111115 267.555511 0.030850 0.092082 2.000000
0.055218 426.666687 271.111115 -0.434017 0.123122 3.000000
0.037397 409.777802 272.000000 -0.588973 0.030009 0.000000
0.055218 393.777802 269.333313 -0.557982 -0.094141 0.000000
0.034852 380.444489 265.777802 -0.465008 -0.125176 0.000000
0.055218 364.444489 264.888885 -0.557982 -0.032067 0.000000
0.047580 358.222198 268.444489 -0.217082 0.123122 0.000000
0.034852 357.333313 274.666687 -0.031133 0.216231 0.000000
0.050126 365.333313 282.666687 0.278778 0.278306 0.000000
0.050126 376.888885 288.000000 0.402743 0.185194 0.000000
0.027215 392.000000 291.555511 0.526707 0.123119 0.000000
0.009394 400.000000 292.444489 0.278778 0.030012 2.000000
0.019577 407.111115 292.444489 0.247787 -0.001029 2.000000
0.062855 423.111115 288.888885 0.557698 -0.125179 2.000000
0.037397 425.777802 280.000000 0.092832 -0.311400 2.000000
0.039943 422.222198 260.444489 -0.124108 -0.683845 2.000000
0.057763 408.000000 210.666702 -0.495999 -1.739111 2.000000
0.017032 404.444489 190.222198 -0.124105 -0.714886 2.000000
0.009394 400.000000 168.888901 -0.155099 -0.745920 2.000000
-0.000788 395.555511 149.333298 -0.155099 -0.683848 2.000000
0.011940 391.111115 133.333298 -0.155096 -0.559698 2.000000
0.004303 391.111115 133.333298 -0.000142 -0.001029 3.000000
0.039943 374.222198 102.222198 -0.588974 -1.087329 0.000000
0.014486 370.666687 96.888893 -0.124105 -0.187251 0.000000
0.001757 370.666687 96.888893 -0.000142 -0.001029 0.000000
0.034852 365.333313 91.555557 -0.186090 -0.187252 0.000000
0.055218 366.222198 88.888893 0.030849 -0.094140 0.000000
0.039943 374.222198 85.333344 0.278778 -0.125177 0.000000
0.057763 392.000000 79.111107 0.619681 -0.218289 0.000000
0.047580 404.444489 75.555557 0.433735 -0.125177 0.000000
0.032306 419.555511 73.777779 0.526704 -0.063103 0.000000
0.017032 427.555511 73.777779 0.278778 -0.001029 1.000000
0.024669 436.444489 74.666656 0.309772 0.030008 1.000000
0.029760 453.333313 80.888893 0.588687 0.216232 1.000000
0.004303 462.222198 84.444443 0.309769 0.123120 2.000000
0.037397 476.444489 96.888893 0.495718 0.433492 2.000000
0.042489 486.222198 113.777802 0.340758 0.588678 2.000000
0.014486 489.777802 123.555603 0.123824 0.340381 2.000000
0.001757 491.555511 134.222198 0.061838 0.371415 2.000000
0.060309 487.111115 161.777802 -0.155096 0.961126 2.000000
0.039943 472.888885 173.333298 -0.496000 0.402453 2.000000
0.019577 463.111115 175.111099 -0.341044 0.061047 2.000000
0.004303 451.555511 176.000000 -0.403028 0.030009 2.000000
0.014486 436.444489 176.000000 -0.526988 -0.001029 0.000000
0.004303 422.222198 172.444397 -0.496002 -0.125179 0.000000
0.017032 407.111115 168.000000 -0.526990 -0.156213 0.000000
0.004303 392.888885 162.666702 -0.496000 -0.187250 0.000000
0.004303 377.777802 156.444397 -0.526990 -0.218292 0.000000
0.017032 362.666687 150.222198 -0.526991 -0.218288 0.000000
0.006849 345.777802 144.000000 -0.588973 -0.218288 0.000000
0.019577 328.000000 138.666702 -0.619965 -0.187250 0.000000
0.006849 309.333313 135.111099 -0.650956 -0.125179 0.000000
0.017032 291.555511 133.333298 -0.619965 -0.063104 0.000000
0.001757 272.000000 133.333298 -0.681945 -0.001029 0.000000
0.014486 250.666702 137.777802 -0.743928 0.154159 0.000000
0.006849 230.222198 143.111099 -0.712940 0.185193 0.000000
0.017032 209.777802 149.333298 -0.712936 0.216231 0.000000
0.001757 192.888901 156.444397 -0.588974 0.247268 0.000000
0.057763 168.888901 167.111099 -0.836902 0.371419 0.000000
0.034852 155.555603 173.333298 -0.465008 0.216231 0.000000
0.032306 149.333298 175.111099 -0.217083 0.061047 2.000000
0.006849 149.333298 175.111099 -0.000142 -0.001029 2.000000
0.024669 156.444397 169.777802 0.247786 -0.187250 2.000000
0.057763 173.333298 156.444397 0.588689 -0.466589 2.000000
0.034852 193.777802 137.777802 0.712655 -0.652807 2.000000
0.060309 209.777802 112.000000 0.557698 -0.901108 2.000000
0.034852 207.111099 99.555557 -0.093117 -0.435549 2.000000
0.055218 194.666702 91.555557 -0.434016 -0.280363 2.000000
0.017032 177.777802 88.888893 -0.588974 -0.094140 2.000000
0.004303 168.000000 88.888893 -0.341045 -0.001029 0.000000
0.034852 159.111099 88.888893 -0.310054 -0.001029 0.000000
0.060309 130.666702 104.000000 -0.991856 0.526603 0.000000
0.039943 115.555603 124.444397 -0.526991 0.712825 0.000000
0.017032 108.444397 152.000000 -0.248074 0.961126 0.000000
0.009394 108.444397 152.000000 -0.000142 -0.001029 0.000000
0.014486 110.222198 181.333298 0.061841 1.023197 0.000000
0.009394 110.222198 181.333298 -0.000142 -0.001029 0.000000
0.017032 119.111099 208.000000 0.309769 0.930088 0.000000
0.009394 124.444397 221.333298 0.185803 0.464528 0.000000
0.019577 129.777802 232.888901 0.185807 0.402456 0.000000
0.009394 136.000000 245.333298 0.216795 0.433490 0.000000
0.017032 141.333298 257.777802 0.185803 0.433494 0.000000
0.009394 145.777802 270.222198 0.154815 0.433490 1.000000
0.019577 152.000000 296.888885 0.216795 0.930087 2.000000
0.009394 153.777802 308.444489 0.061841 0.402456 2.000000
0.017032 155.555603 320.000000 0.061841 0.402453 2.000000
0.009394 156.444397 329.777802 0.030846 0.340381 2.000000
0.042489 160.000000 342.222198 0.123824 0.433490 2.000000
0.037397 164.444397 347.555511 0.154812 0.185194 2.000000
0.060309 174.222198 341.333313 0.340761 -0.218288 2.000000
0.037397 177.777802 335.111115 0.123824 -0.218288 2.000000
0.039943 189.333298 296.888885 0.402740 -1.335627 2.000000
0.042489 196.444397 256.888885 0.247786 -1.397702 3.000000
0.039943 205.333298 209.777802 0.309769 -1.645998 0.000000
0.004303 210.666702 186.666702 0.185807 -0.807995 0.000000
0.037397 224.888901 145.777802 0.495715 -1.428739 0.000000
0.014486 232.000000 128.888901 0.247786 -0.590735 0.000000
0.001757 232.000000 128.888901 -0.000142 -0.001029 0.000000
0.062855 248.888901 90.666656 0.588689 -1.335628 0.000000
0.034852 256.000000 74.666656 0.247786 -0.559698 0.000000
0.034852 257.777802 68.444443 0.061841 -0.218288 0.000000
0.057763 236.444397 78.222221 -0.743931 0.340380 0.000000
0.037397 208.888901 98.666656 -0.960864 0.712826 1.000000
0.014486 193.777802 111.111099 -0.526991 0.433492 1.000000
0.004303 176.888901 123.555603 -0.588974 0.433494 2.000000
0.004303 176.888901 123.555603 -0.000142 -0.001029 2.000000
0.014486 139.555603 148.444397 -1.301768 0.868009 2.000000
0.004303 139.555603 148.444397 -0.000142 -0.001029 2.000000
0.014486 120.000000 160.000000 -0.681948 0.402456 2.000000
0.001757 100.444397 171.555603 -0.681948 0.402456 2.000000
0.017032 65.777779 194.666702 -1.208794 0.805938 2.000000
0.001757 65.777779 194.666702 -0.000142 -0.001029 2.000000
0.006849 49.777779 205.333298 -0.557982 0.371415 2.000000
0.014486 35.555561 216.888901 -0.496000 0.402456 2.000000
0.009394 24.888889 226.666702 -0.372036 0.340381 2.000000
0.024669 11.555560 246.222198 -0.465009 0.681787 2.000000
0.022123 9.777778 252.444397 -0.062125 0.216231 2.000000
0.004303 9.777778 257.777802 -0.000142 0.185197 2.000000
0.022123 18.666670 259.555511 0.309769 0.061043 3.000000
0.004303 18.666670 259.555511 -0.000142 -0.001029 3.000000
0.024669 37.333328 253.333298 0.650671 -0.218288 0.000000
0.009394 48.888889 246.222198 0.402742 -0.249326 0.000000
0.047580 74.666656 230.222198 0.898600 -0.559698 0.000000
0.050126 106.666702 210.666702 1.115539 -0.683844 0.000000
0.045035 141.333298 192.000000 1.208509 -0.652811 0.000000
0.045035 181.333298 176.000000 1.394458 -0.559698 0.000000
0.014486 191.111099 174.222198 0.340761 -0.063104 0.000000
0.009394 200.888901 173.333298 0.340761 -0.032066 0.000000
0.039943 220.444397 173.333298 0.681660 -0.001029 0.000000
0.045035 241.777802 175.111099 0.743647 0.061047 0.000000
0.017032 263.111115 178.666702 0.743644 0.123122 2.000000
0.024669 272.888885 180.444397 0.340760 0.061043 2.000000
0.029760 288.000000 184.888901 0.526707 0.154159 2.000000
0.055218 297.777802 189.333298 0.340761 0.154156 2.000000
0.034852 304.888885 192.888901 0.247786 0.123122 2.000000
0.052672 312.888885 194.666702 0.278778 0.061047 2.000000
0.032306 323.555511 191.111099 0.371750 -0.125179 2.000000
0.034852 346.666687 167.111099 0.805629 -0.839032 3.000000
0.004303 346.666687 167.111099 -0.000142 -0.001029 3.000000
0.009394 356.444489 152.888901 0.340761 -0.497623 0.000000
0.001757 367.111115 135.111099 0.371750 -0.621773 0.000000
0.052672 390.222198 93.333344 0.805626 -1.459775 0.000000
0.001757 402.666687 73.777779 0.433735 -0.683847 0.000000
0.011940 413.333313 58.666672 0.371750 -0.528660 0.000000
0.001757 423.111115 47.111111 0.340761 -0.404512 0.000000
0.032306 431.111115 40.000000 0.278778 -0.249326 0.000000
0.032306 445.333313 31.111111 0.495715 -0.311400 0.000000
0.001757 450.666687 29.333330 0.185806 -0.063103 0.000000
0.014486 454.222198 29.333330 0.123821 -0.001029 0.000000
0.004303 457.777802 32.000000 0.123824 0.092083 0.000000
0.001757 459.555511 38.222221 0.061838 0.216232 0.000000
0.014486 459.555511 47.111111 -0.000142 0.309343 0.000000
0.004303 459.555511 60.444439 -0.000142 0.464529 0.000000
0.014486 455.111115 75.555557 -0.155096 0.526604 0.000000
-0.000788 455.111115 75.555557 -0.000142 -0.001029 0.000000
0.004303 450.666687 92.444443 -0.155097 0.588678 1.000000
0.011940 445.333313 110.222198 -0.186090 0.619714 1.000000
0.001757 440.888885 128.000000 -0.155097 0.619716 2.000000
0.014486 437.333313 145.777802 -0.124107 0.619716 2.000000
0.009394 434.666687 163.555603 -0.093114 0.619716 2.000000
0.017032 432.000000 182.222198 -0.093116 0.650750 2.000000
0.006849 430.222198 200.000000 -0.062125 0.619716 2.000000
0.017032 429.333313 216.000000 -0.031133 0.557641 2.000000
0.009394 428.444489 231.111099 -0.031131 0.526603 2.000000
0.045035 421.333313 268.444489 -0.248073 1.302535 2.000000
0.037397 417.777802 278.222198 -0.124105 0.340378 2.000000
0.065400 406.222198 304.888885 -0.403028 0.930087 2.000000
0.019577 400.000000 317.333313 -0.217079 0.433491 3.000000
0.004303 398.222198 320.888885 -0.062125 0.123121 3.000000
0.019577 396.444489 324.444489 -0.062122 0.123122 0.000000
0.014486 395.555511 326.222198 -0.031136 0.061043 0.000000
0.047580 393.777802 328.888885 -0.062122 0.092084 0.000000
0.019577 391.111115 329.777802 -0.093116 0.030010 0.000000
0.042489 385.777802 329.777802 -0.186088 -0.001029 0.000000
0.047580 376.888885 326.222198 -0.310054 -0.125179 0.000000
0.047580 365.333313 312.000000 -0.403027 -0.497623 0.000000
0.062855 360.888885 293.333313 -0.155097 -0.652810 0.000000
0.037397 356.444489 265.777802 -0.155096 -0.963179 0.000000
0.039943 333.333313 219.555603 -0.805913 -1.614961 2.000000
0.039943 320.000000 208.000000 -0.465008 -0.404514 2.000000
0.052672 269.333313 192.000000 -1.766636 -0.559698 2.000000
0.037397 240.000000 194.666702 -1.022848 0.092084 2.000000
0.062855 208.888901 216.888901 -1.084831 0.774900 2.000000
0.034852 193.777802 241.777802 -0.526991 0.868013 2.000000
0.050126 178.666702 273.777802 -0.526991 1.116310 2.000000
0.078129 160.000000 328.000000 -0.650957 1.892238 3.000000
0.006849 160.000000 328.000000 -0.000142 -0.001029 0.000000
0.022123 161.777802 339.555511 0.061841 0.402453 0.000000
0.006849 165.333298 340.444489 0.123820 0.030012 0.000000
0.022123 171.555603 340.444489 0.216799 -0.001029 0.000000
0.009394 179.555603 336.000000 0.278778 -0.156216 0.000000
0.017032 189.333298 328.888885 0.340757 -0.249326 0.000000
0.001757 200.888901 320.000000 0.402744 -0.311400 0.000000
0.024669 231.111099 297.777802 1.053555 -0.776957 0.000000
0.014486 231.111099 297.777802 -0.000142 -0.001029 0.000000
0.019577 264.000000 279.111115 1.146529 -0.652810 0.000000
-0.000788 264.000000 279.111115 -0.000142 -0.001029 0.000000
0.011940 294.222198 268.444489 1.053555 -0.373473 0.000000
0.001757 294.222198 268.444489 -0.000142 -0.001029 0.000000
0.052672 337.777802 258.666687 1.518424 -0.342438 0.000000
0.052672 377.777802 249.777802 1.394458 -0.311400 2.000000
0.032306 388.444489 247.111099 0.371752 -0.094141 2.000000
0.052672 407.111115 241.777802 0.650670 -0.187250 2.000000
0.029760 408.888885 241.777802 0.061840 -0.001029 2.000000
0.055218 400.888885 241.777802 -0.279062 -0.001029 2.000000
0.050126 382.222198 243.555603 -0.650956 0.061047 2.000000
0.014486 354.666687 244.444397 -0.960865 0.030005 2.000000
-0.000788 354.666687 244.444397 -0.000142 -0.001029 2.000000
0.011940 338.666687 244.444397 -0.557982 -0.001029 2.000000
0.001757 320.888885 243.555603 -0.619965 -0.032062 2.000000
0.001757 302.222198 241.777802 -0.650956 -0.063104 3.000000
0.017032 282.666687 240.888901 -0.681945 -0.032066 0.000000
-0.000788 282.666687 240.888901 -0.000142 -0.001029 0.000000
0.001757 262.222198 240.888901 -0.712939 -0.001029 0.000000
0.014486 242.666702 241.777802 -0.681944 0.030009 0.000000
-0.000788 224.000000 244.444397 -0.650957 0.092080 0.000000
0.017032 207.111099 248.888901 -0.588974 0.154159 0.000000
0.001757 192.000000 255.111099 -0.526991 0.216231 0.000000
0.001757 192.000000 255.111099 -0.000142 -0.001029 0.000000
0.011940 177.777802 262.222198 -0.495999 0.247268 0.000000
-0.000788 165.333298 270.222198 -0.434020 0.278306 0.000000
-0.000788 154.666702 279.111115 -0.372033 0.309344 0.000000
0.014486 144.888901 288.000000 -0.341045 0.309343 0.000000
0.001757 137.777802 296.888885 -0.248071 0.309343 0.000000
0.034852 130.666702 312.888885 -0.248071 0.557641 0.000000
0.052672 129.777802 326.222198 -0.031134 0.464528 0.000000
0.047580 133.333298 336.000000 0.123820 0.340381 0.000000
0.011940 142.222198 340.444489 0.309769 0.154159 2.000000
0.009394 142.222198 340.444489 -0.000142 -0.001029 2.000000
0.050126 162.666702 334.222198 0.712655 -0.218291 2.000000
0.032306 172.444397 327.111115 0.340757 -0.249325 2.000000
0.055218 216.000000 291.555511 1.518424 -1.242517 2.000000
0.052672 276.444489 234.666702 2.107255 -1.987405 2.000000
0.011940 296.000000 215.111099 0.681661 -0.683848 2.000000
-0.000788 296.000000 215.111099 -0.000142 -0.001029 2.000000
0.052672 336.888885 173.333298 1.425449 -1.459777 2.000000
0.034852 347.555511 163.555603 0.371750 -0.342435 2.000000
0.032306 349.333313 161.777802 0.061841 -0.063104 3.000000
0.006849 349.333313 161.777802 -0.000142 -0.001029 3.000000
0.017032 344.000000 166.222198 -0.186088 0.154156 0.000000
0.001757 344.000000 166.222198 -0.000142 -0.001029 0.000000
0.055218 324.444489 195.555603 -0.681945 1.023201 0.000000
0.037397 309.333313 224.888901 -0.526993 1.023197 0.000000
0.039943 294.222198 261.333313 -0.526991 1.271495 0.000000
0.062855 274.666687 313.777802 -0.681945 1.830166 0.000000
0.017032 271.111115 327.111115 -0.124107 0.464528 0.000000
0.004303 268.444489 336.888885 -0.093114 0.340380 0.000000
0.062855 267.555511 348.444489 -0.031136 0.402456 2.000000
0.047580 267.555511 344.888885 -0.000142 -0.125179 2.000000
0.047580 267.555511 328.000000 -0.000142 -0.590735 2.000000
0.042489 257.777802 272.000000 -0.341042 -1.956371 2.000000
0.029760 249.777802 247.111099 -0.279062 -0.870070 2.000000
0.042489 227.555603 192.000000 -0.774919 -1.925333 2.000000
0.045035 200.000000 147.555603 -0.960868 -1.552886 2.000000
0.017032 170.666702 121.777802 -1.022848 -0.901108 2.000000
0.027215 157.333298 113.777802 -0.465011 -0.280363 2.000000
0.006849 145.777802 109.333298 -0.403025 -0.156217 3.000000
0.029760 128.888901 104.888901 -0.588974 -0.156213 0.000000
0.009394 123.555603 104.000000 -0.186088 -0.032066 0.000000
0.047580 120.000000 107.555603 -0.124108 0.123122 0.000000
0.050126 128.000000 141.333298 0.278778 1.178381 0.000000
0.045035 141.333298 176.000000 0.464723 1.209423 0.000000
0.042489 161.777802 208.000000 0.712655 1.116310 0.000000
0.014486 174.222198 221.333298 0.433732 0.464528 0.000000
0.011940 188.444397 232.000000 0.495715 0.371419 0.000000
0.017032 223.111099 246.222198 1.208512 0.495565 3.000000
0.011940 223.111099 246.222198 -0.000142 -0.001029 3.000000
0.019577 260.444489 248.888901 1.301486 0.092084 2.000000
0.009394 277.333313 248.000000 0.588687 -0.032066 2.000000
0.014486 293.333313 243.555603 0.557698 -0.156213 2.000000
0.004303 293.333313 243.555603 -0.000142 -0.001029 2.000000
0.011940 323.555511 232.000000 1.053555 -0.404514 2.000000
0.004303 337.777802 223.111099 0.495718 -0.311401 2.000000
0.014486 352.000000 212.444397 0.495715 -0.373476 2.000000
-0.000788 352.000000 212.444397 -0.000142 -0.001029 2.000000
0.004303 366.222198 199.111099 0.495715 -0.466585 2.000000
0.039943 390.222198 161.777802 0.836618 -1.304589 2.000000
0.037397 410.666687 123.555603 0.712655 -1.335626 2.000000
0.062855 426.666687 94.222221 0.557698 -1.025257 3.000000
0.014486 428.444489 91.555557 0.061841 -0.094140 0.000000
0.004303 428.444489 90.666656 -0.000142 -0.032066 0.000000
0.014486 428.444489 90.666656 -0.000142 -0.001029 0.000000
0.001757 424.888885 90.666656 -0.124108 -0.001029 0.000000
0.014486 419.555511 94.222221 -0.186090 0.123120 0.000000
0.001757 411.555511 98.666656 -0.279062 0.154157 0.000000
0.006849 402.666687 104.000000 -0.310051 0.185195 0.000000
0.014486 392.888885 110.222198 -0.341045 0.216231 0.000000
0.001757 392.888885 110.222198 -0.000142 -0.001029 0.000000
0.060309 365.333313 132.444397 -0.960867 0.774900 0.000000
0.037397 349.333313 146.666702 -0.557982 0.495569 0.000000
0.037397 332.444489 159.111099 -0.588971 0.433490 0.000000
0.017032 322.666687 163.555603 -0.341045 0.154159 0.000000
0.004303 312.000000 167.111099 -0.372036 0.123118 0.000000
0.004303 300.444489 169.777802 -0.403025 0.092084 0.000000
0.014486 288.000000 170.666702 -0.434019 0.030009 2.000000
0.011940 276.444489 170.666702 -0.403025 -0.001029 2.000000
0.014486 265.777802 169.777802 -0.372036 -0.032066 2.000000
0.004303 257.777802 168.000000 -0.279062 -0.063104 2.000000
0.014486 252.444397 166.222198 -0.186091 -0.063104 2.000000
0.004303 248.000000 165.333298 -0.155096 -0.032066 2.000000
0.014486 246.222198 165.333298 -0.062125 -0.001029 2.000000
0.004303 244.444397 165.333298 -0.062125 -0.001029 2.000000
0.017032 243.555603 167.111099 -0.031130 0.061047 2.000000
0.004303 243.555603 170.666702 -0.000142 0.123122 2.000000
0.009394 243.555603 175.111099 -0.000142 0.154156 2.000000
0.014486 243.555603 180.444397 -0.000142 0.185193 2.000000
0.009394 242.666702 186.666702 -0.031134 0.216235 2.000000
0.014486 240.000000 192.888901 -0.093117 0.216231 2.000000
0.004303 237.333298 199.111099 -0.093117 0.216231 2.000000
0.014486 228.444397 210.666702 -0.310054 0.402456 3.000000
0.001757 228.444397 210.666702 -0.000142 -0.001029 3.000000
0.017032 223.111099 216.000000 -0.186088 0.185193 0.000000
0.001757 218.666702 219.555603 -0.155096 0.123122 0.000000
0.001757 213.333298 222.222198 -0.186091 0.092080 0.000000
0.017032 208.888901 223.111099 -0.155096 0.030009 0.000000
0.001757 206.222198 223.111099 -0.093117 -0.001029 0.000000
0.014486 203.555603 223.111099 -0.093113 -0.001029 0.000000
0.001757 203.555603 223.111099 -0.000142 -0.001029 0.000000
0.001757 200.888901 219.555603 -0.093117 -0.125175 0.000000
0.011940 199.111099 214.222198 -0.062125 -0.187254 0.000000
0.004303 198.222198 207.111099 -0.031134 -0.249326 0.000000
0.017032 197.333298 197.333298 -0.031134 -0.342438 0.000000
0.001757 196.444397 185.777802 -0.031134 -0.404510 0.000000
0.057763 192.000000 144.000000 -0.155096 -1.459777 0.000000
0.034852 187.555603 117.333298 -0.155096 -0.932145 0.000000
0.055218 178.666702 97.777779 -0.310054 -0.683845 0.000000
0.014486 173.333298 90.666656 -0.186091 -0.249326 1.000000
0.004303 166.222198 85.333344 -0.248071 -0.187251 2.000000
0.055218 144.000000 81.777779 -0.774919 -0.125178 2.000000
0.039943 127.111099 89.777779 -0.588974 0.278306 2.000000
0.045035 112.888901 101.333298 -0.495999 0.402453 2.000000
0.047580 101.333298 112.888901 -0.403028 0.402456 2.000000
0.042489 92.444443 121.777802 -0.310052 0.309344 2.000000
0.045035 90.666656 122.666702 -0.062125 0.030009 2.000000
0.042489 90.666656 122.666702 -0.000142 -0.001029 0.000000
0.039943 93.333344 121.777802 0.092832 -0.032066 0.000000
0.060309 104.888901 117.333298 0.402742 -0.156217 0.000000
0.034852 108.444397 116.444397 0.123820 -0.032066 0.000000
0.034852 113.777802 115.555603 0.185807 -0.032062 0.000000
0.017032 117.333298 117.333298 0.123820 0.061043 0.000000
0.024669 118.222198 120.000000 0.030849 0.092084 0.000000
0.034852 123.555603 125.333298 0.185807 0.185193 0.000000
0.052672 130.666702 131.555603 0.247786 0.216235 0.000000
0.017032 137.777802 139.555603 0.247786 0.278306 1.000000
0.001757 137.777802 139.555603 -0.000142 -0.001029 1.000000
0.037397 139.555603 165.333298 0.061841 0.899047 2.000000
0.001757 139.555603 165.333298 -0.000142 -0.001029 2.000000
0.037397 129.777802 191.111099 -0.341045 0.899050 2.000000
0.057763 110.222198 232.000000 -0.681948 1.426682 2.000000
0.009394 104.000000 245.333298 -0.217079 0.464528 2.000000
0.001757 104.000000 245.333298 -0.000142 -0.001029 2.000000
0.055218 82.666656 284.444489 -0.743929 1.364610 2.000000
0.014486 75.555557 295.111115 -0.248071 0.371416 3.000000
0.001757 67.555557 304.000000 -0.279062 0.309343 3.000000
0.017032 60.444439 311.111115 -0.248071 0.247269 0.000000
0.004303 54.222221 316.444489 -0.217080 0.185196 0.000000
0.057763 46.222221 320.888885 -0.279062 0.154156 0.000000
0.014486 46.222221 316.444489 -0.000142 -0.156213 0.000000
0.001757 46.222221 316.444489 -0.000142 -0.001029 0.000000
0.014486 48.000000 297.777802 0.061840 -0.652810 0.000000
0.001757 48.000000 297.777802 -0.000142 -0.001029 0.000000
0.017032 51.555561 268.444489 0.123822 -1.025255 0.000000
0.001757 51.555561 268.444489 -0.000142 -0.001029 0.000000
0.006849 52.444439 249.777802 0.030849 -0.652810 0.000000
0.014486 52.444439 231.111099 -0.000142 -0.652811 0.000000
0.006849 51.555561 212.444397 -0.031133 -0.652811 0.000000
0.017032 48.000000 195.555603 -0.124107 -0.590732 0.000000
0.004303 41.777779 182.222198 -0.217080 -0.466589 0.000000
0.017032 25.777781 167.111099 -0.557982 -0.528660 0.000000
0.001757 25.777781 167.111099 -0.000142 -0.001029 2.000000
0.006849 16.888889 164.444397 -0.310053 -0.094141 2.000000
0.017032 8.888889 163.555603 -0.279062 -0.032062 2.000000
0.004303 1.777778 163.555603 -0.248071 -0.001029 2.000000
0.017032 -4.444445 164.444397 -0.217080 0.030005 2.000000
0.004303 -8.888889 167.111099 -0.155098 0.092084 2.000000
0.039943 -14.222220 171.555603 -0.186089 0.154159 2.000000
0.073038 -8.888889 184.888901 0.185804 0.464528 2.000000
0.027215 5.333333 197.333298 0.495716 0.433490 2.000000
0.039943 26.666670 210.666702 0.743645 0.464532 0.000000
0.045035 53.333328 223.111099 0.929591 0.433490 0.000000
0.042489 83.555557 235.555603 1.053556 0.433494 0.000000
0.017032 111.111099 244.444397 0.960582 0.309340 0.000000
0.004303 111.111099 244.444397 -0.000142 -0.001029 0.000000
0.075583 143.111099 251.555603 1.115538 0.247272 0.000000
0.029760 145.777802 252.444397 0.092832 0.030005 0.000000
0.045035 152.888901 251.555603 0.247786 -0.032062 0.000000
0.014486 156.444397 248.888901 0.123820 -0.094141 3.000000
0.004303 156.444397 248.888901 -0.000142 -0.001029 3.000000
0.014486 168.000000 240.000000 0.402744 -0.311401 2.000000
0.022123 176.000000 234.666702 0.278778 -0.187250 2.000000
0.034852 194.666702 223.111099 0.650672 -0.404514 2.000000
0.055218 224.000000 209.777802 1.022563 -0.466585 2.000000
0.037397 233.777802 205.333298 0.340761 -0.156217 2.000000
0.052672 264.000000 182.222198 1.053555 -0.807995 2.000000
0.032306 287.111115 156.444397 0.805627 -0.901108 0.000000
0.014486 299.555511 143.111099 0.433732 -0.466585 0.000000
0.019577 312.888885 132.444397 0.464726 -0.373476 0.000000
0.037397 334.222198 120.888901 0.743644 -0.404510 0.000000
0.057763 347.555511 127.111099 0.464724 0.216231 0.000000
0.029760 344.000000 146.666702 -0.124105 0.681791 0.000000
0.055218 332.444489 171.555603 -0.403025 0.868013 0.000000
0.017032 323.555511 192.888901 -0.310056 0.743862 0.000000
0.001757 323.555511 192.888901 -0.000142 -0.001029 0.000000
0.037397 321.777802 208.888901 -0.062122 0.557641 3.000000
0.014486 321.777802 215.111099 -0.000142 0.216231 3.000000
0.004303 321.777802 220.444397 -0.000142 0.185193 2.000000
0.006849 323.555511 225.777802 0.061838 0.185197 2.000000
0.009394 324.444489 232.000000 0.030852 0.216231 2.000000
0.001757 324.444489 232.000000 -0.000142 -0.001029 2.000000
0.052672 325.333313 249.777802 0.030847 0.619716 2.000000
0.067946 323.555511 267.555511 -0.062125 0.619713 2.000000
0.024669 323.555511 275.555511 -0.000142 0.278306 2.000000
0.019577 324.444489 279.111115 0.030852 0.123122 2.000000
0.004303 326.222198 283.555511 0.061838 0.154156 0.000000
0.052672 331.555511 292.444489 0.185804 0.309346 0.000000
0.029760 336.000000 303.111115 0.154815 0.371416 0.000000
0.037397 340.444489 313.777802 0.154815 0.371418 0.000000
0.004303 342.222198 319.111115 0.061838 0.185194 0.000000
0.034852 345.777802 328.000000 0.123824 0.309343 0.000000
0.055218 351.111115 333.333313 0.185804 0.185194 0.000000
0.014486 354.666687 334.222198 0.123823 0.030009 0.000000
0.001757 358.222198 334.222198 0.123821 -0.001029 0.000000
0.055218 372.444489 329.777802 0.495718 -0.156213 1.000000
0.042489 376.000000 318.222198 0.123821 -0.404514 2.000000
0.070492 366.222198 285.333313 -0.341045 -1.149404 2.000000
0.039943 347.555511 254.222198 -0.650956 -1.087330 2.000000
0.037397 321.777802 221.333298 -0.898882 -1.149405 2.000000
0.034852 286.222198 193.777802 -1.239788 -0.963179 2.000000
0.039943 240.000000 178.666702 -1.611679 -0.528660 2.000000
0.014486 214.222198 176.000000 -0.898885 -0.094141 2.000000
0.011940 188.444397 175.111099 -0.898885 -0.032066 2.000000
0.017032 166.222198 175.111099 -0.774919 -0.001029 3.000000
0.006849 148.444397 177.777802 -0.619965 0.092084 3.000000
0.014486 136.000000 178.666702 -0.434016 0.030009 0.000000
0.006849 130.666702 179.555603 -0.186088 0.030009 0.000000
0.070492 149.333298 179.555603 0.650669 -0.001029 0.000000
0.027215 190.222198 176.888901 1.425449 -0.094141 0.000000
0.055218 247.111099 176.888901 1.983289 -0.001029 0.000000
0.037397 312.000000 185.777802 2.262209 0.309344 0.000000
0.065400 389.333313 209.777802 2.696084 0.836975 0.000000
0.024669 416.888885 228.444397 0.960583 0.650750 1.000000
0.011940 423.111115 237.333298 0.216796 0.309344 1.000000
0.034852 421.333313 253.333298 -0.062125 0.557641 2.000000
0.024669 413.333313 260.444489 -0.279062 0.247272 2.000000
0.062855 367.111115 278.222198 -1.611679 0.619713 2.000000
0.019577 345.777802 282.666687 -0.743928 0.154159 2.000000
0.052672 286.222198 297.777802 -2.076548 0.526604 2.000000
0.034852 253.333298 309.333313 -1.146814 0.402453 2.000000
0.014486 240.000000 314.666687 -0.465008 0.185196 2.000000
0.001757 229.333298 319.111115 -0.372037 0.154157 3.000000
0.001757 229.333298 319.111115 -0.000142 -0.001029 3.000000
0.065400 222.222198 328.888885 -0.248071 0.340380 0.000000
0.022123 229.333298 328.888885 0.247786 -0.001029 0.000000
0.014486 240.888901 326.222198 0.402744 -0.094141 0.000000
-0.000788 240.888901 326.222198 -0.000142 -0.001029 0.000000
0.017032 270.222198 314.666687 1.022563 -0.404510 0.000000
0.001757 270.222198 314.666687 -0.000142 -0.001029 0.000000
0.004303 287.111115 305.777802 0.588690 -0.311400 0.000000
0.014486 305.777802 294.222198 0.650672 -0.404514 0.000000
0.001757 324.444489 280.000000 0.650672 -0.497623 0.000000
0.014486 344.000000 262.222198 0.681661 -0.621773 0.000000
0.001757 363.555511 240.888901 0.681661 -0.745920 0.000000
0.001757 381.333313 217.777802 0.619681 -0.807995 0.000000
0.011940 396.444489 194.666702 0.526709 -0.807995 0.000000
0.001757 409.777802 172.444397 0.464724 -0.776961 0.000000
0.017032 420.444489 153.777802 0.371752 -0.652807 1.000000
0.004303 420.444489 153.777802 -0.000142 -0.001029 1.000000
0.001757 429.333313 138.666702 0.309767 -0.528660 2.000000
0.014486 441.777802 119.111099 0.433735 -0.683848 2.000000
0.001757 441.777802 119.111099 -0.000142 -0.001029 2.000000
0.017032 445.333313 113.777802 0.123821 -0.187250 2.000000
0.019577 447.111115 110.222198 0.061841 -0.125179 2.000000
0.029760 443.555511 109.333298 -0.124108 -0.032066 2.000000
0.055218 426.666687 114.666702 -0.588971 0.185197 2.000000
0.065400 389.333313 134.222198 -1.301770 0.681787 2.000000
0.022123 379.555511 141.333298 -0.341045 0.247268 2.000000
0.039943 363.555511 154.666702 -0.557982 0.464532 2.000000
0.019577 351.111115 166.222198 -0.434016 0.402453 0.000000
0.009394 345.777802 172.444397 -0.186088 0.216231 0.000000
0.045035 333.333313 186.666702 -0.434019 0.495569 0.000000
0.045035 322.666687 201.777802 -0.372034 0.526603 0.000000
0.045035 318.222198 215.111099 -0.155099 0.464528 0.000000
0.039943 320.888885 224.000000 0.092832 0.309344 0.000000
0.070492 346.666687 224.000000 0.898601 -0.001029 0.000000
0.027215 354.666687 219.555603 0.278778 -0.156213 0.000000
0.045035 374.222198 192.000000 0.681661 -0.963183 1.000000
0.039943 377.777802 177.777802 0.123824 -0.497623 2.000000
0.014486 380.444489 160.888901 0.092832 -0.590735 2.000000
0.019577 381.333313 125.333298 0.030847 -1.242517 2.000000
0.032306 376.000000 96.000000 -0.186088 -1.025254 2.000000
0.034852 363.555511 78.222221 -0.434019 -0.621772 2.000000
-0.000788 363.555511 78.222221 -0.000142 -0.001029 2.000000
0.067946 343.111115 65.777779 -0.712936 -0.435549 2.000000
0.024669 331.555511 63.111111 -0.403028 -0.094140 2.000000
0.067946 313.777802 62.222221 -0.619962 -0.032066 0.000000
0.022123 306.666687 64.000000 -0.248071 0.061046 0.000000
0.065400 286.222198 73.777779 -0.712939 0.340380 0.000000
0.024669 280.000000 79.111107 -0.217079 0.185194 0.000000
0.017032 272.888885 92.444443 -0.248071 0.464529 0.000000
-0.000788 272.888885 92.444443 -0.000142 -0.001029 0.000000
0.014486 270.222198 107.555603 -0.093116 0.526605 0.000000
0.017032 269.333313 114.666702 -0.031133 0.247268 0.000000
0.073038 264.000000 128.888901 -0.186088 0.495565 0.000000
0.024669 260.444489 130.666702 -0.124105 0.061047 0.000000
0.017032 251.555603 132.444397 -0.310053 0.061043 1.000000
0.009394 247.111099 132.444397 -0.155100 -0.001029 1.000000
0.011940 241.777802 129.777802 -0.186088 -0.094138 2.000000
0.001757 241.777802 129.777802 -0.000142 -0.001029 2.000000
0.011940 232.000000 121.777802 -0.341045 -0.280363 2.000000
-0.000788 232.000000 121.777802 -0.000142 -0.001029 2.000000
0.001757 227.555603 115.555603 -0.155096 -0.218288 2.000000
0.014486 223.111099 108.444397 -0.155100 -0.249329 2.000000
0.004303 217.777802 99.555557 -0.186088 -0.311399 2.000000
0.014486 212.444397 89.777779 -0.186091 -0.342438 2.000000
0.004303 207.111099 80.000000 -0.186088 -0.342438 2.000000
0.004303 199.111099 71.111107 -0.279062 -0.311400 2.000000
0.022123 191.111099 63.111111 -0.279062 -0.280363 2.000000
0.019577 182.222198 56.888889 -0.310054 -0.218289 2.000000
0.004303 172.444397 53.333328 -0.341045 -0.125177 2.000000
0.022123 153.777802 53.333328 -0.650953 -0.001029 2.000000
0.042489 141.333298 62.222221 -0.434020 0.309343 2.000000
0.050126 136.888901 77.333344 -0.155096 0.526604 0.000000
0.042489 139.555603 96.000000 0.092832 0.650752 0.000000
0.032306 147.555603 115.555603 0.278778 0.681791 0.000000
0.039943 154.666702 136.000000 0.247786 0.712825 0.000000
0.042489 158.222198 160.000000 0.123820 0.836975 0.000000
0.045035 158.222198 183.111099 -0.000142 0.805938 0.000000
0.073038 154.666702 204.444397 -0.124105 0.743862 0.000000
0.034852 153.777802 205.333298 -0.031134 0.030009 0.000000
0.027215 152.888901 204.444397 -0.031134 -0.032066 2.000000
0.065400 149.333298 198.222198 -0.124108 -0.218288 2.000000
-0.000788 146.666702 195.555603 -0.093113 -0.094138 2.000000
0.001757 146.666702 195.555603 -0.000142 -0.001029 2.000000
0.057763 135.111099 185.777802 -0.403028 -0.342438 2.000000
0.062855 115.555603 165.333298 -0.681944 -0.714886 2.000000
0.022123 108.444397 156.444397 -0.248074 -0.311401 2.000000
0.032306 94.222221 136.000000 -0.495998 -0.714882 3.000000
0.017032 88.000000 128.000000 -0.217080 -0.280363 3.000000
0.001757 83.555557 121.777802 -0.155098 -0.218288 0.000000
0.001757 79.111107 119.111099 -0.155098 -0.094141 0.000000
0.062855 67.555557 121.777802 -0.403026 0.092084 0.000000
0.001757 67.555557 121.777802 -0.000142 -0.001029 0.000000
0.006849 63.111111 128.888901 -0.155098 0.247268 0.000000
0.037397 55.111111 149.333298 -0.279062 0.712825 0.000000
0.042489 53.333328 174.222198 -0.062125 0.868013 0.000000
0.017032 56.888889 199.111099 0.123822 0.868013 0.000000
0.006849 56.888889 199.111099 -0.000142 -0.001029 0.000000
0.017032 68.444443 217.777802 0.402742 0.650753 0.000000
0.009394 74.666656 225.777802 0.216795 0.278306 0.000000
0.011940 81.777779 232.888901 0.247787 0.247268 0.000000
0.001757 81.777779 232.888901 -0.000142 -0.001029 0.000000
0.009394 94.222221 242.666702 0.433733 0.340381 1.000000
0.014486 98.666656 246.222198 0.154813 0.123118 1.000000
0.009394 102.222198 249.777802 0.123822 0.123122 2.000000
0.014486 104.000000 252.444397 0.061841 0.092080 2.000000
0.009394 104.888901 254.222198 0.030849 0.061047 2.000000
0.017032 105.777802 256.000000 0.030849 0.061047 2.000000
0.009394 105.777802 256.888885 -0.000142 0.030009 2.000000
0.014486 105.777802 256.888885 -0.000142 -0.001029 2.000000
0.009394 106.666702 256.888885 0.030849 -0.001029 2.000000
0.067946 109.333298 243.555603 0.092829 -0.466584 2.000000
0.024669 112.888901 220.444397 0.123824 -0.807998 2.000000
0.017032 113.777802 206.222198 0.030849 -0.497623 3.000000
0.004303 113.777802 206.222198 -0.000142 -0.001029 3.000000
0.017032 112.000000 174.222198 -0.062125 -1.118367 0.000000
0.039943 104.000000 146.666702 -0.279062 -0.963179 0.000000
0.037397 92.444443 127.111099 -0.403027 -0.683848 0.000000
0.042489 78.222221 116.444397 -0.496000 -0.373476 0.000000
0.029760 63.111111 113.777802 -0.526991 -0.094138 0.000000
0.042489 46.222221 119.111099 -0.588973 0.185193 0.000000
0.045035 25.777781 136.888901 -0.712938 0.619716 0.000000
0.017032 15.111110 148.444397 -0.372036 0.402453 0.000000
0.006849 7.111111 161.777802 -0.279062 0.464532 0.000000
0.073038 -4.444445 212.444397 -0.403027 1.768088 0.000000
0.009394 0.000000 222.222198 0.154813 0.340381 2.000000
0.019577 6.222222 231.111099 0.216796 0.309344 2.000000
0.037397 27.555559 245.333298 0.743645 0.495565 2.000000
-0.000788 27.555559 245.333298 -0.000142 -0.001029 2.000000
0.004303 40.888889 249.777802 0.464724 0.154159 2.000000
0.014486 54.222221 254.222198 0.464724 0.154156 2.000000
0.001757 69.333344 256.888885 0.526707 0.092084 2.000000
0.011940 83.555557 260.444489 0.495715 0.123122 2.000000
0.001757 98.666656 263.111115 0.526706 0.092082 2.000000
-0.000788 98.666656 263.111115 -0.000142 -0.001029 2.000000
0.014486 130.666702 270.222198 1.115539 0.247268 2.000000
-0.000788 130.666702 270.222198 -0.000142 -0.001029 2.000000
0.001757 146.666702 272.888885 0.557698 0.092084 2.000000
0.014486 161.777802 276.444489 0.526706 0.123122 3.000000
0.004303 176.888901 280.000000 0.526706 0.123119 3.000000
0.011940 190.222198 283.555511 0.464723 0.123119 3.000000
0.004303 202.666702 286.222198 0.433735 0.092084 0.000000
0.004303 202.666702 286.222198 -0.000142 -0.001029 0.000000
0.009394 226.666702 289.777802 0.836618 0.123122 0.000000
-0.000788 226.666702 289.777802 -0.000142 -0.001029 0.000000
0.014486 236.444397 289.777802 0.340757 -0.001029 0.000000
0.019577 253.333298 289.777802 0.588689 -0.001029 0.000000
0.070492 269.333313 285.333313 0.557698 -0.156216 0.000000
0.022123 273.777802 282.666687 0.154815 -0.094139 0.000000
0.065400 289.777802 262.222198 0.557698 -0.714885 0.000000
0.022123 301.333313 238.222198 0.402741 -0.839032 0.000000
0.034852 313.777802 205.333298 0.433735 -1.149405 2.000000
0.017032 313.777802 205.333298 -0.000142 -0.001029 2.000000
0.001757 321.777802 188.444397 0.278778 -0.590735 2.000000
0.004303 328.888885 173.333298 0.247786 -0.528660 2.000000
0.014486 336.888885 160.000000 0.278778 -0.466585 2.000000
0.004303 345.777802 148.444397 0.309770 -0.404514 2.000000
0.017032 353.777802 140.444397 0.278778 -0.280363 2.000000
0.001757 361.777802 134.222198 0.278778 -0.218288 2.000000
0.017032 369.777802 129.777802 0.278778 -0.156213 2.000000
0.001757 376.000000 127.111099 0.216795 -0.094141 2.000000
0.004303 383.111115 126.222198 0.247787 -0.032066 2.000000
0.014486 388.444489 126.222198 0.185806 -0.001029 2.000000
0.001757 393.777802 130.666702 0.185804 0.154159 2.000000
0.017032 399.111115 137.777802 0.185804 0.247268 2.000000
-0.000788 399.111115 137.777802 -0.000142 -0.001029 2.000000
0.001757 402.666687 147.555603 0.123823 0.340381 2.000000
0.017032 405.333313 159.111099 0.092830 0.402453 2.000000
0.001757 407.111115 171.555603 0.061841 0.433494 2.000000
0.019577 410.666687 196.444397 0.123823 0.868009 0.000000
0.009394 410.666687 196.444397 -0.000142 -0.001029 0.000000
0.006849 412.444489 208.000000 0.061841 0.402456 0.000000
0.001757 414.222198 217.777802 0.061838 0.340381 0.000000
0.001757 416.888885 225.777802 0.092832 0.278306 0.000000
0.014486 419.555511 233.777802 0.092830 0.278306 0.000000
0.004303 423.111115 240.000000 0.123824 0.216231 0.000000
0.014486 426.666687 244.444397 0.123823 0.154156 0.000000
-0.000788 426.666687 244.444397 -0.000142 -0.001029 0.000000
0.004303 430.222198 247.111099 0.123821 0.092084 0.000000
0.017032 437.333313 248.888901 0.247787 0.061047 0.000000
0.034852 440.000000 248.888901 0.092832 -0.001029 0.000000
0.019577 445.333313 244.444397 0.185804 -0.156217 0.000000
0.067946 449.777802 230.222198 0.154815 -0.497623 0.000000
0.027215 450.666687 217.777802 0.030849 -0.435547 1.000000
0.034852 448.888885 211.555603 -0.062125 -0.218288 2.000000
0.017032 446.222198 205.333298 -0.093116 -0.218292 2.000000
0.004303 440.888885 199.111099 -0.186088 -0.218288 2.000000
0.014486 434.666687 192.888901 -0.217079 -0.218288 2.000000
0.019577 418.666687 184.000000 -0.557982 -0.311401 2.000000
0.065400 390.222198 188.444397 -0.991859 0.154156 2.000000
0.032306 380.444489 196.444397 -0.341042 0.278306 2.000000
0.060309 353.777802 240.000000 -0.929876 1.519795 2.000000
0.042489 342.222198 271.111115 -0.403028 1.085273 2.000000
0.001757 337.777802 285.333313 -0.155096 0.495565 2.000000
0.006849 334.222198 296.888885 -0.124108 0.402455 2.000000
0.045035 326.222198 318.222198 -0.279062 0.743863 0.000000
0.042489 324.444489 321.777802 -0.062122 0.123122 0.000000
0.014486 323.555511 323.555511 -0.031136 0.061043 0.000000
0.042489 323.555511 324.444489 -0.000142 0.030012 0.000000
0.039943 323.555511 324.444489 -0.000142 -0.001029 0.000000
0.034852 323.555511 324.444489 -0.000142 -0.001029 0.000000
0.052672 326.222198 323.555511 0.092832 -0.032069 0.000000
0.024669 335.111115 316.444489 0.309770 -0.249323 0.000000
0.070492 359.111115 291.555511 0.836618 -0.870073 0.000000
0.022123 368.888885 279.111115 0.340760 -0.435547 1.000000
0.034852 385.777802 249.777802 0.588690 -1.025255 2.000000
0.014486 393.777802 236.444397 0.278778 -0.466589 2.000000
0.001757 400.000000 225.777802 0.216795 -0.373472 2.000000
0.014486 404.444489 216.888901 0.154815 -0.311401 2.000000
0.060309 413.333313 200.888901 0.309767 -0.559698 2.000000
0.001757 413.333313 200.888901 -0.000142 -0.001029 2.000000
0.014486 416.000000 196.444397 0.092832 -0.156217 2.000000
0.047580 424.888885 176.888901 0.309769 -0.683844 2.000000
0.022123 428.444489 168.000000 0.123824 -0.311401 2.000000
0.060309 432.000000 136.888901 0.123821 -1.087329 2.000000
0.055218 422.222198 120.888901 -0.341045 -0.559698 0.000000
0.019577 414.222198 120.000000 -0.279062 -0.032066 0.000000
0.047580 391.111115 121.777802 -0.805910 0.061047 0.000000
0.014486 355.555511 132.444397 -1.239788 0.371415 0.000000
-0.000788 355.555511 132.444397 -0.000142 -0.001029 0.000000
0.014486 334.222198 142.222198 -0.743928 0.340381 0.000000
0.001757 312.888885 155.555603 -0.743928 0.464532 0.000000
0.001757 291.555511 171.555603 -0.743930 0.557641 0.000000
0.014486 272.000000 190.222198 -0.681945 0.650750 0.000000
0.001757 272.000000 190.222198 -0.000142 -0.001029 0.000000
0.017032 234.666702 228.444397 -1.301768 1.333569 0.000000
0.004303 216.888901 247.111099 -0.619965 0.650753 0.000000
0.011940 200.888901 265.777802 -0.557982 0.650753 0.000000
-0.000788 200.888901 265.777802 -0.000142 -0.001029 0.000000
0.004303 185.777802 282.666687 -0.526991 0.588678 0.000000
0.014486 170.666702 297.777802 -0.526991 0.526604 0.000000
0.006849 156.444397 311.111115 -0.496003 0.464528 0.000000
0.022123 131.555603 329.777802 -0.867890 0.650753 0.000000
0.006849 121.777802 335.111115 -0.341045 0.185194 2.000000
0.024669 113.777802 338.666687 -0.279062 0.123121 2.000000
0.047580 102.222198 337.777802 -0.403028 -0.032066 2.000000
0.042489 96.000000 323.555511 -0.217079 -0.497626 2.000000
0.042489 92.444443 298.666687 -0.124107 -0.870067 2.000000
0.045035 88.888893 253.333298 -0.124106 -1.583927 2.000000
0.042489 84.444443 227.555603 -0.155098 -0.901104 2.000000
0.045035 79.111107 205.333298 -0.186089 -0.776961 2.000000
0.039943 75.555557 180.444397 -0.124106 -0.870070 0.000000
0.034852 74.666656 152.888901 -0.031134 -0.963179 0.000000
0.057763 74.666656 114.666702 -0.000142 -1.335626 0.000000
0.037397 72.888893 99.555557 -0.062124 -0.528662 0.000000
0.024669 70.222221 95.111107 -0.093116 -0.156215 0.000000
0.067946 61.333328 88.888893 -0.310053 -0.218288 0.000000
0.022123 57.777779 88.000000 -0.124106 -0.032066 0.000000
0.065400 57.777779 87.111107 -0.000142 -0.032066 0.000000
0.022123 64.000000 93.333344 0.216796 0.216232 1.000000
0.019577 71.111107 98.666656 0.247787 0.185194 2.000000
0.034852 94.222221 107.555603 0.805627 0.309345 2.000000
0.047580 128.000000 108.444397 1.177520 0.030005 2.000000
0.019577 168.000000 103.111099 1.394458 -0.187250 2.000000
0.070492 223.111099 86.222221 1.921306 -0.590735 2.000000
0.009394 237.333298 81.777779 0.495715 -0.156214 2.000000
0.014486 248.888901 80.000000 0.402744 -0.063103 2.000000
0.001757 257.777802 80.000000 0.309769 -0.001029 2.000000
0.001757 257.777802 80.000000 -0.000142 -0.001029 2.000000
0.011940 264.000000 80.000000 0.216795 -0.001029 2.000000
0.001757 268.444489 83.555557 0.154815 0.123120 3.000000
0.014486 269.333313 88.888893 0.030847 0.185195 3.000000
0.004303 269.333313 95.111107 -0.000142 0.216231 0.000000
0.014486 268.444489 104.000000 -0.031131 0.309343 0.000000
0.001757 263.111115 113.777802 -0.186090 0.340381 0.000000
0.004303 257.777802 124.444397 -0.186088 0.371415 0.000000
0.014486 251.555603 136.000000 -0.217079 0.402456 0.000000
0.001757 246.222198 148.444397 -0.186091 0.433490 0.000000
0.017032 242.666702 160.888901 -0.124105 0.433494 0.000000
0.004303 239.111099 173.333298 -0.124108 0.433490 0.000000
0.004303 239.111099 173.333298 -0.000142 -0.001029 0.000000
0.017032 235.555603 197.333298 -0.124105 0.836975 0.000000
0.001757 235.555603 197.333298 -0.000142 -0.001029 0.000000
0.017032 235.555603 217.777802 -0.000142 0.712829 0.000000
0.004303 235.555603 217.777802 -0.000142 -0.001029 0.000000
0.017032 240.888901 233.777802 0.185803 0.557641 0.000000
0.039943 248.888901 244.444397 0.278778 0.371415 0.000000
0.029760 252.444397 246.222198 0.123820 0.061047 0.000000
0.042489 261.333313 243.555603 0.309770 -0.094138 1.000000
