0.006849 182.222198 78.222221 -0.124108 -0.001029 2.000000
0.024669 175.111099 77.333344 -0.248071 -0.032065 2.000000
0.004303 175.111099 77.333344 -0.000142 -0.001029 2.000000
0.019577 168.888901 75.555557 -0.217079 -0.063103 2.000000
0.006849 166.222198 73.777779 -0.093117 -0.063103 2.000000
0.019577 162.666702 72.000000 -0.124105 -0.063103 2.000000
0.006849 159.111099 71.111107 -0.124108 -0.032066 2.000000
0.019577 155.555603 69.333344 -0.124105 -0.063102 2.000000
0.006849 151.111099 68.444443 -0.155100 -0.032066 2.000000
0.022123 140.444397 69.333344 -0.372037 0.030009 1.000000
0.006849 140.444397 69.333344 -0.000142 -0.001029 1.000000
0.017032 132.444397 73.777779 -0.279062 0.154157 0.000000
0.006849 132.444397 73.777779 -0.000142 -0.001029 0.000000
0.017032 128.888901 81.777779 -0.124105 0.278306 0.000000
0.006849 128.888901 86.222221 -0.000142 0.154157 0.000000
0.019577 129.777802 91.555557 0.030849 0.185195 0.000000
0.045035 137.777802 103.111099 0.278778 0.402454 0.000000
0.042489 148.444397 116.444397 0.371749 0.464528 0.000000
0.057763 167.111099 141.333298 0.650672 0.868013 0.000000
0.042489 178.666702 159.111099 0.402744 0.619716 1.000000
0.042489 193.777802 178.666702 0.526706 0.681791 2.000000
0.039943 196.444397 182.222198 0.092829 0.123118 2.000000
0.004303 198.222198 184.000000 0.061841 0.061047 2.000000
0.019577 199.111099 184.888901 0.030849 0.030009 2.000000
0.037397 198.222198 184.888901 -0.031134 -0.001029 2.000000
0.062855 188.444397 178.666702 -0.341045 -0.218288 2.000000
0.037397 177.777802 168.000000 -0.372033 -0.373476 2.000000
0.037397 166.222198 154.666702 -0.403028 -0.466585 1.000000
0.024669 154.666702 143.111099 -0.403025 -0.404514 0.000000
0.017032 147.555603 137.777802 -0.248071 -0.187250 0.000000
0.050126 134.222198 130.666702 -0.465011 -0.249326 0.000000
0.001757 127.111099 128.000000 -0.248071 -0.094141 0.000000
0.011940 120.888901 125.333298 -0.217079 -0.094141 0.000000
0.001757 114.666702 124.444397 -0.217079 -0.032066 0.000000
0.014486 108.444397 122.666702 -0.217083 -0.063100 0.000000
0.001757 108.444397 122.666702 -0.000142 -0.001029 0.000000
0.004303 96.000000 121.777802 -0.434016 -0.032066 0.000000
0.017032 89.777779 120.888901 -0.217080 -0.032066 0.000000
0.001757 89.777779 120.888901 -0.000142 -0.001029 0.000000
0.011940 83.555557 120.888901 -0.217080 -0.001029 0.000000
0.004303 72.888893 120.888901 -0.372035 -0.001029 1.000000
0.004303 72.888893 120.888901 -0.000142 -0.001029 1.000000
0.011940 68.444443 120.888901 -0.155098 -0.001029 1.000000
0.011940 66.666656 120.888901 -0.062125 -0.001029 2.000000
0.017032 65.777779 120.000000 -0.031133 -0.032066 2.000000
0.004303 65.777779 120.000000 -0.000142 -0.001029 2.000000
0.019577 67.555557 117.333298 0.061840 -0.094141 2.000000
0.006849 67.555557 117.333298 -0.000142 -0.001029 2.000000
0.022123 75.555557 111.111099 0.278778 -0.218288 2.000000
0.004303 80.888893 108.444397 0.185805 -0.094141 2.000000
0.019577 86.222221 104.888901 0.185804 -0.125175 2.000000
0.006849 90.666656 102.222198 0.154813 -0.094141 2.000000
0.019577 96.000000 98.666656 0.185805 -0.125177 2.000000
0.006849 101.333298 96.888893 0.185803 -0.063102 2.000000
0.019577 110.222198 93.333344 0.309769 -0.125177 1.000000
0.006849 110.222198 93.333344 -0.000142 -0.001029 1.000000
0.019577 115.555603 93.333344 0.185807 -0.001029 1.000000
0.006849 117.333298 95.111107 0.061837 0.061045 0.000000
0.022123 117.333298 98.666656 -0.000142 0.123120 0.000000
0.001757 115.555603 104.888901 -0.062121 0.216232 0.000000
0.032306 109.333298 119.111099 -0.217083 0.495565 0.000000
0.027215 105.777802 127.111099 -0.124105 0.278306 0.000000
0.045035 101.333298 144.000000 -0.155100 0.588678 0.000000
0.037397 100.444397 161.777802 -0.031134 0.619716 0.000000
0.062855 104.000000 187.555603 0.123824 0.899050 0.000000
0.037397 108.444397 202.666702 0.154812 0.526603 1.000000
0.037397 111.111099 215.111099 0.092832 0.433490 2.000000
0.024669 112.000000 225.777802 0.030849 0.371419 2.000000
0.014486 112.000000 229.333298 -0.000142 0.123118 2.000000
0.034852 112.000000 232.000000 -0.000142 0.092084 2.000000
0.057763 110.222198 234.666702 -0.062125 0.092084 2.000000
0.029760 110.222198 233.777802 -0.000142 -0.032066 2.000000
0.057763 120.000000 218.666702 0.340761 -0.528660 1.000000
0.029760 125.333298 211.555603 0.185803 -0.249326 1.000000
0.052672 150.222198 187.555603 0.867609 -0.839032 0.000000
0.052672 173.333298 170.666702 0.805626 -0.590735 0.000000
-0.003334 185.777802 162.666702 0.433735 -0.280363 0.000000
0.001757 185.777802 162.666702 -0.000142 -0.001029 0.000000
0.011940 198.222198 154.666702 0.433732 -0.280363 0.000000
-0.000788 211.555603 148.444397 0.464727 -0.218292 0.000000
0.011940 224.000000 143.111099 0.433732 -0.187250 0.000000
-0.000788 236.444397 138.666702 0.433732 -0.156213 0.000000
0.001757 247.111099 136.000000 0.371752 -0.094141 0.000000
0.011940 257.777802 135.111099 0.371752 -0.032066 0.000000
-0.000788 257.777802 135.111099 -0.000142 -0.001029 0.000000
0.001757 265.777802 135.111099 0.278778 -0.001029 0.000000
0.014486 272.888885 136.000000 0.247786 0.030009 1.000000
0.004303 278.222198 138.666702 0.185804 0.092084 1.000000
0.006849 282.666687 142.222198 0.154815 0.123118 1.000000
0.006849 284.444489 147.555603 0.061841 0.185197 1.000000
0.019577 285.333313 152.888901 0.030847 0.185193 2.000000
-0.000788 285.333313 159.111099 -0.000142 0.216231 2.000000
0.006849 283.555511 166.222198 -0.062125 0.247268 2.000000
0.014486 280.000000 173.333298 -0.124105 0.247268 2.000000
0.004303 276.444489 180.444397 -0.124105 0.247268 2.000000
0.014486 272.888885 186.666702 -0.124108 0.216235 2.000000
0.001757 272.888885 186.666702 -0.000142 -0.001029 2.000000
0.022123 269.333313 197.333298 -0.124107 0.371415 2.000000
0.001757 269.333313 197.333298 -0.000142 -0.001029 2.000000
0.006849 269.333313 202.666702 -0.000142 0.185197 2.000000
0.014486 269.333313 211.555603 -0.000142 0.309344 2.000000
0.006849 270.222198 216.000000 0.030849 0.154156 2.000000
0.014486 271.111115 220.444397 0.030850 0.154156 2.000000
0.004303 271.111115 224.888901 -0.000142 0.154159 1.000000
0.019577 272.000000 229.333298 0.030849 0.154156 1.000000
0.004303 272.000000 232.888901 -0.000142 0.123122 1.000000
0.019577 272.000000 237.333298 -0.000142 0.154156 0.000000
0.004303 272.000000 240.888901 -0.000142 0.123122 0.000000
0.019577 272.000000 244.444397 -0.000142 0.123118 0.000000
0.050126 271.111115 248.000000 -0.031133 0.123122 0.000000
0.034852 267.555511 247.111099 -0.124108 -0.032066 0.000000
0.050126 261.333313 240.000000 -0.217079 -0.249326 0.000000
0.057763 250.666702 226.666702 -0.372034 -0.466585 0.000000
0.006849 243.555603 218.666702 -0.248071 -0.280363 1.000000
0.011940 236.444397 209.777802 -0.248074 -0.311401 1.000000
0.052672 215.111099 184.000000 -0.743928 -0.901108 1.000000
0.001757 208.888901 176.888901 -0.217079 -0.249326 2.000000
0.014486 203.555603 169.777802 -0.186088 -0.249326 2.000000
0.050126 195.555603 160.888901 -0.279062 -0.311401 2.000000
0.045035 191.111099 156.444397 -0.155100 -0.156217 2.000000
0.037397 190.222198 154.666702 -0.031134 -0.063100 2.000000
0.057763 196.444397 159.111099 0.216795 0.154156 2.000000
0.052672 218.666702 171.555603 0.774638 0.433494 1.000000
0.006849 230.222198 176.888901 0.402740 0.185193 0.000000
0.032306 242.666702 182.222198 0.433735 0.185193 0.000000
0.017032 256.000000 188.444397 0.464723 0.216231 0.000000
0.004303 270.222198 193.777802 0.495715 0.185197 0.000000
0.019577 300.444489 208.888901 1.053558 0.526603 0.000000
0.009394 300.444489 208.888901 -0.000142 -0.001029 0.000000
0.022123 329.777802 224.888901 1.022564 0.557641 0.000000
0.004303 344.000000 232.888901 0.495715 0.278306 0.000000
0.024669 356.444489 240.888901 0.433735 0.278306 0.000000
0.009394 366.222198 247.111099 0.340758 0.216231 0.000000
0.022123 382.222198 256.000000 0.557698 0.309344 0.000000
0.006849 382.222198 256.000000 -0.000142 -0.001029 0.000000
0.027215 391.111115 258.666687 0.309770 0.092084 2.000000
0.014486 392.888885 258.666687 0.061840 -0.001029 2.000000
0.019577 393.777802 256.888885 0.030850 -0.063104 2.000000
0.019577 392.000000 248.000000 -0.062125 -0.311400 2.000000
0.001757 392.000000 248.000000 -0.000142 -0.001029 2.000000
0.019577 386.666687 231.111099 -0.186088 -0.590735 2.000000
0.001757 384.000000 220.444397 -0.093116 -0.373476 2.000000
-0.000788 384.000000 220.444397 -0.000142 -0.001029 2.000000
0.014486 383.111115 208.888901 -0.031133 -0.404510 2.000000
-0.000788 382.222198 199.111099 -0.031134 -0.342438 2.000000
0.014486 382.222198 190.222198 -0.000142 -0.311401 2.000000
0.004303 382.222198 183.111099 -0.000142 -0.249326 2.000000
0.001757 382.222198 183.111099 -0.000142 -0.001029 2.000000
0.011940 382.222198 175.111099 -0.000142 -0.280363 2.000000
0.006849 381.333313 172.444397 -0.031133 -0.094141 1.000000
0.017032 380.444489 170.666702 -0.031131 -0.063100 1.000000
0.001757 380.444489 170.666702 -0.000142 -0.001029 1.000000
0.022123 377.777802 168.888901 -0.093116 -0.063104 0.000000
0.001757 376.000000 168.000000 -0.062125 -0.032066 0.000000
0.022123 375.111115 168.000000 -0.031133 -0.001029 0.000000
0.060309 368.888885 168.000000 -0.217080 -0.001029 0.000000
0.042489 362.666687 168.000000 -0.217079 -0.001029 0.000000
0.042489 353.777802 168.000000 -0.310053 -0.001029 0.000000
0.042489 344.888885 167.111099 -0.310054 -0.032066 0.000000
0.047580 331.555511 161.777802 -0.465010 -0.187250 2.000000
0.050126 319.111115 157.333298 -0.434016 -0.156217 2.000000
0.004303 311.111115 154.666702 -0.279062 -0.094138 2.000000
0.014486 303.111115 153.777802 -0.279062 -0.032066 2.000000
0.001757 294.222198 152.888901 -0.310054 -0.032066 2.000000
0.017032 286.222198 152.000000 -0.279062 -0.032066 2.000000
0.004303 279.111115 151.111099 -0.248070 -0.032066 2.000000
0.019577 272.888885 150.222198 -0.217080 -0.032066 2.000000
0.001757 267.555511 150.222198 -0.186090 -0.001029 2.000000
0.006849 267.555511 150.222198 -0.000142 -0.001029 2.000000
0.014486 258.666687 150.222198 -0.310051 -0.001029 2.000000
0.001757 258.666687 150.222198 -0.000142 -0.001029 2.000000
0.011940 252.444397 155.555603 -0.217082 0.185197 2.000000
0.001757 252.444397 155.555603 -0.000142 -0.001029 1.000000
0.004303 249.777802 160.000000 -0.093113 0.154156 1.000000
0.014486 248.000000 165.333298 -0.062125 0.185193 0.000000
0.004303 248.000000 171.555603 -0.000142 0.216235 0.000000
0.017032 248.000000 177.777802 -0.000142 0.216231 0.000000
0.037397 254.222198 188.444397 0.216795 0.371415 0.000000
0.060309 268.444489 198.222198 0.495718 0.340381 0.000000
0.034852 279.111115 198.222198 0.371750 -0.001029 0.000000
0.037397 290.666687 192.000000 0.402743 -0.218288 0.000000
0.057763 311.111115 171.555603 0.712653 -0.714882 0.000000
0.045035 328.888885 150.222198 0.619680 -0.745923 1.000000
0.050126 346.666687 127.111099 0.619681 -0.807995 2.000000
0.004303 355.555511 116.444397 0.309767 -0.373476 2.000000
0.019577 362.666687 107.555603 0.247789 -0.311397 2.000000
0.004303 368.888885 99.555557 0.216795 -0.280365 2.000000
0.022123 376.888885 86.222221 0.278778 -0.466586 2.000000
0.006849 378.666687 80.888893 0.061841 -0.187251 2.000000
0.022123 380.444489 76.444443 0.061841 -0.156215 2.000000
0.006849 380.444489 72.000000 -0.000142 -0.156214 2.000000
0.019577 380.444489 67.555557 -0.000142 -0.156214 2.000000
0.006849 377.777802 64.000000 -0.093116 -0.125177 2.000000
0.017032 374.222198 61.333328 -0.124108 -0.094140 1.000000
0.004303 368.888885 57.777779 -0.186088 -0.125177 1.000000
0.017032 363.555511 56.000000 -0.186090 -0.063103 1.000000
0.006849 358.222198 54.222221 -0.186088 -0.063103 0.000000
0.017032 352.888885 52.444439 -0.186088 -0.063103 0.000000
0.034852 340.444489 50.666672 -0.434016 -0.063103 0.000000
0.060309 320.000000 53.333328 -0.712939 0.092083 0.000000
0.034852 304.888885 58.666672 -0.526991 0.185195 0.000000
0.050126 292.444489 66.666656 -0.434016 0.278306 0.000000
0.034852 284.444489 74.666656 -0.279062 0.278306 0.000000
0.055218 278.222198 92.444443 -0.217082 0.619715 1.000000
0.019577 278.222198 99.555557 -0.000142 0.247269 1.000000
0.001757 278.222198 108.444397 -0.000142 0.309342 1.000000
0.001757 278.222198 108.444397 -0.000142 -0.001029 2.000000
0.032306 283.555511 125.333298 0.185804 0.588678 2.000000
0.032306 289.777802 140.444397 0.216798 0.526603 2.000000
0.052672 298.666687 153.777802 0.309769 0.464532 2.000000
0.050126 304.000000 159.111099 0.185804 0.185193 2.000000
0.034852 309.333313 164.444397 0.185804 0.185193 2.000000
0.017032 312.888885 166.222198 0.123823 0.061047 1.000000
0.011940 316.444489 168.888901 0.123824 0.092084 1.000000
0.047580 332.444489 173.333298 0.557698 0.154156 0.000000
0.004303 332.444489 173.333298 -0.000142 -0.001029 0.000000
0.011940 338.666687 174.222198 0.216795 0.030009 0.000000
-0.000788 344.888885 174.222198 0.216795 -0.001029 0.000000
0.001757 352.000000 175.111099 0.247787 0.030009 0.000000
0.014486 360.000000 175.111099 0.278778 -0.001029 0.000000
0.001757 360.000000 175.111099 -0.000142 -0.001029 0.000000
-0.000788 368.000000 175.111099 0.278778 -0.001029 0.000000
0.011940 376.000000 175.111099 0.278778 -0.001029 0.000000
-0.000788 384.000000 176.000000 0.278778 0.030009 0.000000
0.014486 392.000000 176.888901 0.278778 0.030009 0.000000
0.001757 400.888885 177.777802 0.309769 0.030009 0.000000
0.001757 400.888885 177.777802 -0.000142 -0.001029 0.000000
0.017032 417.777802 180.444397 0.588690 0.092080 0.000000
0.004303 417.777802 180.444397 -0.000142 -0.001029 0.000000
0.024669 432.888885 182.222198 0.526706 0.061047 1.000000
0.006849 440.000000 183.111099 0.247787 0.030009 1.000000
0.014486 445.333313 183.111099 0.185804 -0.001029 1.000000
0.006849 450.666687 183.111099 0.185806 -0.001029 1.000000
0.019577 455.111115 182.222198 0.154813 -0.032066 2.000000
0.001757 457.777802 181.333298 0.092832 -0.032066 2.000000
0.019577 460.444489 179.555603 0.092832 -0.063100 2.000000
0.001757 461.333313 178.666702 0.030847 -0.032066 2.000000
0.029760 460.444489 176.888901 -0.031131 -0.063104 2.000000
0.006849 456.888885 176.000000 -0.124108 -0.032066 2.000000
0.019577 452.444489 175.111099 -0.155096 -0.032066 2.000000
0.001757 452.444489 175.111099 -0.000142 -0.001029 2.000000
0.019577 440.888885 175.111099 -0.403028 -0.001029 2.000000
0.006849 434.666687 176.888901 -0.217079 0.061047 2.000000
0.022123 427.555511 179.555603 -0.248073 0.092084 2.000000
0.004303 420.444489 182.222198 -0.248068 0.092080 1.000000
0.017032 412.444489 185.777802 -0.279062 0.123122 1.000000
0.055218 387.555511 197.333298 -0.867896 0.402453 0.000000
0.034852 370.666687 205.333298 -0.588971 0.278306 0.000000
0.052672 354.666687 210.666702 -0.557982 0.185197 0.000000
0.052672 330.666687 217.777802 -0.836902 0.247268 0.000000
0.039943 317.333313 222.222198 -0.465010 0.154156 0.000000
0.045035 307.555511 228.444397 -0.341045 0.216231 0.000000
0.004303 303.111115 232.000000 -0.155096 0.123122 0.000000
0.019577 300.444489 236.444397 -0.093114 0.154156 0.000000
0.047580 296.000000 245.333298 -0.155099 0.309344 1.000000
0.042489 292.444489 256.000000 -0.124105 0.371419 2.000000
0.004303 292.444489 256.000000 -0.000142 -0.001029 2.000000
0.017032 288.000000 261.333313 -0.155099 0.185194 2.000000
0.039943 280.888885 264.000000 -0.248071 0.092084 2.000000
0.062855 273.777802 264.888885 -0.248070 0.030009 2.000000
0.042489 268.444489 257.777802 -0.186088 -0.249325 2.000000
0.004303 268.444489 257.777802 -0.000142 -0.001029 2.000000
0.019577 268.444489 249.777802 -0.000142 -0.280363 2.000000
0.004303 268.444489 246.222198 -0.000142 -0.125179 2.000000
0.017032 268.444489 243.555603 -0.000142 -0.094138 1.000000
0.001757 268.444489 243.555603 -0.000142 -0.001029 1.000000
0.017032 268.444489 240.888901 -0.000142 -0.094141 0.000000
0.004303 268.444489 240.000000 -0.000142 -0.032066 0.000000
0.001757 268.444489 240.000000 -0.000142 -0.001029 0.000000
0.014486 267.555511 240.000000 -0.031136 -0.001029 0.000000
0.004303 265.777802 240.000000 -0.062122 -0.001029 0.000000
0.014486 262.222198 244.444397 -0.124108 0.154156 0.000000
0.001757 262.222198 244.444397 -0.000142 -0.001029 0.000000
0.019577 260.444489 248.000000 -0.062122 0.123122 0.000000
0.004303 259.555511 252.444397 -0.031136 0.154156 0.000000
0.017032 256.888885 262.222198 -0.093114 0.340381 0.000000
0.001757 256.888885 262.222198 -0.000142 -0.001029 0.000000
0.042489 253.333298 269.333313 -0.124108 0.247269 0.000000
0.006849 251.555603 272.000000 -0.062121 0.092084 1.000000
0.022123 248.000000 273.777802 -0.124108 0.061047 1.000000
0.042489 244.444397 273.777802 -0.124108 -0.001029 1.000000
0.039943 239.111099 267.555511 -0.186088 -0.218291 2.000000
0.042489 233.777802 256.000000 -0.186088 -0.404510 2.000000
0.042489 225.777802 238.222198 -0.279062 -0.621773 2.000000
0.065400 208.000000 203.555603 -0.619965 -1.211476 2.000000
0.004303 201.777802 192.888901 -0.217079 -0.373476 2.000000
0.014486 194.666702 183.111099 -0.248071 -0.342438 2.000000
0.001757 194.666702 183.111099 -0.000142 -0.001029 2.000000
0.014486 180.444397 169.777802 -0.496003 -0.466585 2.000000
0.004303 173.333298 165.333298 -0.248071 -0.156217 2.000000
0.017032 166.222198 161.777802 -0.248071 -0.125175 1.000000
0.004303 166.222198 161.777802 -0.000142 -0.001029 1.000000
0.004303 154.666702 157.333298 -0.403025 -0.156217 0.000000
0.014486 154.666702 157.333298 -0.000142 -0.001029 0.000000
0.001757 150.222198 156.444397 -0.155100 -0.032066 0.000000
0.017032 146.666702 155.555603 -0.124105 -0.032062 0.000000
0.001757 144.888901 155.555603 -0.062125 -0.001029 0.000000
0.011940 144.000000 154.666702 -0.031134 -0.032066 0.000000
0.001757 143.111099 154.666702 -0.031134 -0.001029 0.000000
0.004303 143.111099 154.666702 -0.000142 -0.001029 0.000000
0.011940 143.111099 154.666702 -0.000142 -0.001029 0.000000
0.052672 142.222198 155.555603 -0.031134 0.030009 0.000000
0.004303 140.444397 159.111099 -0.062125 0.123118 1.000000
0.017032 136.000000 168.888901 -0.155096 0.340381 1.000000
0.037397 134.222198 174.222198 -0.062125 0.185193 2.000000
-0.000788 132.444397 179.555603 -0.062125 0.185197 2.000000
0.032306 129.777802 188.444397 -0.093113 0.309340 2.000000
0.050126 126.222198 198.222198 -0.124108 0.340381 2.000000
0.052672 119.111099 215.111099 -0.248071 0.588678 2.000000
0.009394 117.333298 221.333298 -0.062125 0.216231 2.000000
0.029760 114.666702 227.555603 -0.093113 0.216235 2.000000
0.029760 112.000000 240.000000 -0.093117 0.433490 1.000000
0.004303 112.000000 245.333298 -0.000142 0.185193 0.000000
0.019577 112.000000 249.777802 -0.000142 0.154159 0.000000
0.006849 112.000000 252.444397 -0.000142 0.092080 0.000000
0.024669 117.333298 255.111099 0.185803 0.092084 0.000000
0.006849 117.333298 255.111099 -0.000142 -0.001029 0.000000
0.022123 125.333298 255.111099 0.278778 -0.001029 0.000000
0.006849 131.555603 255.111099 0.216799 -0.001029 0.000000
0.019577 138.666702 253.333298 0.247786 -0.063104 0.000000
0.011940 146.666702 251.555603 0.278778 -0.063100 0.000000
0.027215 164.444397 248.000000 0.619677 -0.125179 0.000000
0.024669 173.333298 246.222198 0.309769 -0.063104 0.000000
0.014486 189.333298 241.777802 0.557698 -0.156213 0.000000
0.024669 197.333298 239.111099 0.278778 -0.094141 1.000000
0.029760 203.555603 235.555603 0.216799 -0.125175 1.000000
0.017032 215.111099 226.666702 0.402740 -0.311401 2.000000
0.032306 224.888901 214.222198 0.340761 -0.435551 2.000000
0.032306 228.444397 208.000000 0.123820 -0.218288 2.000000
0.029760 232.000000 199.111099 0.123824 -0.311401 2.000000
0.004303 232.000000 195.555603 -0.000142 -0.125175 2.000000
0.022123 229.333298 191.111099 -0.093117 -0.156217 2.000000
0.006849 224.000000 187.555603 -0.186088 -0.125175 2.000000
0.019577 217.777802 184.000000 -0.217079 -0.125179 2.000000
0.042489 192.888901 169.777802 -0.867894 -0.497623 1.000000
0.004303 192.888901 169.777802 -0.000142 -0.001029 1.000000
0.032306 176.888901 160.000000 -0.557982 -0.342438 1.000000
0.006849 168.888901 155.555603 -0.279062 -0.156213 0.000000
0.011940 160.888901 152.000000 -0.279062 -0.125179 0.000000
0.057763 132.444397 146.666702 -0.991860 -0.187250 0.000000
0.037397 110.222198 145.777802 -0.774919 -0.032066 0.000000
0.057763 80.888893 145.777802 -1.022848 -0.001029 0.000000
0.006849 80.888893 145.777802 -0.000142 -0.001029 0.000000
0.009394 72.888893 145.777802 -0.279062 -0.001029 0.000000
0.039943 53.333328 147.555603 -0.681947 0.061047 0.000000
0.004303 53.333328 147.555603 -0.000142 -0.001029 2.000000
0.034852 45.333328 151.111099 -0.279062 0.123118 2.000000
0.034852 40.888889 152.888901 -0.155098 0.061047 2.000000
0.052672 40.000000 152.888901 -0.031133 -0.001029 2.000000
0.029760 40.000000 152.888901 -0.000142 -0.001029 2.000000
0.050126 40.000000 152.888901 -0.000142 -0.001029 2.000000
0.034852 40.888889 152.888901 0.030849 -0.001029 2.000000
0.001757 41.777779 152.888901 0.030849 -0.001029 1.000000
0.004303 41.777779 152.888901 -0.000142 -0.001029 1.000000
0.014486 41.777779 152.888901 -0.000142 -0.001029 1.000000
0.004303 41.777779 153.777802 -0.000142 0.030009 0.000000
0.011940 41.777779 154.666702 -0.000142 0.030009 0.000000
0.001757 41.777779 156.444397 -0.000142 0.061043 0.000000
0.001757 41.777779 156.444397 -0.000142 -0.001029 0.000000
0.014486 41.777779 160.000000 -0.000142 0.123122 0.000000
0.001757 41.777779 160.000000 -0.000142 -0.001029 0.000000
0.014486 41.777779 160.888901 -0.000142 0.030009 0.000000
0.001757 42.666672 161.777802 0.030849 0.030009 0.000000
0.022123 44.444439 161.777802 0.061840 -0.001029 0.000000
0.004303 44.444439 161.777802 -0.000142 -0.001029 0.000000
0.019577 46.222221 161.777802 0.061840 -0.001029 0.000000
0.004303 46.222221 161.777802 -0.000142 -0.001029 0.000000
0.004303 47.111111 160.888901 0.030849 -0.032066 0.000000
0.017032 47.111111 160.888901 -0.000142 -0.001029 0.000000
0.004303 47.111111 160.888901 -0.000142 -0.001029 0.000000
0.019577 47.111111 160.888901 -0.000142 -0.001029 1.000000
0.006849 47.111111 160.888901 -0.000142 -0.001029 1.000000
0.019577 48.000000 160.888901 0.030849 -0.001029 2.000000
0.006849 49.777779 162.666702 0.061840 0.061047 2.000000
0.019577 52.444439 165.333298 0.092831 0.092080 2.000000
0.006849 56.000000 167.111099 0.123822 0.061047 2.000000
0.017032 59.555561 167.111099 0.123822 -0.001029 2.000000
0.004303 64.888893 167.111099 0.185804 -0.001029 2.000000
0.019577 70.222221 167.111099 0.185804 -0.001029 2.000000
0.004303 77.333344 163.555603 0.247787 -0.125175 2.000000
0.017032 84.444443 160.000000 0.247786 -0.125179 2.000000
0.004303 92.444443 154.666702 0.278778 -0.187250 2.000000
0.034852 108.444397 144.000000 0.557696 -0.373476 2.000000
0.042489 124.444397 130.666702 0.557698 -0.466585 1.000000
0.006849 130.666702 123.555603 0.216799 -0.249326 0.000000
0.017032 136.888901 115.555603 0.216795 -0.280363 0.000000
0.055218 151.111099 96.000000 0.495715 -0.683848 0.000000
0.034852 152.888901 88.888893 0.061841 -0.249326 0.000000
0.039943 152.000000 84.444443 -0.031134 -0.156215 0.000000
0.037397 148.444397 82.666656 -0.124108 -0.063103 0.000000
0.001757 148.444397 82.666656 -0.000142 -0.001029 0.000000
0.039943 146.666702 81.777779 -0.062121 -0.032065 0.000000
0.052672 146.666702 82.666656 -0.000142 0.030008 1.000000
0.034852 151.111099 88.000000 0.154812 0.185195 1.000000
0.004303 153.777802 91.555557 0.092832 0.123120 2.000000
0.034852 156.444397 95.111107 0.092829 0.123120 2.000000
0.032306 160.000000 104.888901 0.123824 0.340381 2.000000
0.050126 162.666702 123.555603 0.092832 0.650753 2.000000
0.042489 164.444397 140.444397 0.061837 0.588674 2.000000
-0.000788 164.444397 140.444397 -0.000142 -0.001029 2.000000
0.011940 168.000000 157.333298 0.123824 0.588678 2.000000
-0.003334 168.000000 157.333298 -0.000142 -0.001029 2.000000
0.001757 171.555603 164.444397 0.123824 0.247268 2.000000
0.011940 175.111099 170.666702 0.123820 0.216235 1.000000
0.004303 179.555603 176.000000 0.154815 0.185193 1.000000
-0.003334 179.555603 176.000000 -0.000142 -0.001029 1.000000
0.014486 188.444397 180.444397 0.309766 0.154156 0.000000
0.004303 188.444397 180.444397 -0.000142 -0.001029 0.000000
-0.003334 192.000000 180.444397 0.123824 -0.001029 0.000000
0.009394 196.444397 180.444397 0.154812 -0.001029 0.000000
-0.000788 196.444397 180.444397 -0.000142 -0.001029 0.000000
0.011940 206.222198 176.888901 0.340761 -0.125175 0.000000
0.004303 206.222198 176.888901 -0.000142 -0.001029 0.000000
0.006849 211.555603 173.333298 0.185807 -0.125179 0.000000
0.011940 217.777802 168.888901 0.216795 -0.156213 0.000000
0.004303 224.000000 164.444397 0.216795 -0.156217 0.000000
0.017032 231.111099 160.000000 0.247786 -0.156213 0.000000
0.004303 238.222198 155.555603 0.247786 -0.156213 0.000000
0.019577 245.333298 152.000000 0.247786 -0.125179 0.000000
0.001757 251.555603 148.444397 0.216799 -0.125179 0.000000
0.019577 257.777802 145.777802 0.216795 -0.094138 0.000000
0.001757 264.000000 143.111099 0.216795 -0.094141 0.000000
0.004303 269.333313 140.444397 0.185804 -0.094141 1.000000
0.017032 274.666687 138.666702 0.185806 -0.063100 1.000000
0.004303 280.000000 136.888901 0.185804 -0.063104 1.000000
0.019577 285.333313 136.000000 0.185804 -0.032066 1.000000
0.004303 290.666687 135.111099 0.185806 -0.032066 2.000000
0.019577 295.111115 135.111099 0.154813 -0.001029 2.000000
0.004303 299.555511 135.111099 0.154812 -0.001029 2.000000
0.017032 304.000000 135.111099 0.154815 -0.001029 2.000000
-0.000788 309.333313 136.000000 0.185804 0.030009 2.000000
0.006849 313.777802 138.666702 0.154815 0.092084 2.000000
0.009394 319.111115 140.444397 0.185804 0.061043 2.000000
0.001757 322.666687 143.111099 0.123823 0.092084 2.000000
0.014486 326.222198 145.777802 0.123821 0.092084 2.000000
0.001757 326.222198 145.777802 -0.000142 -0.001029 2.000000
0.001757 328.888885 149.333298 0.092832 0.123118 2.000000
0.014486 330.666687 152.000000 0.061841 0.092084 2.000000
0.001757 331.555511 155.555603 0.030847 0.123122 2.000000
0.014486 331.555511 159.111099 -0.000142 0.123118 2.000000
0.001757 331.555511 163.555603 -0.000142 0.154159 2.000000
0.004303 328.888885 167.111099 -0.093114 0.123118 2.000000
0.011940 325.333313 170.666702 -0.124107 0.123122 1.000000
0.001757 325.333313 170.666702 -0.000142 -0.001029 1.000000
0.011940 320.888885 174.222198 -0.155097 0.123118 1.000000
0.006849 307.555511 183.111099 -0.465010 0.309344 1.000000
0.019577 299.555511 188.444397 -0.279062 0.185193 1.000000
0.001757 299.555511 188.444397 -0.000142 -0.001029 0.000000
0.004303 290.666687 193.777802 -0.310051 0.185197 0.000000
0.022123 276.444489 205.333298 -0.495999 0.402453 0.000000
0.042489 266.666687 216.888901 -0.341045 0.402456 0.000000
0.042489 263.111115 227.555603 -0.124107 0.371419 0.000000
0.042489 262.222198 239.111099 -0.031134 0.402453 0.000000
0.042489 262.222198 253.333298 -0.000142 0.495565 0.000000
0.050126 255.111099 277.333313 -0.248071 0.836976 3.000000
0.045035 247.111099 290.666687 -0.279062 0.464531 2.000000
0.004303 247.111099 290.666687 -0.000142 -0.001029 2.000000
0.017032 239.111099 297.777802 -0.279062 0.247269 2.000000
0.001757 236.444397 298.666687 -0.093117 0.030009 2.000000
0.014486 233.777802 298.666687 -0.093113 -0.001029 2.000000
0.001757 233.777802 298.666687 -0.000142 -0.001029 2.000000
0.001757 232.000000 298.666687 -0.062125 -0.001029 2.000000
0.014486 230.222198 291.555511 -0.062125 -0.249328 2.000000
0.004303 230.222198 291.555511 -0.000142 -0.001029 2.000000
0.014486 230.222198 285.333313 -0.000142 -0.218288 2.000000
0.004303 230.222198 277.333313 -0.000142 -0.280363 2.000000
0.019577 232.888901 256.000000 0.092832 -0.745920 1.000000
0.001757 232.888901 256.000000 -0.000142 -0.001029 1.000000
-0.000788 235.555603 245.333298 0.092832 -0.373476 1.000000
0.029760 238.222198 234.666702 0.092829 -0.373472 0.000000
0.009394 246.222198 216.888901 0.278778 -0.621773 0.000000
0.029760 250.666702 209.777802 0.154815 -0.249326 0.000000
0.017032 255.111099 203.555603 0.154812 -0.218288 0.000000
0.070492 264.888885 192.000000 0.340760 -0.404514 0.000000
0.042489 266.666687 190.222198 0.061841 -0.063104 0.000000
0.037397 265.777802 190.222198 -0.031133 -0.001029 0.000000
0.045035 255.111099 193.777802 -0.372037 0.123122 0.000000
0.039943 242.666702 200.888901 -0.434016 0.247268 0.000000
0.039943 224.888901 209.777802 -0.619965 0.309344 0.000000
0.006849 214.222198 216.000000 -0.372037 0.216231 2.000000
0.014486 200.888901 221.333298 -0.465008 0.185193 2.000000
0.001757 200.888901 221.333298 -0.000142 -0.001029 2.000000
0.011940 173.333298 232.000000 -0.960868 0.371419 2.000000
0.001757 173.333298 232.000000 -0.000142 -0.001029 2.000000
0.004303 158.222198 236.444397 -0.526991 0.154156 2.000000
0.014486 143.111099 240.000000 -0.526991 0.123122 2.000000
0.001757 128.888901 244.444397 -0.495999 0.154156 2.000000
0.014486 115.555603 248.000000 -0.465008 0.123122 2.000000
0.001757 102.222198 252.444397 -0.465011 0.154156 2.000000
0.004303 89.777779 256.888885 -0.434017 0.154159 2.000000
0.011940 79.111107 261.333313 -0.372036 0.154157 2.000000
0.001757 70.222221 266.666687 -0.310053 0.185196 2.000000
0.011940 62.222221 271.111115 -0.279062 0.154157 2.000000
-0.003334 62.222221 271.111115 -0.000142 -0.001029 2.000000
0.004303 56.000000 275.555511 -0.217080 0.154156 1.000000
0.011940 52.444439 280.000000 -0.124107 0.154159 1.000000
-0.000788 51.555561 284.444489 -0.031133 0.154159 1.000000
0.001757 51.555561 284.444489 -0.000142 -0.001029 0.000000
0.011940 51.555561 288.000000 -0.000142 0.123119 0.000000
0.050126 59.555561 298.666687 0.278778 0.371418 0.000000
0.050126 69.333344 304.888885 0.340760 0.216231 0.000000
0.050126 86.222221 312.888885 0.588689 0.278306 0.000000
0.032306 92.444443 315.555511 0.216796 0.092082 0.000000
0.052672 107.555603 318.222198 0.526708 0.092084 0.000000
0.052672 118.222198 314.666687 0.371749 -0.125176 0.000000
0.001757 125.333298 311.111115 0.247786 -0.125178 0.000000
0.014486 133.333298 306.666687 0.278778 -0.156214 1.000000
0.001757 142.222198 302.222198 0.309769 -0.156216 1.000000
0.011940 152.000000 296.888885 0.340761 -0.187251 1.000000
0.001757 162.666702 290.666687 0.371752 -0.218288 2.000000
-0.000788 162.666702 290.666687 -0.000142 -0.001029 2.000000
0.017032 184.888901 280.888885 0.774635 -0.342438 2.000000
-0.000788 184.888901 280.888885 -0.000142 -0.001029 2.000000
0.014486 210.666702 273.777802 0.898601 -0.249325 2.000000
-0.000788 210.666702 273.777802 -0.000142 -0.001029 2.000000
0.001757 223.111099 272.000000 0.433732 -0.063104 2.000000
0.014486 235.555603 271.111115 0.433735 -0.032066 2.000000
-0.000788 235.555603 271.111115 -0.000142 -0.001029 2.000000
0.004303 248.000000 271.111115 0.433732 -0.001029 2.000000
0.011940 257.777802 271.111115 0.340761 -0.001029 2.000000
0.001757 266.666687 271.111115 0.309769 -0.001029 2.000000
0.011940 274.666687 272.000000 0.278778 0.030009 2.000000
0.001757 280.888885 272.888885 0.216795 0.030009 2.000000
-0.000788 286.222198 272.888885 0.185804 -0.001029 2.000000
0.014486 291.555511 273.777802 0.185804 0.030010 1.000000
0.001757 291.555511 273.777802 -0.000142 -0.001029 1.000000
0.014486 295.111115 273.777802 0.123824 -0.001029 1.000000
-0.000788 299.555511 273.777802 0.154812 -0.001029 1.000000
0.004303 304.000000 273.777802 0.154815 -0.001029 1.000000
0.014486 309.333313 273.777802 0.185804 -0.001029 0.000000
0.001757 314.666687 272.888885 0.185806 -0.032067 0.000000
0.014486 320.888885 271.111115 0.216795 -0.063103 0.000000
0.001757 327.111115 269.333313 0.216796 -0.063104 0.000000
-0.000788 327.111115 269.333313 -0.000142 -0.001029 0.000000
0.011940 334.222198 267.555511 0.247786 -0.063104 0.000000
0.006849 340.444489 266.666687 0.216798 -0.032063 0.000000
0.019577 352.888885 265.777802 0.433732 -0.032066 0.000000
0.001757 352.888885 265.777802 -0.000142 -0.001029 0.000000
0.017032 364.444489 266.666687 0.402744 0.030009 0.000000
0.009394 364.444489 266.666687 -0.000142 -0.001029 0.000000
0.042489 379.555511 272.000000 0.526704 0.185194 0.000000
0.042489 387.555511 276.444489 0.278778 0.154159 0.000000
0.039943 392.000000 281.777802 0.154815 0.185194 0.000000
0.057763 396.444489 288.888885 0.154815 0.247268 0.000000
0.034852 399.111115 296.888885 0.092830 0.278306 0.000000
0.006849 400.000000 301.333313 0.030849 0.154157 1.000000
0.019577 400.888885 311.111115 0.030849 0.340381 1.000000
0.004303 400.888885 311.111115 -0.000142 -0.001029 2.000000
0.017032 400.888885 320.888885 -0.000142 0.340380 2.000000
0.050126 400.888885 328.888885 -0.000142 0.278306 2.000000
0.052672 402.666687 333.333313 0.061841 0.154157 2.000000
0.001757 403.555511 335.111115 0.030847 0.061047 2.000000
0.011940 405.333313 336.000000 0.061841 0.030009 2.000000
0.037397 408.000000 336.888885 0.092832 0.030009 2.000000
-0.000788 408.888885 336.888885 0.030849 -0.001029 2.000000
0.045035 412.444489 336.888885 0.123824 -0.001029 2.000000
0.001757 415.111115 336.888885 0.092830 -0.001029 1.000000
0.014486 418.666687 335.111115 0.123823 -0.063103 1.000000
-0.000788 422.222198 333.333313 0.123821 -0.063104 1.000000
0.011940 427.555511 328.888885 0.185804 -0.156214 0.000000
0.001757 427.555511 328.888885 -0.000142 -0.001029 0.000000
0.050126 439.111115 312.000000 0.402744 -0.590735 0.000000
0.037397 441.777802 296.888885 0.092832 -0.528661 0.000000
0.050126 442.666687 280.888885 0.030849 -0.559698 0.000000
0.032306 444.444489 262.222198 0.061841 -0.652810 0.000000
0.062855 452.444489 229.333298 0.278778 -1.149405 0.000000
0.037397 456.888885 217.777802 0.154812 -0.404510 0.000000
0.006849 464.888885 199.111099 0.278778 -0.652811 1.000000
0.019577 468.444489 192.888901 0.123824 -0.218288 1.000000
0.004303 468.444489 192.888901 -0.000142 -0.001029 1.000000
0.017032 473.777802 184.888901 0.185804 -0.280363 2.000000
0.006849 475.555511 183.111099 0.061838 -0.063104 2.000000
0.014486 476.444489 183.111099 0.030852 -0.001029 2.000000
0.004303 477.333313 183.111099 0.030847 -0.001029 2.000000
0.017032 478.222198 183.111099 0.030849 -0.001029 2.000000
0.004303 478.222198 185.777802 -0.000142 0.092084 2.000000
0.022123 479.111115 188.444397 0.030850 0.092080 2.000000
0.001757 479.111115 192.000000 -0.000142 0.123122 2.000000
0.004303 479.111115 192.000000 -0.000142 -0.001029 2.000000
0.027215 480.888885 200.000000 0.061840 0.278306 2.000000
0.014486 480.888885 204.444397 -0.000142 0.154156 2.000000
0.004303 480.888885 208.888901 -0.000142 0.154159 1.000000
0.004303 480.888885 212.444397 -0.000142 0.123118 1.000000
0.017032 479.111115 216.000000 -0.062124 0.123122 1.000000
0.004303 475.555511 218.666702 -0.124108 0.092084 0.000000
0.034852 466.666687 221.333298 -0.310051 0.092080 0.000000
0.037397 456.888885 222.222198 -0.341045 0.030009 0.000000
0.052672 448.888885 218.666702 -0.279062 -0.125175 0.000000
0.029760 443.555511 209.777802 -0.186090 -0.311401 0.000000
0.050126 437.333313 185.777802 -0.217079 -0.839032 0.000000
0.052672 429.333313 164.444397 -0.279062 -0.745923 0.000000
0.014486 423.111115 152.888901 -0.217079 -0.404510 0.000000
0.004303 416.888885 143.111099 -0.217080 -0.342438 1.000000
0.045035 404.444489 128.000000 -0.434016 -0.528660 1.000000
0.001757 398.222198 122.666702 -0.217082 -0.187250 2.000000
0.029760 390.222198 114.666702 -0.279062 -0.280363 2.000000
0.032306 386.666687 112.000000 -0.124105 -0.094141 2.000000
0.050126 377.777802 111.111099 -0.310053 -0.032066 2.000000
0.050126 371.555511 112.888901 -0.217082 0.061047 2.000000
0.047580 365.333313 118.222198 -0.217079 0.185193 2.000000
0.001757 362.666687 121.777802 -0.093114 0.123122 2.000000
0.011940 360.000000 125.333298 -0.093116 0.123118 2.000000
0.001757 357.333313 129.777802 -0.093116 0.154159 1.000000
0.014486 354.666687 133.333298 -0.093114 0.123118 1.000000
0.004303 352.888885 136.000000 -0.062125 0.092084 0.000000
0.001757 352.888885 136.000000 -0.000142 -0.001029 0.000000
0.011940 346.666687 141.333298 -0.217079 0.185193 0.000000
0.001757 346.666687 141.333298 -0.000142 -0.001029 0.000000
0.014486 343.111115 143.111099 -0.124107 0.061047 0.000000
-0.000788 338.666687 144.888901 -0.155097 0.061047 0.000000
-0.000788 333.333313 145.777802 -0.186090 0.030009 0.000000
0.011940 327.111115 146.666702 -0.217079 0.030009 0.000000
-0.000788 327.111115 146.666702 -0.000142 -0.001029 0.000000
0.017032 310.222198 148.444397 -0.588974 0.061043 0.000000
-0.000788 310.222198 148.444397 -0.000142 -0.001029 0.000000
0.004303 301.333313 149.333298 -0.310053 0.030009 0.000000
0.019577 284.444489 152.000000 -0.588971 0.092084 0.000000
0.001757 284.444489 152.000000 -0.000142 -0.001029 0.000000
0.019577 270.222198 153.777802 -0.496002 0.061047 0.000000
0.004303 270.222198 153.777802 -0.000142 -0.001029 0.000000
0.014486 256.888885 155.555603 -0.465008 0.061047 0.000000
0.006849 256.888885 155.555603 -0.000142 -0.001029 0.000000
0.001757 250.666702 156.444397 -0.217079 0.030005 0.000000
0.017032 238.222198 157.333298 -0.434020 0.030009 0.000000
0.004303 238.222198 157.333298 -0.000142 -0.001029 0.000000
0.024669 226.666702 159.111099 -0.403025 0.061047 1.000000
0.004303 226.666702 159.111099 -0.000142 -0.001029 1.000000
0.017032 216.000000 161.777802 -0.372037 0.092084 1.000000
0.006849 212.444397 163.555603 -0.124108 0.061047 1.000000
0.017032 209.777802 165.333298 -0.093113 0.061043 2.000000
0.004303 209.777802 165.333298 -0.000142 -0.001029 2.000000
0.017032 208.000000 168.888901 -0.062125 0.123122 2.000000
0.001757 208.000000 170.666702 -0.000142 0.061047 2.000000
0.032306 208.000000 172.444397 -0.000142 0.061043 2.000000
0.055218 215.111099 177.777802 0.247786 0.185197 2.000000
0.052672 222.222198 182.222198 0.247786 0.154156 2.000000
0.034852 234.666702 188.444397 0.433735 0.216231 2.000000
0.057763 261.333313 201.777802 0.929589 0.464532 1.000000
0.022123 271.111115 208.000000 0.340761 0.216231 1.000000
0.042489 304.000000 225.777802 1.146529 0.619716 0.000000
0.009394 304.000000 225.777802 -0.000142 -0.001029 0.000000
0.039943 328.000000 238.222198 0.836618 0.433490 0.000000
0.017032 351.111115 248.888901 0.805627 0.371419 0.000000
0.006849 360.888885 254.222198 0.340760 0.185193 0.000000
0.039943 374.222198 264.000000 0.464724 0.340381 0.000000
0.042489 379.555511 271.111115 0.185804 0.247269 0.000000
0.039943 376.888885 275.555511 -0.093114 0.154156 0.000000
0.062855 352.000000 278.222198 -0.867893 0.092084 1.000000
0.024669 340.444489 276.444489 -0.403025 -0.063101 1.000000
0.006849 325.333313 272.888885 -0.526993 -0.125179 2.000000
0.014486 310.222198 268.444489 -0.526991 -0.156213 2.000000
0.004303 293.333313 264.000000 -0.588973 -0.156216 2.000000
0.014486 275.555511 260.444489 -0.619965 -0.125176 2.000000
0.001757 256.888885 256.888885 -0.650954 -0.125179 2.000000
0.001757 238.222198 255.111099 -0.650956 -0.063103 2.000000
0.014486 219.555603 254.222198 -0.650953 -0.032066 2.000000
0.001757 219.555603 254.222198 -0.000142 -0.001029 2.000000
0.014486 186.666702 257.777802 -1.146814 0.123122 2.000000
0.001757 186.666702 257.777802 -0.000142 -0.001029 2.000000
0.004303 173.333298 263.111115 -0.465011 0.185194 2.000000
0.011940 161.777802 268.444489 -0.403025 0.185196 2.000000
0.009394 152.000000 273.777802 -0.341045 0.185194 2.000000
0.022123 139.555603 286.222198 -0.434016 0.433490 1.000000
0.006849 136.888901 292.444489 -0.093117 0.216234 0.000000
0.017032 135.111099 298.666687 -0.062125 0.216231 0.000000
0.047580 135.111099 309.333313 -0.000142 0.371416 0.000000
0.045035 137.777802 317.333313 0.092832 0.278306 0.000000
0.065400 143.111099 320.000000 0.185803 0.092084 0.000000
0.039943 152.888901 314.666687 0.340761 -0.187251 0.000000
0.042489 166.222198 300.444489 0.464723 -0.497623 0.000000
0.037397 184.888901 278.222198 0.650672 -0.776960 0.000000
0.019577 207.111099 248.000000 0.774635 -1.056292 1.000000
0.006849 207.111099 248.000000 -0.000142 -0.001029 1.000000
0.004303 230.222198 216.000000 0.805626 -1.118367 2.000000
0.014486 240.000000 201.777802 0.340761 -0.497623 2.000000
0.004303 240.000000 201.777802 -0.000142 -0.001029 2.000000
0.014486 252.444397 178.666702 0.433732 -0.807995 2.000000
0.004303 252.444397 178.666702 -0.000142 -0.001029 2.000000
0.014486 257.777802 160.000000 0.185807 -0.652811 2.000000
0.001757 257.777802 160.000000 -0.000142 -0.001029 2.000000
0.004303 257.777802 152.000000 -0.000142 -0.280363 2.000000
0.014486 257.777802 144.888901 -0.000142 -0.249326 2.000000
0.004303 256.000000 138.666702 -0.062125 -0.218288 2.000000
0.017032 254.222198 134.222198 -0.062125 -0.156217 2.000000
0.001757 251.555603 131.555603 -0.093113 -0.094138 2.000000
0.014486 249.777802 129.777802 -0.062125 -0.063104 2.000000
0.004303 247.111099 128.000000 -0.093117 -0.063104 2.000000
0.009394 243.555603 127.111099 -0.124105 -0.032066 2.000000
0.019577 239.111099 127.111099 -0.155100 -0.001029 1.000000
0.017032 226.666702 127.111099 -0.434016 -0.001029 0.000000
0.006849 226.666702 127.111099 -0.000142 -0.001029 0.000000
0.055218 204.444397 127.111099 -0.774923 -0.001029 0.000000
0.034852 188.444397 128.888901 -0.557982 0.061047 0.000000
0.055218 173.333298 132.444397 -0.526991 0.123118 0.000000
0.032306 160.000000 137.777802 -0.465008 0.185197 0.000000
0.052672 143.111099 147.555603 -0.588974 0.340381 0.000000
0.014486 137.777802 152.000000 -0.186088 0.154156 0.000000
0.001757 131.555603 157.333298 -0.217079 0.185193 1.000000
0.004303 131.555603 157.333298 -0.000142 -0.001029 1.000000
0.014486 121.777802 168.888901 -0.341045 0.402456 1.000000
-0.000788 121.777802 168.888901 -0.000142 -0.001029 1.000000
0.001757 118.222198 175.111099 -0.124108 0.216231 2.000000
0.014486 116.444397 181.333298 -0.062125 0.216231 2.000000
-0.000788 116.444397 181.333298 -0.000142 -0.001029 2.000000
0.017032 115.555603 192.000000 -0.031130 0.371419 2.000000
0.001757 118.222198 196.444397 0.092829 0.154156 2.000000
0.014486 122.666702 200.000000 0.154815 0.123122 2.000000
-0.000788 122.666702 200.000000 -0.000142 -0.001029 2.000000
0.001757 128.000000 202.666702 0.185803 0.092084 2.000000
0.014486 135.111099 205.333298 0.247786 0.092080 2.000000
-0.000788 143.111099 206.222198 0.278778 0.030009 2.000000
0.001757 143.111099 206.222198 -0.000142 -0.001029 2.000000
0.011940 152.000000 207.111099 0.309769 0.030009 2.000000
0.001757 162.666702 207.111099 0.371752 -0.001029 2.000000
0.011940 173.333298 207.111099 0.371749 -0.001029 2.000000
-0.000788 184.000000 205.333298 0.371752 -0.063104 2.000000
0.004303 195.555603 204.444397 0.402744 -0.032066 1.000000
0.014486 207.111099 203.555603 0.402740 -0.032062 1.000000
0.001757 217.777802 201.777802 0.371752 -0.063104 1.000000
-0.000788 217.777802 201.777802 -0.000142 -0.001029 1.000000
0.014486 230.222198 200.888901 0.433732 -0.032066 0.000000
0.004303 241.777802 200.000000 0.402744 -0.032066 0.000000
0.014486 252.444397 198.222198 0.371749 -0.063104 0.000000
0.001757 264.000000 198.222198 0.402744 -0.001029 0.000000
-0.000788 273.777802 197.333298 0.340761 -0.032066 0.000000
0.009394 282.666687 196.444397 0.309769 -0.032066 0.000000
-0.000788 282.666687 196.444397 -0.000142 -0.001029 0.000000
-0.000788 291.555511 196.444397 0.309767 -0.001029 0.000000
0.011940 299.555511 196.444397 0.278778 -0.001029 0.000000
0.001757 306.666687 196.444397 0.247789 -0.001029 0.000000
0.014486 313.777802 196.444397 0.247787 -0.001029 0.000000
0.001757 313.777802 196.444397 -0.000142 -0.001029 0.000000
0.001757 320.888885 196.444397 0.247786 -0.001029 0.000000
0.011940 327.111115 196.444397 0.216796 -0.001029 0.000000
0.001757 332.444489 196.444397 0.185806 -0.001029 0.000000
0.014486 337.777802 196.444397 0.185804 -0.001029 0.000000
-0.000788 342.222198 196.444397 0.154812 -0.001029 0.000000
-0.000788 342.222198 196.444397 -0.000142 -0.001029 0.000000
0.011940 349.333313 194.666702 0.247787 -0.063100 0.000000
-0.000788 349.333313 194.666702 -0.000142 -0.001029 0.000000
-0.000788 353.777802 192.000000 0.154815 -0.094141 0.000000
0.011940 357.333313 189.333298 0.123821 -0.094141 0.000000
0.001757 360.888885 185.777802 0.123823 -0.125175 0.000000
0.001757 360.888885 185.777802 -0.000142 -0.001029 0.000000
0.014486 364.444489 182.222198 0.123824 -0.125179 0.000000
0.001757 367.111115 179.555603 0.092830 -0.094138 0.000000
0.019577 374.222198 174.222198 0.247786 -0.187254 0.000000
0.004303 374.222198 174.222198 -0.000142 -0.001029 0.000000
0.014486 377.777802 171.555603 0.123824 -0.094138 0.000000
0.006849 381.333313 169.777802 0.123821 -0.063104 0.000000
0.011940 387.555511 164.444397 0.216795 -0.187254 0.000000
0.006849 387.555511 164.444397 -0.000142 -0.001029 0.000000
0.039943 390.222198 156.444397 0.092832 -0.280363 0.000000
0.065400 392.888885 136.888901 0.092832 -0.683844 0.000000
0.045035 395.555511 120.000000 0.092830 -0.590735 0.000000
0.017032 400.888885 104.888901 0.185806 -0.528660 1.000000
0.009394 403.555511 99.555557 0.092830 -0.187252 1.000000
0.011940 406.222198 93.333344 0.092832 -0.218288 2.000000
0.006849 408.000000 88.000000 0.061841 -0.187252 2.000000
0.050126 412.444489 77.333344 0.154815 -0.373474 2.000000
0.039943 416.000000 66.666656 0.123821 -0.373475 2.000000
0.060309 419.555511 56.000000 0.123821 -0.373474 2.000000
0.042489 421.333313 54.222221 0.061841 -0.063103 2.000000
0.034852 421.333313 54.222221 -0.000142 -0.001029 1.000000
0.029760 421.333313 54.222221 -0.000142 -0.001029 1.000000
0.004303 421.333313 54.222221 -0.000142 -0.001029 1.000000
0.017032 423.111115 55.111111 0.061841 0.030009 0.000000
0.001757 423.111115 55.111111 -0.000142 -0.001029 0.000000
0.034852 424.888885 56.000000 0.061840 0.030009 0.000000
0.047580 424.888885 56.888889 -0.000142 0.030009 0.000000
0.050126 422.222198 63.111111 -0.093116 0.216232 0.000000
0.032306 417.777802 71.111107 -0.155096 0.278306 0.000000
0.050126 416.888885 79.111107 -0.031134 0.278306 0.000000
0.034852 418.666687 84.444443 0.061841 0.185195 0.000000
0.001757 418.666687 84.444443 -0.000142 -0.001029 0.000000
0.011940 424.888885 85.333344 0.216795 0.030009 1.000000
0.022123 427.555511 85.333344 0.092830 -0.001029 2.000000
0.024669 430.222198 80.888893 0.092832 -0.156215 2.000000
0.001757 430.222198 80.888893 -0.000142 -0.001029 2.000000
0.011940 430.222198 78.222221 -0.000142 -0.094140 2.000000
0.001757 425.777802 73.777779 -0.155096 -0.156214 2.000000
0.001757 418.666687 70.222221 -0.248071 -0.125177 2.000000
0.011940 408.888885 67.555557 -0.341045 -0.094140 2.000000
0.001757 408.888885 67.555557 -0.000142 -0.001029 2.000000
0.014486 384.000000 66.666656 -0.867893 -0.032066 2.000000
-0.000788 384.000000 66.666656 -0.000142 -0.001029 2.000000
-0.000788 368.888885 70.222221 -0.526991 0.123120 2.000000
0.011940 352.888885 73.777779 -0.557982 0.123120 2.000000
-0.000788 336.888885 79.111107 -0.557982 0.185194 2.000000
0.001757 336.888885 79.111107 -0.000142 -0.001029 2.000000
0.011940 313.777802 89.777779 -0.805910 0.371418 2.000000
0.001757 313.777802 89.777779 -0.000142 -0.001029 1.000000
0.014486 305.777802 95.111107 -0.279062 0.185194 1.000000
0.004303 299.555511 101.333298 -0.217082 0.216231 0.000000
0.001757 295.111115 106.666702 -0.155096 0.185197 0.000000
0.017032 293.333313 111.111099 -0.062125 0.154156 0.000000
0.004303 292.444489 116.444397 -0.031131 0.185193 0.000000
0.032306 292.444489 120.000000 -0.000142 0.123122 0.000000
0.052672 295.111115 129.777802 0.092830 0.340381 0.000000
0.034852 302.222198 135.111099 0.247786 0.185193 0.000000
0.055218 312.000000 140.444397 0.340761 0.185193 0.000000
0.034852 323.555511 142.222198 0.402741 0.061047 0.000000
0.039943 344.000000 141.333298 0.712655 -0.032066 1.000000
0.004303 344.000000 141.333298 -0.000142 -0.001029 1.000000
0.017032 360.888885 136.888901 0.588689 -0.156213 2.000000
0.001757 360.888885 136.888901 -0.000142 -0.001029 2.000000
0.032306 380.444489 131.555603 0.681664 -0.187250 2.000000
0.060309 407.111115 125.333298 0.929590 -0.218292 2.000000
0.014486 413.333313 124.444397 0.216795 -0.032066 2.000000
0.004303 413.333313 124.444397 -0.000142 -0.001029 2.000000
0.057763 419.555511 120.000000 0.216795 -0.156213 2.000000
0.032306 414.222198 110.222198 -0.186088 -0.342438 2.000000
0.042489 400.888885 95.111107 -0.465008 -0.528660 2.000000
0.019577 382.222198 78.222221 -0.650956 -0.590735 0.000000
0.014486 372.444489 69.333344 -0.341042 -0.311400 0.000000
0.045035 349.333313 52.444439 -0.805913 -0.590735 0.000000
0.039943 320.888885 40.888889 -0.991857 -0.404512 0.000000
0.017032 306.666687 37.333328 -0.495999 -0.125177 0.000000
0.006849 291.555511 35.555561 -0.526993 -0.063103 0.000000
0.045035 264.888885 35.555561 -0.929874 -0.001029 0.000000
0.042489 243.555603 40.888889 -0.743927 0.185194 0.000000
0.042489 224.000000 58.666672 -0.681948 0.619715 0.000000
0.042489 219.555603 75.555557 -0.155096 0.588678 1.000000
0.037397 221.333298 98.666656 0.061837 0.805938 2.000000
0.004303 224.888901 112.000000 0.123824 0.464529 2.000000
0.037397 231.111099 140.444397 0.216795 0.992159 2.000000
0.019577 232.888901 152.888901 0.061841 0.433494 2.000000
0.006849 232.888901 165.333298 -0.000142 0.433490 2.000000
0.055218 228.444397 183.111099 -0.155100 0.619716 2.000000
0.034852 219.555603 192.000000 -0.310050 0.309344 1.000000
0.019577 209.777802 193.777802 -0.341045 0.061047 0.000000
0.006849 209.777802 193.777802 -0.000142 -0.001029 0.000000
0.042489 200.000000 185.777802 -0.341045 -0.280363 0.000000
0.045035 183.111099 154.666702 -0.588974 -1.087329 0.000000
0.042489 167.111099 126.222198 -0.557982 -0.994220 0.000000
0.062855 133.333298 92.444443 -1.177805 -1.180441 0.000000
0.017032 119.111099 86.222221 -0.495999 -0.218289 0.000000
0.006849 104.000000 82.666656 -0.526991 -0.125178 0.000000
0.052672 75.555557 80.888893 -0.991858 -0.063102 1.000000
0.022123 56.000000 81.777779 -0.681947 0.030009 2.000000
0.004303 50.666672 84.444443 -0.186089 0.092083 2.000000
0.014486 47.111111 87.111107 -0.124107 0.092083 2.000000
0.001757 47.111111 87.111107 -0.000142 -0.001029 2.000000
0.014486 45.333328 95.111107 -0.062125 0.278306 2.000000
0.001757 45.333328 95.111107 -0.000142 -0.001029 2.000000
0.014486 49.777779 104.888901 0.154814 0.340381 2.000000
0.004303 49.777779 104.888901 -0.000142 -0.001029 2.000000
0.001757 52.444439 111.111099 0.092831 0.216231 2.000000
0.014486 56.000000 117.333298 0.123822 0.216231 2.000000
0.001757 59.555561 123.555603 0.123822 0.216235 2.000000
0.019577 62.222221 130.666702 0.092831 0.247268 2.000000
0.001757 65.777779 137.777802 0.123822 0.247268 2.000000
0.004303 69.333344 144.000000 0.123823 0.216231 1.000000
0.022123 72.000000 150.222198 0.092831 0.216231 1.000000
0.017032 75.555557 155.555603 0.123822 0.185197 0.000000
0.009394 78.222221 159.111099 0.092831 0.123118 0.000000
0.019577 82.666656 165.333298 0.154813 0.216231 0.000000
0.011940 84.444443 167.111099 0.061840 0.061047 0.000000
0.017032 85.333344 169.777802 0.030849 0.092084 0.000000
0.009394 86.222221 171.555603 0.030849 0.061047 0.000000
0.019577 87.111107 174.222198 0.030849 0.092080 0.000000
0.004303 88.000000 176.888901 0.030849 0.092084 0.000000
0.017032 88.888893 179.555603 0.030849 0.092084 0.000000
0.006849 89.777779 182.222198 0.030849 0.092080 0.000000
0.014486 90.666656 184.888901 0.030849 0.092084 0.000000
0.006849 91.555557 187.555603 0.030849 0.092084 0.000000
0.006849 92.444443 190.222198 0.030849 0.092080 0.000000
0.019577 93.333344 199.111099 0.030849 0.309344 0.000000
0.006849 93.333344 199.111099 -0.000142 -0.001029 0.000000
0.017032 93.333344 210.666702 -0.000142 0.402456 1.000000
0.011940 93.333344 217.777802 -0.000142 0.247268 1.000000
0.017032 93.333344 225.777802 -0.000142 0.278306 2.000000
0.001757 93.333344 233.777802 -0.000142 0.278306 2.000000
0.039943 91.555557 249.777802 -0.062125 0.557641 2.000000
0.037397 87.111107 266.666687 -0.155098 0.588678 2.000000
0.037397 79.111107 282.666687 -0.279062 0.557641 2.000000
0.067946 68.444443 296.000000 -0.372035 0.464528 2.000000
0.039943 51.555561 312.888885 -0.588973 0.588678 2.000000
0.014486 46.222221 319.111115 -0.186089 0.216232 2.000000
0.006849 41.777779 323.555511 -0.155098 0.154156 2.000000
0.017032 38.222221 328.000000 -0.124107 0.154159 1.000000
0.006849 34.666672 331.555511 -0.124106 0.123119 1.000000
0.065400 29.333330 336.888885 -0.186089 0.185196 0.000000
0.032306 29.333330 336.888885 -0.000142 -0.001029 0.000000
0.045035 39.111111 316.444489 0.340760 -0.714882 0.000000
0.034852 57.777779 290.666687 0.650671 -0.901108 0.000000
0.060309 85.333344 260.444489 0.960583 -1.056292 0.000000
0.034852 120.888901 232.888901 1.239502 -0.963182 0.000000
0.017032 159.111099 212.444397 1.332475 -0.714886 0.000000
0.001757 159.111099 212.444397 -0.000142 -0.001029 1.000000
0.001757 177.777802 204.444397 0.650672 -0.280363 1.000000
0.011940 195.555603 198.222198 0.619681 -0.218288 2.000000
0.001757 212.444397 193.777802 0.588686 -0.156213 2.000000
0.014486 227.555603 191.111099 0.526710 -0.094141 2.000000
0.004303 240.000000 190.222198 0.433732 -0.032066 2.000000
0.001757 240.000000 190.222198 -0.000142 -0.001029 2.000000
0.011940 250.666702 190.222198 0.371752 -0.001029 2.000000
0.001757 257.777802 191.111099 0.247786 0.030009 2.000000
0.017032 262.222198 192.888901 0.154812 0.061047 2.000000
0.004303 264.000000 196.444397 0.061841 0.123118 2.000000
0.024669 262.222198 205.333298 -0.062125 0.309344 2.000000
0.004303 262.222198 205.333298 -0.000142 -0.001029 2.000000
0.001757 256.888885 212.444397 -0.186088 0.247268 2.000000
0.019577 246.222198 228.444397 -0.372036 0.557641 1.000000
0.047580 240.000000 246.222198 -0.217079 0.619716 0.000000
0.042489 238.222198 264.000000 -0.062125 0.619716 0.000000
0.037397 238.222198 276.444489 -0.000142 0.433493 0.000000
0.006849 238.222198 280.888885 -0.000142 0.154156 0.000000
0.042489 239.111099 287.111115 0.030849 0.216232 0.000000
0.039943 239.111099 290.666687 -0.000142 0.123121 0.000000
0.039943 239.111099 291.555511 -0.000142 0.030006 0.000000
0.017032 239.111099 292.444489 -0.000142 0.030012 0.000000
0.004303 239.111099 292.444489 -0.000142 -0.001029 0.000000
0.062855 239.111099 285.333313 -0.000142 -0.249328 1.000000
0.032306 236.444397 272.000000 -0.093117 -0.466585 1.000000
0.014486 232.000000 261.333313 -0.155096 -0.373475 2.000000
0.022123 228.444397 248.000000 -0.124108 -0.466585 2.000000
0.029760 216.888901 216.000000 -0.403025 -1.118367 2.000000
0.060309 197.333298 168.888901 -0.681948 -1.645999 2.000000
0.047580 181.333298 145.777802 -0.557982 -0.807995 2.000000
0.037397 163.555603 127.111099 -0.619962 -0.652811 2.000000
0.039943 147.555603 114.666702 -0.557982 -0.435547 2.000000
0.039943 138.666702 107.555603 -0.310054 -0.249326 1.000000
0.039943 136.888901 105.777802 -0.062125 -0.063104 0.000000
0.001757 137.777802 105.777802 0.030849 -0.001029 0.000000
0.037397 150.222198 110.222198 0.433732 0.154156 0.000000
0.011940 160.888901 114.666702 0.371752 0.154159 0.000000
0.004303 174.222198 120.000000 0.464723 0.185193 0.000000
0.055218 209.777802 131.555603 1.239504 0.402456 0.000000
0.017032 255.111099 144.888901 1.580403 0.464528 0.000000
-0.000788 255.111099 144.888901 -0.000142 -0.001029 0.000000
0.001757 279.111115 154.666702 0.836618 0.340381 0.000000
0.011940 301.333313 165.333298 0.774635 0.371415 0.000000
0.001757 301.333313 165.333298 -0.000142 -0.001029 0.000000
0.014486 342.222198 192.000000 1.425449 0.930088 1.000000
0.001757 342.222198 192.000000 -0.000142 -0.001029 1.000000
-0.000788 359.111115 205.333298 0.588690 0.464528 1.000000
0.011940 373.333313 218.666702 0.495715 0.464532 1.000000
-0.003334 384.000000 231.111099 0.371752 0.433490 1.000000
0.001757 392.888885 241.777802 0.309769 0.371419 1.000000
0.014486 398.222198 250.666702 0.185804 0.309344 2.000000
-0.000788 398.222198 250.666702 -0.000142 -0.001029 2.000000
0.011940 402.666687 256.888885 0.154815 0.216230 2.000000
0.006849 404.444489 260.444489 0.061841 0.123122 2.000000
0.001757 405.333313 262.222198 0.030847 0.061043 2.000000
0.024669 405.333313 262.222198 -0.000142 -0.001029 2.000000
0.004303 403.555511 258.666687 -0.062125 -0.125176 2.000000
0.014486 400.000000 253.333298 -0.124105 -0.187254 2.000000
0.006849 396.444489 245.333298 -0.124105 -0.280363 2.000000
0.039943 387.555511 222.222198 -0.310056 -0.807995 2.000000
0.039943 377.777802 196.444397 -0.341042 -0.901108 2.000000
0.017032 370.666687 177.777802 -0.248071 -0.652807 1.000000
0.004303 370.666687 177.777802 -0.000142 -0.001029 1.000000
0.019577 362.666687 163.555603 -0.279062 -0.497623 0.000000
0.009394 358.222198 157.333298 -0.155099 -0.218292 0.000000
0.057763 344.888885 144.000000 -0.465008 -0.466585 0.000000
0.037397 322.666687 135.111099 -0.774919 -0.311401 0.000000
0.011940 310.222198 133.333298 -0.434019 -0.063104 0.000000
0.001757 296.000000 133.333298 -0.495999 -0.001029 0.000000
0.004303 283.555511 135.111099 -0.434019 0.061047 0.000000
0.014486 272.000000 140.444397 -0.403025 0.185193 0.000000
0.001757 262.222198 148.444397 -0.341045 0.278306 0.000000
0.014486 253.333298 159.111099 -0.310054 0.371419 0.000000
0.001757 246.222198 172.444397 -0.248071 0.464528 0.000000
0.004303 246.222198 172.444397 -0.000142 -0.001029 0.000000
0.011940 240.000000 186.666702 -0.217079 0.495569 0.000000
-0.000788 235.555603 203.555603 -0.155096 0.588678 0.000000
0.011940 231.111099 221.333298 -0.155100 0.619712 0.000000
-0.000788 228.444397 240.000000 -0.093117 0.650753 0.000000
0.001757 225.777802 257.777802 -0.093113 0.619716 1.000000
0.011940 223.111099 274.666687 -0.093117 0.588678 1.000000
0.001757 223.111099 274.666687 -0.000142 -0.001029 2.000000
0.001757 220.444397 288.888885 -0.093117 0.495565 2.000000
0.014486 219.555603 301.333313 -0.031130 0.433491 2.000000
0.001757 218.666702 311.111115 -0.031134 0.340381 2.000000
0.052672 219.555603 323.555511 0.030849 0.433490 2.000000
0.034852 225.777802 325.333313 0.216795 0.061047 2.000000
0.055218 249.777802 304.888885 0.836618 -0.714883 2.000000
0.029760 262.222198 291.555511 0.433732 -0.466588 2.000000
0.060309 319.111115 238.222198 1.983290 -1.863258 1.000000
0.027215 364.444489 208.000000 1.580406 -1.056292 1.000000
0.001757 385.777802 196.444397 0.743644 -0.404514 0.000000
0.032306 405.333313 186.666702 0.681661 -0.342435 0.000000
0.014486 440.888885 172.444397 1.239503 -0.497626 0.000000
0.001757 440.888885 172.444397 -0.000142 -0.001029 0.000000
0.004303 455.111115 167.111099 0.495716 -0.187250 0.000000
0.014486 467.555511 162.666702 0.433732 -0.156213 0.000000
0.001757 478.222198 160.888901 0.371752 -0.063104 0.000000
0.017032 486.222198 159.111099 0.278778 -0.063104 0.000000
0.001757 492.444489 159.111099 0.216798 -0.001029 0.000000
0.004303 497.777802 159.111099 0.185804 -0.001029 0.000000
0.009394 502.222198 160.000000 0.154812 0.030009 0.000000
0.004303 502.222198 160.000000 -0.000142 -0.001029 0.000000
0.011940 505.777802 161.777802 0.123824 0.061047 0.000000
-0.000788 509.333313 163.555603 0.123821 0.061047 0.000000
0.019577 514.666687 167.111099 0.185806 0.123118 1.000000
0.009394 514.666687 167.111099 -0.000142 -0.001029 1.000000
-0.003334 515.555481 168.000000 0.030846 0.030009 1.000000
0.011940 515.555481 168.000000 -0.000142 -0.001029 1.000000
0.001757 513.777771 167.111099 -0.062122 -0.032066 2.000000
