0.039943 208.000000 133.333298 0.061841 0.247268 2.000000
0.037397 215.111099 152.000000 0.247786 0.650753 2.000000
0.039943 224.000000 173.333298 0.309769 0.743862 0.000000
0.006849 227.555603 184.000000 0.123824 0.371419 0.000000
0.037397 232.888901 205.333298 0.185803 0.743862 0.000000
0.039943 236.444397 224.888901 0.123820 0.681791 0.000000
0.060309 240.888901 241.777802 0.154815 0.588678 0.000000
0.014486 241.777802 244.444397 0.030849 0.092080 0.000000
-0.000788 241.777802 244.444397 -0.000142 -0.001029 0.000000
0.014486 245.333298 244.444397 0.123820 -0.001029 0.000000
0.001757 245.333298 244.444397 -0.000142 -0.001029 0.000000
0.001757 248.000000 241.777802 0.092832 -0.094138 0.000000
0.014486 251.555603 237.333298 0.123824 -0.156217 0.000000
0.001757 255.111099 230.222198 0.123820 -0.249326 0.000000
0.014486 259.555511 221.333298 0.154812 -0.311401 0.000000
0.001757 264.888885 210.666702 0.185806 -0.373472 1.000000
0.001757 264.888885 210.666702 -0.000142 -0.001029 1.000000
0.017032 276.444489 186.666702 0.402744 -0.839032 2.000000
0.001757 276.444489 186.666702 -0.000142 -0.001029 2.000000
0.009394 288.888885 165.333298 0.433732 -0.745923 2.000000
-0.000788 288.888885 165.333298 -0.000142 -0.001029 2.000000
0.006849 295.111115 156.444397 0.216796 -0.311401 2.000000
0.019577 302.222198 149.333298 0.247786 -0.249326 2.000000
0.004303 309.333313 142.222198 0.247787 -0.249326 2.000000
0.017032 317.333313 136.888901 0.278778 -0.187250 2.000000
0.009394 326.222198 132.444397 0.309769 -0.156217 2.000000
0.045035 353.777802 123.555603 0.960584 -0.311397 2.000000
0.047580 369.777802 122.666702 0.557698 -0.032066 2.000000
0.011940 376.888885 123.555603 0.247786 0.030009 1.000000
0.006849 384.000000 127.111099 0.247787 0.123118 1.000000
0.017032 389.333313 133.333298 0.185804 0.216231 0.000000
0.006849 392.000000 140.444397 0.092832 0.247268 0.000000
0.042489 391.111115 159.111099 -0.031133 0.650753 0.000000
0.045035 378.666687 179.555603 -0.434017 0.712829 0.000000
0.039943 358.222198 196.444397 -0.712939 0.588674 0.000000
0.004303 345.777802 203.555603 -0.434016 0.247272 0.000000
0.011940 331.555511 211.555603 -0.496002 0.278306 0.000000
0.004303 316.444489 218.666702 -0.526988 0.247268 0.000000
0.014486 300.444489 227.555603 -0.557982 0.309344 0.000000
0.004303 286.222198 235.555603 -0.496002 0.278306 0.000000
0.014486 273.777802 245.333298 -0.434016 0.340378 0.000000
0.004303 262.222198 255.111099 -0.403028 0.340381 0.000000
0.004303 252.444397 264.888885 -0.341045 0.340381 1.000000
0.017032 243.555603 273.777802 -0.310050 0.309344 1.000000
0.001757 243.555603 273.777802 -0.000142 -0.001029 1.000000
0.017032 226.666702 290.666687 -0.588974 0.588678 2.000000
0.004303 218.666702 297.777802 -0.279062 0.247269 2.000000
0.014486 210.666702 304.000000 -0.279062 0.216231 2.000000
0.006849 202.666702 309.333313 -0.279062 0.185194 2.000000
0.017032 195.555603 313.777802 -0.248071 0.154159 2.000000
0.006849 189.333298 316.444489 -0.217083 0.092084 2.000000
0.065400 178.666702 318.222198 -0.372033 0.061043 2.000000
0.042489 175.111099 310.222198 -0.124108 -0.280363 2.000000
0.039943 172.444397 293.333313 -0.093117 -0.590735 2.000000
0.042489 169.777802 266.666687 -0.093113 -0.932142 0.000000
0.039943 164.444397 240.000000 -0.186091 -0.932145 0.000000
0.039943 152.888901 220.444397 -0.403025 -0.683848 0.000000
0.017032 144.000000 213.333298 -0.310054 -0.249326 0.000000
0.001757 134.222198 208.888901 -0.341045 -0.156213 0.000000
0.001757 124.444397 207.111099 -0.341045 -0.063104 0.000000
0.014486 114.666702 205.333298 -0.341041 -0.063104 0.000000
0.001757 106.666702 205.333298 -0.279062 -0.001029 0.000000
0.014486 100.444397 205.333298 -0.217083 -0.001029 0.000000
0.004303 95.111107 207.111099 -0.186087 0.061047 0.000000
0.001757 95.111107 207.111099 -0.000142 -0.001029 0.000000
0.014486 88.888893 210.666702 -0.217080 0.123122 0.000000
0.001757 88.888893 210.666702 -0.000142 -0.001029 0.000000
0.019577 86.222221 215.111099 -0.093116 0.154156 0.000000
-0.003334 86.222221 215.111099 -0.000142 -0.001029 0.000000
0.004303 86.222221 217.777802 -0.000142 0.092084 0.000000
0.017032 87.111107 220.444397 0.030849 0.092080 1.000000
0.004303 89.777779 223.111099 0.092831 0.092084 1.000000
0.014486 93.333344 224.888901 0.123823 0.061047 2.000000
0.001757 97.777779 227.555603 0.154813 0.092084 2.000000
0.001757 97.777779 227.555603 -0.000142 -0.001029 2.000000
0.037397 120.000000 233.777802 0.774636 0.216231 2.000000
0.034852 131.555603 235.555603 0.402744 0.061047 2.000000
0.057763 164.444397 240.888901 1.146526 0.185193 2.000000
0.034852 177.777802 242.666702 0.464727 0.061047 2.000000
0.032306 179.555603 245.333298 0.061841 0.092080 2.000000
0.034852 169.777802 251.555603 -0.341045 0.216235 1.000000
0.009394 169.777802 251.555603 -0.000142 -0.001029 1.000000
0.027215 150.222198 261.333313 -0.681948 0.340378 0.000000
0.001757 139.555603 265.777802 -0.372033 0.154159 0.000000
0.014486 127.111099 272.000000 -0.434020 0.216231 0.000000
-0.000788 127.111099 272.000000 -0.000142 -0.001029 0.000000
0.001757 114.666702 278.222198 -0.434016 0.216231 0.000000
0.014486 103.111099 284.444489 -0.403028 0.216234 0.000000
-0.000788 90.666656 291.555511 -0.434018 0.247266 0.000000
0.014486 79.111107 299.555511 -0.403026 0.278306 0.000000
-0.000788 68.444443 308.444489 -0.372035 0.309346 0.000000
0.004303 57.777779 317.333313 -0.372035 0.309341 0.000000
0.024669 48.000000 327.111115 -0.341044 0.340381 0.000000
0.006849 39.111111 336.888885 -0.310053 0.340380 0.000000
0.017032 31.111111 345.777802 -0.279062 0.309344 0.000000
0.004303 24.888889 353.777802 -0.217080 0.278306 0.000000
0.019577 21.333330 360.000000 -0.124107 0.216231 0.000000
0.004303 18.666670 363.555511 -0.093115 0.123119 0.000000
0.011940 17.777781 365.333313 -0.031133 0.061047 0.000000
-0.000788 17.777781 365.333313 -0.000142 -0.001029 0.000000
0.032306 20.444441 358.222198 0.092831 -0.249326 2.000000
0.006849 20.444441 358.222198 -0.000142 -0.001029 2.000000
0.024669 28.444441 342.222198 0.278778 -0.559698 2.000000
0.047580 36.444439 320.888885 0.278778 -0.745920 2.000000
0.052672 40.000000 282.666687 0.123822 -1.335626 2.000000
0.050126 39.111111 254.222198 -0.031133 -0.994220 2.000000
0.037397 37.333328 228.444397 -0.062125 -0.901108 2.000000
0.034852 36.444439 204.444397 -0.031133 -0.839032 0.000000
0.006849 36.444439 192.888901 -0.000142 -0.404510 0.000000
0.009394 37.333328 182.222198 0.030849 -0.373476 0.000000
0.001757 37.333328 182.222198 -0.000142 -0.001029 0.000000
0.060309 37.333328 157.333298 -0.000142 -0.870070 0.000000
0.024669 35.555561 152.000000 -0.062124 -0.187250 0.000000
0.055218 34.666672 150.222198 -0.031133 -0.063104 0.000000
0.037397 34.666672 150.222198 -0.000142 -0.001029 0.000000
0.050126 40.888889 156.444397 0.216795 0.216231 0.000000
0.047580 62.222221 171.555603 0.743644 0.526607 1.000000
0.024669 71.111107 176.888901 0.309769 0.185193 2.000000
0.011940 80.888893 182.222198 0.340760 0.185193 2.000000
0.050126 101.333298 195.555603 0.712652 0.464532 2.000000
0.045035 120.000000 212.444397 0.650672 0.588674 2.000000
0.042489 139.555603 232.000000 0.681664 0.681791 2.000000
0.037397 159.111099 252.444397 0.681660 0.712825 2.000000
0.037397 179.555603 274.666687 0.712655 0.774903 2.000000
0.017032 200.000000 296.000000 0.712652 0.743863 3.000000
0.006849 200.000000 296.000000 -0.000142 -0.001029 3.000000
0.014486 215.111099 315.555511 0.526706 0.681788 0.000000
0.001757 215.111099 315.555511 -0.000142 -0.001029 0.000000
0.001757 219.555603 324.444489 0.154815 0.309346 0.000000
0.032306 224.000000 336.000000 0.154812 0.402453 0.000000
0.050126 224.888901 341.333313 0.030849 0.185194 0.000000
0.047580 225.777802 336.888885 0.030849 -0.156214 0.000000
0.037397 228.444397 317.333313 0.092829 -0.683847 0.000000
0.042489 235.555603 285.333313 0.247790 -1.118367 0.000000
0.042489 247.111099 241.777802 0.402740 -1.521849 2.000000
0.004303 253.333298 216.000000 0.216795 -0.901108 2.000000
0.042489 264.888885 168.888901 0.402743 -1.645999 2.000000
0.014486 269.333313 148.444397 0.154813 -0.714886 2.000000
0.009394 272.888885 132.444397 0.123823 -0.559698 2.000000
0.014486 275.555511 119.111099 0.092830 -0.466585 2.000000
0.011940 276.444489 110.222198 0.030852 -0.311401 2.000000
0.045035 270.222198 97.777779 -0.217082 -0.435548 2.000000
0.045035 265.777802 97.777779 -0.155096 -0.001029 2.000000
0.045035 253.333298 112.000000 -0.434020 0.495566 0.000000
0.017032 251.555603 120.888901 -0.062121 0.309344 0.000000
0.009394 250.666702 132.444397 -0.031134 0.402453 0.000000
0.017032 250.666702 144.888901 -0.000142 0.433494 0.000000
0.001757 250.666702 158.222198 -0.000142 0.464528 0.000000
0.019577 251.555603 170.666702 0.030849 0.433494 0.000000
0.004303 253.333298 182.222198 0.061837 0.402453 0.000000
0.011940 254.222198 192.888901 0.030849 0.371419 0.000000
0.004303 254.222198 202.666702 -0.000142 0.340381 0.000000
0.001757 255.111099 212.444397 0.030849 0.340378 0.000000
0.014486 255.111099 221.333298 -0.000142 0.309344 0.000000
0.004303 255.111099 231.111099 -0.000142 0.340381 0.000000
0.014486 255.111099 239.111099 -0.000142 0.278306 0.000000
0.009394 255.111099 246.222198 -0.000142 0.247268 0.000000
0.017032 256.000000 251.555603 0.030849 0.185197 0.000000
0.009394 256.000000 256.000000 -0.000142 0.154156 0.000000
0.019577 256.000000 258.666687 -0.000142 0.092084 0.000000
0.009394 256.000000 259.555511 -0.000142 0.030006 0.000000
0.045035 256.888885 258.666687 0.030849 -0.032063 2.000000
0.045035 260.444489 248.888901 0.123824 -0.342438 2.000000
0.083221 272.888885 224.000000 0.433732 -0.870070 2.000000
0.011940 278.222198 214.222198 0.185804 -0.342438 2.000000
0.057763 294.222198 182.222198 0.557698 -1.118367 2.000000
0.027215 305.777802 154.666702 0.402744 -0.963179 2.000000
0.027215 312.888885 139.555603 0.247786 -0.528660 2.000000
0.006849 320.000000 123.555603 0.247787 -0.559698 2.000000
0.017032 327.111115 108.444397 0.247787 -0.528664 1.000000
0.004303 335.111115 93.333344 0.278778 -0.528659 1.000000
0.019577 351.111115 68.444443 0.557698 -0.870070 0.000000
0.004303 351.111115 68.444443 -0.000142 -0.001029 0.000000
0.019577 357.333313 58.666672 0.216795 -0.342437 0.000000
-0.000788 363.555511 51.555561 0.216795 -0.249326 0.000000
0.004303 368.888885 46.222221 0.185806 -0.187252 0.000000
0.011940 373.333313 41.777779 0.154813 -0.156214 0.000000
0.004303 376.888885 39.111111 0.123823 -0.094140 0.000000
0.022123 383.111115 35.555561 0.216796 -0.125177 0.000000
0.009394 383.111115 35.555561 -0.000142 -0.001029 0.000000
0.027215 388.444489 35.555561 0.185806 -0.001029 0.000000
0.024669 394.666687 35.555561 0.216795 -0.001029 0.000000
0.001757 394.666687 35.555561 -0.000142 -0.001029 0.000000
0.024669 402.666687 39.111111 0.278778 0.123120 0.000000
0.009394 402.666687 39.111111 -0.000142 -0.001029 0.000000
0.017032 415.111115 45.333328 0.433733 0.216232 0.000000
0.009394 421.333313 48.888889 0.216795 0.123120 1.000000
0.017032 428.444489 53.333328 0.247789 0.154157 1.000000
0.009394 435.555511 57.777779 0.247784 0.154158 2.000000
0.045035 446.222198 65.777779 0.371752 0.278306 2.000000
0.047580 455.111115 76.444443 0.309770 0.371417 2.000000
0.022123 456.888885 80.000000 0.061840 0.123120 2.000000
0.014486 459.555511 82.666656 0.092830 0.092083 2.000000
0.022123 461.333313 86.222221 0.061841 0.123120 2.000000
0.004303 461.333313 86.222221 -0.000142 -0.001029 2.000000
0.019577 462.222198 87.111107 0.030849 0.030009 2.000000
0.009394 463.111115 87.111107 0.030850 -0.001029 2.000000
0.024669 463.111115 87.111107 -0.000142 -0.001029 1.000000
0.024669 463.111115 88.000000 -0.000142 0.030009 1.000000
0.011940 463.111115 88.888893 -0.000142 0.030009 0.000000
0.022123 461.333313 91.555557 -0.062125 0.092083 0.000000
0.004303 460.444489 96.000000 -0.031131 0.154157 0.000000
0.029760 456.000000 106.666702 -0.155099 0.371419 0.000000
0.024669 454.222198 113.777802 -0.062125 0.247268 0.000000
0.004303 451.555511 120.000000 -0.093116 0.216231 0.000000
0.050126 438.222198 143.111099 -0.465008 0.805938 0.000000
0.050126 425.777802 160.000000 -0.434016 0.588678 0.000000
0.042489 409.777802 179.555603 -0.557982 0.681791 0.000000
0.039943 393.777802 202.666702 -0.557982 0.805938 0.000000
0.047580 375.111115 239.111099 -0.650956 1.271494 1.000000
0.042489 369.777802 250.666702 -0.186088 0.402456 1.000000
0.017032 360.000000 272.888885 -0.341045 0.774899 2.000000
0.006849 355.555511 281.777802 -0.155099 0.309344 2.000000
0.014486 352.000000 290.666687 -0.124105 0.309343 2.000000
-0.000788 352.000000 290.666687 -0.000142 -0.001029 2.000000
0.006849 348.444489 298.666687 -0.124105 0.278306 2.000000
0.014486 344.000000 312.000000 -0.155099 0.464528 2.000000
0.004303 344.000000 312.000000 -0.000142 -0.001029 2.000000
0.014486 343.111115 317.333313 -0.031133 0.185194 2.000000
0.004303 341.333313 321.777802 -0.062125 0.154159 2.000000
0.014486 341.333313 324.444489 -0.000142 0.092084 2.000000
0.001757 340.444489 325.333313 -0.031131 0.030006 2.000000
0.004303 339.555511 325.333313 -0.031136 -0.001029 2.000000
0.014486 338.666687 323.555511 -0.031131 -0.063104 2.000000
0.004303 337.777802 320.000000 -0.031133 -0.125176 2.000000
0.019577 336.888885 313.777802 -0.031134 -0.218288 1.000000
0.006849 336.000000 304.888885 -0.031133 -0.311401 0.000000
0.019577 336.000000 294.222198 -0.000142 -0.373475 0.000000
0.006849 336.000000 281.777802 -0.000142 -0.435547 0.000000
0.062855 333.333313 227.555603 -0.093116 -1.894296 0.000000
0.045035 329.777802 180.444397 -0.124105 -1.646002 0.000000
0.037397 323.555511 136.000000 -0.217082 -1.552886 0.000000
0.039943 311.111115 106.666702 -0.434016 -1.025254 0.000000
0.042489 288.888885 81.777779 -0.774920 -0.870071 0.000000
0.042489 275.555511 73.777779 -0.465010 -0.280363 0.000000
0.042489 264.000000 71.111107 -0.403025 -0.094140 1.000000
0.017032 258.666687 71.111107 -0.186088 -0.001029 1.000000
0.001757 255.111099 72.000000 -0.124108 0.030009 1.000000
0.001757 255.111099 72.000000 -0.000142 -0.001029 1.000000
0.014486 248.888901 77.333344 -0.217079 0.185195 2.000000
0.004303 248.888901 77.333344 -0.000142 -0.001029 2.000000
0.014486 245.333298 87.111107 -0.124108 0.340380 2.000000
0.001757 245.333298 87.111107 -0.000142 -0.001029 2.000000
0.004303 245.333298 92.444443 -0.000142 0.185195 2.000000
0.014486 245.333298 99.555557 -0.000142 0.247269 2.000000
0.001757 246.222198 105.777802 0.030849 0.216232 2.000000
0.017032 248.888901 112.888901 0.092832 0.247268 2.000000
0.001757 252.444397 120.000000 0.123820 0.247268 2.000000
0.001757 256.888885 125.333298 0.154815 0.185193 2.000000
0.011940 260.444489 131.555603 0.123824 0.216235 2.000000
0.001757 260.444489 131.555603 -0.000142 -0.001029 2.000000
0.014486 264.888885 144.000000 0.154812 0.433490 2.000000
0.004303 264.888885 144.000000 -0.000142 -0.001029 2.000000
0.057763 266.666687 168.888901 0.061841 0.868013 0.000000
0.034852 261.333313 188.444397 -0.186090 0.681787 0.000000
0.055218 253.333298 208.888901 -0.279063 0.712829 0.000000
0.029760 244.444397 228.444397 -0.310054 0.681787 0.000000
0.052672 225.777802 256.000000 -0.650953 0.961126 0.000000
0.055218 208.888901 270.222198 -0.588974 0.495565 0.000000
0.011940 200.888901 274.666687 -0.279062 0.154159 0.000000
0.004303 193.777802 278.222198 -0.248071 0.123119 0.000000
0.014486 187.555603 280.000000 -0.217079 0.061047 0.000000
-0.000788 183.111099 280.000000 -0.155100 -0.001029 0.000000
0.001757 183.111099 280.000000 -0.000142 -0.001029 0.000000
0.011940 176.000000 278.222198 -0.248071 -0.063104 0.000000
0.001757 176.000000 278.222198 -0.000142 -0.001029 0.000000
0.014486 172.444397 270.222198 -0.124108 -0.280363 0.000000
0.001757 172.444397 270.222198 -0.000142 -0.001029 0.000000
0.001757 172.444397 264.000000 -0.000142 -0.218288 1.000000
0.014486 171.555603 256.888885 -0.031130 -0.249326 1.000000
0.004303 171.555603 249.777802 -0.000142 -0.249325 2.000000
0.014486 171.555603 241.777802 -0.000142 -0.280363 2.000000
0.001757 172.444397 232.888901 0.030846 -0.311401 2.000000
0.001757 172.444397 232.888901 -0.000142 -0.001029 2.000000
0.009394 173.333298 211.555603 0.030849 -0.745920 2.000000
-0.000788 173.333298 211.555603 -0.000142 -0.001029 2.000000
0.001757 173.333298 199.111099 -0.000142 -0.435551 2.000000
0.011940 174.222198 184.888901 0.030849 -0.497623 2.000000
0.001757 174.222198 184.888901 -0.000142 -0.001029 2.000000
0.052672 175.111099 136.888901 0.030849 -1.677036 2.000000
0.034852 175.111099 111.111099 -0.000142 -0.901108 2.000000
0.060309 168.888901 95.111107 -0.217079 -0.559697 2.000000
0.014486 160.000000 84.444443 -0.310054 -0.373475 0.000000
0.009394 153.777802 79.111107 -0.217079 -0.187252 0.000000
0.039943 141.333298 72.000000 -0.434020 -0.249326 0.000000
0.032306 128.888901 64.888893 -0.434016 -0.249326 0.000000
0.001757 128.888901 64.888893 -0.000142 -0.001029 0.000000
0.034852 115.555603 61.333328 -0.465008 -0.125178 0.000000
0.055218 93.333344 64.000000 -0.774921 0.092083 0.000000
0.034852 85.333344 68.444443 -0.279062 0.154157 0.000000
0.055218 66.666656 84.444443 -0.650956 0.557641 0.000000
0.029760 60.444439 95.111107 -0.217080 0.371417 1.000000
0.057763 57.777779 106.666702 -0.093115 0.402456 1.000000
0.011940 56.000000 119.111099 -0.062124 0.433490 2.000000
0.004303 56.000000 119.111099 -0.000142 -0.001029 2.000000
0.047580 50.666672 147.555603 -0.186089 0.992163 2.000000
0.050126 44.444439 170.666702 -0.217080 0.805938 2.000000
0.052672 38.222221 192.888901 -0.217080 0.774900 2.000000
0.032306 34.666672 214.222198 -0.124106 0.743862 2.000000
0.042489 33.777779 236.444397 -0.031133 0.774900 2.000000
0.014486 33.777779 260.444489 -0.000142 0.836978 0.000000
0.011940 33.777779 272.888885 -0.000142 0.433490 0.000000
0.032306 33.777779 287.111115 -0.000142 0.495567 0.000000
-0.000788 33.777779 300.444489 -0.000142 0.464531 0.000000
0.052672 38.222221 332.444489 0.154813 1.116310 0.000000
0.032306 41.777779 338.666687 0.123822 0.216231 0.000000
0.045035 55.111111 341.333313 0.464724 0.092082 0.000000
0.045035 68.444443 326.222198 0.464724 -0.528661 0.000000
0.057763 86.222221 302.222198 0.619680 -0.839032 0.000000
0.037397 107.555603 272.000000 0.743646 -1.056292 0.000000
0.017032 134.222198 240.000000 0.929589 -1.118367 1.000000
0.006849 134.222198 240.000000 -0.000142 -0.001029 1.000000
0.037397 172.444397 200.000000 1.332475 -1.397702 2.000000
0.001757 172.444397 200.000000 -0.000142 -0.001029 2.000000
0.039943 192.000000 185.777802 0.681664 -0.497623 2.000000
0.050126 203.555603 180.444397 0.402744 -0.187254 2.000000
0.022123 204.444397 180.444397 0.030846 -0.001029 2.000000
0.024669 201.777802 184.888901 -0.093113 0.154159 2.000000
0.042489 197.333298 191.111099 -0.155100 0.216231 2.000000
0.022123 195.555603 193.777802 -0.062121 0.092084 2.000000
0.017032 193.777802 198.222198 -0.062125 0.154156 0.000000
0.006849 193.777802 198.222198 -0.000142 -0.001029 0.000000
0.050126 192.888901 204.444397 -0.031134 0.216231 0.000000
0.032306 192.000000 208.888901 -0.031134 0.154159 0.000000
0.047580 187.555603 223.111099 -0.155096 0.495565 0.000000
0.050126 184.000000 234.666702 -0.124108 0.402456 0.000000
0.037397 179.555603 248.888901 -0.155096 0.495565 0.000000
0.042489 175.111099 266.666687 -0.155100 0.619715 0.000000
0.060309 171.555603 295.111115 -0.124105 0.992160 1.000000
0.065400 170.666702 320.888885 -0.031134 0.899049 2.000000
0.001757 170.666702 328.888885 -0.000142 0.278306 2.000000
0.006849 170.666702 328.888885 -0.000142 -0.001029 2.000000
0.032306 170.666702 341.333313 -0.000142 0.433491 2.000000
0.039943 173.333298 348.444489 0.092829 0.247271 2.000000
0.055218 184.888901 346.666687 0.402744 -0.063104 2.000000
0.057763 208.888901 326.222198 0.836618 -0.714885 2.000000
0.024669 220.444397 315.555511 0.402740 -0.373475 0.000000
0.011940 232.888901 304.000000 0.433735 -0.404510 0.000000
-0.003334 246.222198 291.555511 0.464723 -0.435551 0.000000
0.001757 259.555511 280.000000 0.464724 -0.404510 0.000000
0.014486 271.111115 270.222198 0.402744 -0.342438 0.000000
-0.000788 271.111115 270.222198 -0.000142 -0.001029 0.000000
0.001757 281.777802 263.111115 0.371752 -0.249325 0.000000
0.011940 292.444489 257.777802 0.371752 -0.187251 0.000000
0.001757 300.444489 255.111099 0.278778 -0.094141 0.000000
0.014486 308.444489 253.333298 0.278778 -0.063104 0.000000
0.001757 308.444489 253.333298 -0.000142 -0.001029 0.000000
0.001757 314.666687 252.444397 0.216795 -0.032066 0.000000
0.011940 320.888885 252.444397 0.216795 -0.001029 0.000000
0.006849 326.222198 252.444397 0.185804 -0.001029 0.000000
0.014486 331.555511 252.444397 0.185804 -0.001029 0.000000
0.009394 336.888885 252.444397 0.185806 -0.001029 0.000000
0.014486 347.555511 253.333298 0.371750 0.030009 0.000000
0.006849 347.555511 253.333298 -0.000142 -0.001029 0.000000
0.014486 358.222198 255.111099 0.371752 0.061047 0.000000
0.009394 364.444489 256.888885 0.216798 0.061046 1.000000
0.006849 364.444489 256.888885 -0.000142 -0.001029 1.000000
0.014486 376.000000 259.555511 0.402741 0.092082 2.000000
0.006849 376.000000 259.555511 -0.000142 -0.001029 2.000000
0.014486 386.666687 263.111115 0.371752 0.123122 2.000000
0.009394 392.000000 264.888885 0.185804 0.061046 2.000000
0.045035 399.111115 269.333313 0.247787 0.154157 2.000000
0.045035 405.333313 275.555511 0.216795 0.216231 2.000000
0.039943 409.777802 281.777802 0.154815 0.216234 2.000000
0.014486 411.555511 284.444489 0.061838 0.092084 2.000000
0.006849 412.444489 286.222198 0.030852 0.061043 2.000000
0.014486 413.333313 289.777802 0.030847 0.123122 1.000000
0.004303 413.333313 289.777802 -0.000142 -0.001029 1.000000
0.014486 410.666687 294.222198 -0.093114 0.154156 1.000000
0.004303 410.666687 294.222198 -0.000142 -0.001029 0.000000
0.001757 407.111115 297.777802 -0.124107 0.123122 0.000000
0.014486 401.777802 301.333313 -0.186088 0.123119 0.000000
0.004303 396.444489 306.666687 -0.186088 0.185196 0.000000
0.014486 390.222198 312.000000 -0.217082 0.185194 0.000000
0.001757 384.000000 318.222198 -0.217079 0.216231 0.000000
0.001757 384.000000 318.222198 -0.000142 -0.001029 0.000000
0.014486 375.111115 330.666687 -0.310053 0.433493 0.000000
0.011940 371.555511 336.000000 -0.124108 0.185194 0.000000
0.014486 368.888885 339.555511 -0.093114 0.123119 0.000000
0.011940 366.222198 343.111115 -0.093116 0.123122 0.000000
0.014486 362.666687 345.777802 -0.124105 0.092084 0.000000
0.011940 359.111115 347.555511 -0.124107 0.061043 0.000000
0.050126 345.777802 348.444489 -0.465008 0.030012 0.000000
0.042489 318.222198 341.333313 -0.960868 -0.249328 1.000000
0.014486 309.333313 336.000000 -0.310053 -0.187251 2.000000
0.009394 302.222198 328.000000 -0.248071 -0.280363 2.000000
0.042489 288.888885 306.666687 -0.465008 -0.745920 2.000000
0.039943 272.888885 277.333313 -0.557982 -1.025257 2.000000
0.073038 247.111099 226.666702 -0.898885 -1.770146 2.000000
-0.000788 239.111099 212.444397 -0.279062 -0.497626 2.000000
0.004303 232.000000 200.000000 -0.248071 -0.435547 2.000000
0.011940 226.666702 189.333298 -0.186088 -0.373476 2.000000
0.001757 226.666702 189.333298 -0.000142 -0.001029 2.000000
0.017032 217.777802 170.666702 -0.310054 -0.652807 2.000000
0.001757 214.222198 163.555603 -0.124108 -0.249326 0.000000
0.004303 214.222198 163.555603 -0.000142 -0.001029 0.000000
0.017032 211.555603 157.333298 -0.093113 -0.218292 0.000000
0.001757 208.000000 152.000000 -0.124108 -0.187250 0.000000
0.014486 204.444397 148.444397 -0.124108 -0.125179 0.000000
0.001757 201.777802 144.888901 -0.093113 -0.125175 0.000000
0.001757 198.222198 143.111099 -0.124108 -0.063104 0.000000
0.019577 196.444397 141.333298 -0.062125 -0.063104 0.000000
0.004303 195.555603 139.555603 -0.031130 -0.063100 0.000000
0.014486 194.666702 139.555603 -0.031134 -0.001029 0.000000
0.009394 194.666702 138.666702 -0.000142 -0.032066 0.000000
0.017032 194.666702 138.666702 -0.000142 -0.001029 0.000000
0.009394 194.666702 138.666702 -0.000142 -0.001029 0.000000
0.045035 198.222198 143.111099 0.123820 0.154156 0.000000
0.045035 211.555603 162.666702 0.464727 0.681791 0.000000
0.017032 216.888901 171.555603 0.185803 0.309344 1.000000
0.009394 224.000000 181.333298 0.247786 0.340378 1.000000
0.045035 237.333298 205.333298 0.464723 0.836975 2.000000
0.047580 244.444397 232.000000 0.247786 0.930088 2.000000
0.045035 244.444397 257.777802 -0.000142 0.899050 2.000000
0.017032 240.888901 280.888885 -0.124105 0.805937 2.000000
0.004303 240.888901 280.888885 -0.000142 -0.001029 2.000000
0.014486 240.000000 297.777802 -0.031134 0.588679 2.000000
0.006849 240.000000 304.000000 -0.000142 0.216231 2.000000
0.014486 241.777802 309.333313 0.061841 0.185194 2.000000
0.006849 244.444397 313.777802 0.092829 0.154159 2.000000
0.014486 247.111099 317.333313 0.092832 0.123119 2.000000
0.006849 248.888901 320.888885 0.061841 0.123121 0.000000
0.006849 248.888901 320.888885 -0.000142 -0.001029 0.000000
0.014486 254.222198 324.444489 0.185803 0.123122 0.000000
0.001757 254.222198 324.444489 -0.000142 -0.001029 0.000000
0.014486 256.000000 325.333313 0.061841 0.030006 0.000000
0.001757 256.000000 325.333313 -0.000142 -0.001029 0.000000
0.014486 256.000000 326.222198 -0.000142 0.030009 0.000000
0.001757 256.000000 326.222198 -0.000142 -0.001029 0.000000
0.001757 256.000000 326.222198 -0.000142 -0.001029 0.000000
0.037397 248.888901 320.888885 -0.248071 -0.187251 0.000000
0.060309 229.333298 299.555511 -0.681948 -0.745922 0.000000
0.034852 219.555603 288.000000 -0.341041 -0.404510 0.000000
0.073038 168.888901 225.777802 -1.766637 -2.173630 1.000000
0.022123 154.666702 214.222198 -0.495999 -0.404514 1.000000
0.014486 140.444397 204.444397 -0.496003 -0.342438 2.000000
0.034852 110.222198 191.111099 -1.053839 -0.466585 2.000000
0.001757 95.111107 186.666702 -0.526990 -0.156213 2.000000
0.004303 81.777779 182.222198 -0.465009 -0.156217 2.000000
0.011940 70.222221 178.666702 -0.403027 -0.125175 2.000000
0.001757 70.222221 178.666702 -0.000142 -0.001029 2.000000
0.017032 61.333328 176.000000 -0.310053 -0.094141 2.000000
-0.000788 55.111111 174.222198 -0.217080 -0.063104 2.000000
0.001757 51.555561 172.444397 -0.124106 -0.063104 2.000000
0.014486 49.777779 171.555603 -0.062125 -0.032062 2.000000
0.001757 48.888889 170.666702 -0.031133 -0.032066 2.000000
0.017032 48.888889 169.777802 -0.000142 -0.032066 2.000000
0.001757 48.888889 168.000000 -0.000142 -0.063104 2.000000
0.001757 48.888889 168.000000 -0.000142 -0.001029 2.000000
0.011940 51.555561 162.666702 0.092831 -0.187250 2.000000
0.006849 51.555561 162.666702 -0.000142 -0.001029 0.000000
0.017032 58.666672 152.888901 0.247787 -0.342438 0.000000
0.001757 58.666672 152.888901 -0.000142 -0.001029 0.000000
-0.000788 63.111111 146.666702 0.154813 -0.218288 0.000000
0.011940 70.222221 139.555603 0.247787 -0.249326 0.000000
0.001757 77.333344 131.555603 0.247787 -0.280363 0.000000
0.067946 106.666702 109.333298 1.022565 -0.776961 0.000000
0.024669 117.333298 104.000000 0.371749 -0.187250 0.000000
0.067946 147.555603 92.444443 1.053558 -0.404512 0.000000
0.022123 167.111099 88.000000 0.681660 -0.156214 0.000000
0.052672 184.888901 84.444443 0.619681 -0.125177 1.000000
0.037397 196.444397 84.444443 0.402740 -0.001029 1.000000
0.014486 203.555603 87.111107 0.247790 0.092083 2.000000
0.004303 203.555603 87.111107 -0.000142 -0.001029 2.000000
0.014486 206.222198 89.777779 0.092829 0.092083 2.000000
0.024669 206.222198 100.444397 -0.000142 0.371416 2.000000
0.065400 200.000000 120.888901 -0.217079 0.712829 2.000000
0.022123 198.222198 128.000000 -0.062125 0.247268 2.000000
0.034852 192.888901 143.111099 -0.186088 0.526603 1.000000
0.017032 189.333298 152.000000 -0.124108 0.309344 0.000000
0.024669 184.000000 168.888901 -0.186088 0.588678 0.000000
0.052672 179.555603 185.777802 -0.155096 0.588678 0.000000
0.029760 176.888901 200.000000 -0.093117 0.495565 0.000000
0.052672 173.333298 215.111099 -0.124108 0.526603 0.000000
0.060309 164.444397 244.444397 -0.310054 1.023197 0.000000
0.022123 157.333298 271.111115 -0.248071 0.930089 0.000000
0.047580 153.777802 298.666687 -0.124105 0.961125 0.000000
0.050126 153.777802 324.444489 -0.000142 0.899050 2.000000
0.065400 158.222198 360.000000 0.154812 1.240457 2.000000
0.001757 160.000000 369.777802 0.061841 0.340381 2.000000
-0.000788 160.888901 379.555511 0.030849 0.340378 2.000000
0.050126 160.888901 394.666687 -0.000142 0.526606 2.000000
0.047580 159.111099 406.222198 -0.062125 0.402453 2.000000
0.060309 153.777802 413.333313 -0.186088 0.247269 1.000000
0.017032 151.111099 412.444489 -0.093117 -0.032063 1.000000
0.011940 146.666702 401.777802 -0.155096 -0.373475 0.000000
0.024669 143.111099 392.000000 -0.124108 -0.342438 0.000000
0.037397 134.222198 364.444489 -0.310054 -0.963179 0.000000
0.070492 109.333298 307.555511 -0.867894 -1.987411 0.000000
0.027215 87.111107 272.000000 -0.774919 -1.242514 0.000000
0.037397 68.444443 249.777802 -0.650955 -0.776957 0.000000
0.014486 60.444439 243.555603 -0.279062 -0.218288 0.000000
0.009394 55.111111 240.888901 -0.186089 -0.094141 3.000000
0.017032 51.555561 239.111099 -0.124106 -0.063104 2.000000
0.039943 48.000000 238.222198 -0.124107 -0.032066 2.000000
0.027215 47.111111 238.222198 -0.031133 -0.001029 2.000000
0.037397 48.000000 237.333298 0.030849 -0.032066 2.000000
0.014486 54.222221 235.555603 0.216796 -0.063100 2.000000
0.034852 58.666672 233.777802 0.154814 -0.063104 2.000000
0.022123 66.666656 230.222198 0.278777 -0.125179 2.000000
0.070492 72.888893 231.111099 0.216796 0.030009 1.000000
0.001757 73.777779 233.777802 0.030849 0.092084 0.000000
0.001757 73.777779 238.222198 -0.000142 0.154156 0.000000
0.060309 73.777779 248.888901 -0.000142 0.371419 0.000000
0.022123 73.777779 258.666687 -0.000142 0.340381 0.000000
0.052672 73.777779 268.444489 -0.000142 0.340381 0.000000
0.050126 72.888893 294.222198 -0.031133 0.899047 0.000000
0.055218 71.111107 319.111115 -0.062125 0.868013 0.000000
-0.000788 69.333344 333.333313 -0.062124 0.495565 0.000000
0.004303 67.555557 346.666687 -0.062125 0.464531 2.000000
0.045035 64.888893 368.888885 -0.093115 0.774900 2.000000
0.047580 64.000000 379.555511 -0.031133 0.371416 2.000000
0.050126 66.666656 379.555511 0.092831 -0.001029 2.000000
0.067946 100.444397 343.111115 1.177519 -1.273551 2.000000
0.001757 100.444397 343.111115 -0.000142 -0.001029 2.000000
0.014486 134.222198 306.666687 1.177521 -1.273552 2.000000
0.001757 134.222198 306.666687 -0.000142 -0.001029 2.000000
0.006849 154.666702 285.333313 0.712655 -0.745922 2.000000
0.019577 200.000000 245.333298 1.580403 -1.397702 0.000000
0.004303 200.000000 245.333298 -0.000142 -0.001029 0.000000
0.017032 223.111099 229.333298 0.805626 -0.559698 0.000000
-0.000788 244.444397 217.777802 0.743643 -0.404510 0.000000
0.014486 264.000000 208.888901 0.681664 -0.311401 0.000000
0.001757 280.000000 202.666702 0.557698 -0.218288 0.000000
0.004303 294.222198 199.111099 0.495715 -0.125179 0.000000
0.017032 304.888885 195.555603 0.371752 -0.125175 0.000000
0.006849 312.888885 192.888901 0.278778 -0.094141 0.000000
0.014486 318.222198 191.111099 0.185804 -0.063104 0.000000
0.001757 320.888885 189.333298 0.092832 -0.063104 0.000000
0.019577 321.777802 186.666702 0.030850 -0.094138 0.000000
0.027215 320.000000 179.555603 -0.062125 -0.249326 0.000000
0.039943 315.555511 175.111099 -0.155099 -0.156217 0.000000
0.067946 296.000000 158.222198 -0.681945 -0.590735 2.000000
0.024669 292.444489 153.777802 -0.124105 -0.156213 2.000000
0.070492 284.444489 139.555603 -0.279062 -0.497623 2.000000
0.037397 278.222198 130.666702 -0.217082 -0.311401 2.000000
0.022123 268.444489 124.444397 -0.341042 -0.218292 2.000000
0.070492 248.000000 122.666702 -0.712939 -0.063100 2.000000
0.001757 241.777802 123.555603 -0.217079 0.030009 1.000000
0.004303 241.777802 123.555603 -0.000142 -0.001029 1.000000
0.017032 231.111099 128.000000 -0.372037 0.154156 0.000000
0.001757 231.111099 128.000000 -0.000142 -0.001029 0.000000
0.067946 220.444397 138.666702 -0.372037 0.371419 0.000000
0.047580 209.777802 165.333298 -0.372033 0.930084 0.000000
0.019577 206.222198 176.888901 -0.124108 0.402456 0.000000
0.065400 200.888901 220.444397 -0.186088 1.519791 0.000000
0.055218 204.444397 264.000000 0.123820 1.519795 0.000000
0.019577 207.111099 275.555511 0.092832 0.402453 0.000000
0.047580 216.888901 296.000000 0.340761 0.712828 2.000000
0.065400 241.777802 311.111115 0.867609 0.526604 2.000000
0.019577 253.333298 311.111115 0.402740 -0.001029 2.000000
0.065400 294.222198 291.555511 1.425449 -0.683848 2.000000
0.050126 324.444489 241.777802 1.053558 -1.739108 2.000000
0.017032 329.777802 216.888901 0.185804 -0.870070 2.000000
0.029760 331.555511 156.444397 0.061838 -2.111559 1.000000
0.001757 331.555511 156.444397 -0.000142 -0.001029 1.000000
0.065400 305.777802 81.777779 -0.898882 -2.608150 0.000000
0.024669 279.111115 64.888893 -0.929876 -0.590735 0.000000
0.047580 240.000000 69.333344 -1.363751 0.154158 0.000000
0.062855 178.666702 114.666702 -2.138528 1.581868 0.000000
0.047580 160.888901 163.555603 -0.619965 1.706017 0.000000
0.019577 160.888901 189.333298 -0.000142 0.899047 0.000000
0.052672 200.888901 248.000000 1.394458 2.047426 0.000000
0.057763 272.888885 263.111115 2.510137 0.526604 0.000000
0.047580 315.555511 246.222198 1.487430 -0.590736 0.000000
0.019577 331.555511 232.000000 0.557698 -0.497623 0.000000
0.050126 350.222198 168.888901 0.650672 -2.204668 0.000000
0.067946 316.444489 108.444397 -1.177802 -2.111559 0.000000
0.017032 296.888885 101.333298 -0.681948 -0.249326 0.000000
0.047580 249.777802 104.888901 -1.642670 0.123122 0.000000
0.050126 185.777802 141.333298 -2.231502 1.271494 0.000000
0.060309 169.777802 175.111099 -0.557982 1.178385 0.000000
0.047580 187.555603 216.888901 0.619681 1.457720 0.000000
0.042489 223.111099 230.222198 1.239500 0.464528 0.000000
0.050126 264.000000 228.444397 1.425449 -0.063104 0.000000
0.017032 296.000000 214.222198 1.115538 -0.497623 0.000000
0.045035 309.333313 192.888901 0.464724 -0.745920 0.000000
0.047580 303.111115 170.666702 -0.217079 -0.776957 0.000000
0.047580 260.444489 160.888901 -1.487714 -0.342438 0.000000
0.060309 219.555603 176.000000 -1.425733 0.526603 0.000000
0.045035 184.888901 197.333298 -1.208797 0.743862 0.000000
0.047580 189.333298 205.333298 0.154812 0.278306 0.000000
0.045035 213.333298 206.222198 0.836618 0.030009 0.000000
0.042489 248.888901 193.777802 1.239504 -0.435547 0.000000
0.045035 280.000000 176.000000 1.084546 -0.621773 0.000000
0.045035 294.222198 158.222198 0.495715 -0.621773 0.000000
0.047580 280.888885 157.333298 -0.465008 -0.032066 0.000000
0.045035 250.666702 173.333298 -1.053838 0.557641 0.000000
0.047580 216.888901 200.000000 -1.177805 0.930088 0.000000
0.017032 197.333298 224.000000 -0.681948 0.836975 0.000000
0.047580 198.222198 240.000000 0.030849 0.557641 0.000000
0.073038 234.666702 244.444397 1.270495 0.154156 0.000000
0.014486 252.444397 237.333298 0.619677 -0.249326 0.000000
0.047580 304.000000 202.666702 1.797344 -1.211476 0.000000
0.047580 320.888885 178.666702 0.588689 -0.839032 0.000000
0.045035 314.666687 159.111099 -0.217079 -0.683848 0.000000
0.047580 288.888885 154.666702 -0.898885 -0.156213 0.000000
0.055218 227.555603 183.111099 -2.138527 0.992159 0.000000
0.034852 191.111099 208.888901 -1.270780 0.899050 0.000000
0.057763 180.444397 229.333298 -0.372037 0.712825 0.000000
0.047580 207.111099 228.444397 0.929592 -0.032066 0.000000
0.029760 227.555603 221.333298 0.712655 -0.249326 0.000000
0.042489 296.888885 185.777802 2.417163 -1.242514 0.000000
0.057763 327.111115 157.333298 1.053556 -0.994220 0.000000
0.047580 316.444489 151.111099 -0.372034 -0.218288 0.000000
0.047580 286.222198 160.888901 -1.053842 0.340381 0.000000
0.045035 248.888901 184.888901 -1.301768 0.836975 0.000000
0.042489 220.444397 208.000000 -0.991860 0.805938 0.000000
0.045035 221.333298 225.777802 0.030849 0.619716 0.000000
0.034852 232.888901 225.777802 0.402744 -0.001029 0.000000
0.062855 280.000000 206.222198 1.642386 -0.683848 0.000000
0.039943 304.888885 186.666702 0.867609 -0.683844 0.000000
0.050126 304.888885 163.555603 -0.000142 -0.807995 0.000000
0.045035 280.888885 161.777802 -0.836902 -0.063104 0.000000
0.047580 248.000000 176.888901 -1.146813 0.526603 0.000000
0.047580 221.333298 196.444397 -0.929877 0.681787 0.000000
0.014486 215.111099 212.444397 -0.217079 0.557641 0.000000
0.045035 232.000000 221.333298 0.588689 0.309344 0.000000
0.047580 264.000000 217.777802 1.115538 -0.125175 0.000000
0.062855 317.333313 191.111099 1.859324 -0.932145 0.000000
0.045035 336.888885 172.444397 0.681663 -0.652811 0.000000
0.045035 322.666687 151.111099 -0.495999 -0.745920 0.000000
0.050126 289.777802 153.777802 -1.146813 0.092084 0.000000
0.045035 250.666702 174.222198 -1.363751 0.712825 0.000000
0.050126 218.666702 198.222198 -1.115822 0.836975 0.000000
0.042489 208.888901 225.777802 -0.341045 0.961126 0.000000
0.014486 216.888901 230.222198 0.278778 0.154156 0.000000
0.047580 246.222198 229.333298 1.022563 -0.032066 0.000000
0.067946 296.888885 208.000000 1.766352 -0.745920 0.000000
0.052672 313.777802 198.222198 0.588690 -0.342438 0.000000
0.014486 310.222198 194.666702 -0.124108 -0.125175 0.000000
0.047580 290.666687 198.222198 -0.681945 0.123118 0.000000
0.065400 249.777802 216.000000 -1.425733 0.619716 0.000000
0.050126 232.888901 225.777802 -0.588974 0.340381 0.000000
0.042489 229.333298 230.222198 -0.124108 0.154156 0.000000
0.034852 232.000000 230.222198 0.092832 -0.001029 0.000000
0.001757 237.333298 230.222198 0.185803 -0.001029 0.000000
0.009394 242.666702 227.555603 0.185807 -0.094138 0.000000
0.075583 256.888885 215.111099 0.495714 -0.435551 0.000000
0.042489 256.888885 211.555603 -0.000142 -0.125175 0.000000
0.039943 244.444397 193.777802 -0.434019 -0.621773 0.000000
0.037397 224.000000 176.888901 -0.712936 -0.590735 0.000000
0.027215 212.444397 167.111099 -0.403028 -0.342438 0.000000
0.075583 179.555603 136.888901 -1.146810 -1.056292 0.000000
0.034852 160.888901 118.222198 -0.650957 -0.652811 0.000000
0.055218 135.111099 96.888893 -0.898885 -0.745920 3.000000
0.034852 116.444397 89.777779 -0.650957 -0.249326 3.000000
0.052672 95.111107 91.555557 -0.743927 0.061046 3.000000
0.019577 74.666656 101.333298 -0.712938 0.340379 3.000000
0.062855 56.888889 117.333298 -0.619964 0.557641 3.000000
0.022123 54.222221 120.000000 -0.093116 0.092084 3.000000
0.009394 53.333328 120.888901 -0.031133 0.030009 3.000000
0.050126 53.333328 123.555603 -0.000142 0.092084 0.000000
0.037397 56.888889 128.000000 0.123822 0.154156 0.000000
0.055218 64.888893 137.777802 0.278778 0.340381 0.000000
0.032306 69.333344 142.222198 0.154814 0.154156 0.000000
0.022123 80.000000 148.444397 0.371751 0.216231 3.000000
0.014486 86.222221 152.000000 0.216796 0.123122 3.000000
0.037397 100.444397 157.333298 0.495714 0.185193 2.000000
0.027215 113.777802 162.666702 0.464727 0.185197 2.000000
0.011940 121.777802 165.333298 0.278778 0.092080 2.000000
-0.000788 121.777802 165.333298 -0.000142 -0.001029 2.000000
0.014486 138.666702 171.555603 0.588689 0.216235 2.000000
0.006849 138.666702 171.555603 -0.000142 -0.001029 2.000000
-0.000788 148.444397 173.333298 0.340757 0.061043 2.000000
0.014486 158.222198 175.111099 0.340761 0.061047 2.000000
-0.000788 167.111099 176.000000 0.309769 0.030009 2.000000
0.014486 176.888901 176.000000 0.340761 -0.001029 2.000000
0.004303 185.777802 176.000000 0.309769 -0.001029 1.000000
0.004303 193.777802 174.222198 0.278778 -0.063104 1.000000
0.014486 200.888901 172.444397 0.247786 -0.063104 1.000000
0.004303 208.888901 169.777802 0.278778 -0.094138 0.000000
0.017032 216.000000 167.111099 0.247786 -0.094141 0.000000
0.004303 216.000000 167.111099 -0.000142 -0.001029 0.000000
0.014486 232.888901 162.666702 0.588689 -0.156213 0.000000
0.004303 240.888901 160.888901 0.278778 -0.063104 0.000000
0.014486 248.000000 160.000000 0.247786 -0.032066 0.000000
0.057763 259.555511 166.222198 0.402741 0.216231 0.000000
0.037397 259.555511 172.444397 -0.000142 0.216231 0.000000
0.024669 250.666702 187.555603 -0.310050 0.526607 0.000000
0.042489 239.111099 201.777802 -0.403028 0.495565 2.000000
0.011940 234.666702 207.111099 -0.155096 0.185193 2.000000
0.037397 232.000000 212.444397 -0.093117 0.185193 2.000000
0.045035 236.444397 212.444397 0.154812 -0.001029 2.000000
0.042489 249.777802 203.555603 0.464727 -0.311397 2.000000
0.029760 267.555511 188.444397 0.619678 -0.528664 2.000000
0.014486 276.444489 178.666702 0.309772 -0.342435 2.000000
0.011940 287.111115 168.888901 0.371750 -0.342438 2.000000
0.019577 307.555511 147.555603 0.712652 -0.745920 0.000000
0.009394 307.555511 147.555603 -0.000142 -0.001029 0.000000
0.014486 328.000000 126.222198 0.712655 -0.745923 0.000000
0.009394 336.000000 116.444397 0.278778 -0.342438 0.000000
0.067946 344.888885 91.555557 0.309769 -0.870068 0.000000
0.039943 344.888885 81.777779 -0.000142 -0.342438 0.000000
0.027215 344.000000 79.111107 -0.031133 -0.094140 0.000000
0.067946 344.888885 75.555557 0.030849 -0.125177 2.000000
0.029760 348.444489 74.666656 0.123824 -0.032066 2.000000
0.055218 362.666687 68.444443 0.495715 -0.218288 2.000000
0.052672 370.666687 62.222221 0.278778 -0.218289 2.000000
0.004303 373.333313 58.666672 0.092830 -0.125177 2.000000
0.019577 375.111115 54.222221 0.061841 -0.156215 2.000000
0.039943 377.777802 45.333328 0.092832 -0.311400 2.000000
0.001757 377.777802 41.777779 -0.000142 -0.125177 2.000000
0.022123 376.888885 35.555561 -0.031134 -0.218289 0.000000
0.039943 374.222198 32.888889 -0.093116 -0.094140 0.000000
0.060309 371.555511 31.111111 -0.093116 -0.063103 0.000000
0.042489 364.444489 31.111111 -0.248068 -0.001029 0.000000
0.037397 352.000000 39.111111 -0.434019 0.278306 0.000000
0.037397 339.555511 58.666672 -0.434019 0.681790 0.000000
0.065400 334.222198 96.888893 -0.186088 1.333570 0.000000
0.011940 338.666687 108.444397 0.154815 0.402453 2.000000
0.014486 355.555511 129.777802 0.588687 0.743866 2.000000
0.004303 355.555511 129.777802 -0.000142 -0.001029 2.000000
0.011940 365.333313 140.444397 0.340761 0.371415 2.000000
-0.000788 376.000000 152.000000 0.371752 0.402456 2.000000
0.004303 386.666687 163.555603 0.371752 0.402456 2.000000
0.011940 398.222198 176.000000 0.402741 0.433490 2.000000
0.001757 409.777802 188.444397 0.402744 0.433490 2.000000
0.014486 420.444489 202.666702 0.371752 0.495569 2.000000
-0.000788 420.444489 202.666702 -0.000142 -0.001029 2.000000
0.001757 430.222198 216.888901 0.340758 0.495565 2.000000
0.014486 438.222198 230.222198 0.278778 0.464528 2.000000
0.004303 443.555511 243.555603 0.185804 0.464532 2.000000
0.017032 445.333313 255.111099 0.061841 0.402453 2.000000
-0.000788 445.333313 264.000000 -0.000142 0.309344 1.000000
0.004303 442.666687 270.222198 -0.093114 0.216231 1.000000
0.014486 436.444489 274.666687 -0.217079 0.154159 1.000000
0.004303 429.333313 276.444489 -0.248073 0.061047 0.000000
0.011940 421.333313 276.444489 -0.279062 -0.001029 0.000000
0.037397 404.444489 268.444489 -0.588971 -0.280363 0.000000
0.057763 390.222198 251.555603 -0.496002 -0.590735 0.000000
0.037397 377.777802 225.777802 -0.434016 -0.901108 0.000000
0.055218 357.333313 171.555603 -0.712939 -1.894296 0.000000
0.037397 336.000000 136.888901 -0.743928 -1.211480 0.000000
0.037397 308.444489 112.888901 -0.960865 -0.839032 1.000000
0.001757 308.444489 112.888901 -0.000142 -0.001029 1.000000
0.006849 295.111115 104.888901 -0.465010 -0.280363 2.000000
0.019577 272.000000 94.222221 -0.805911 -0.373475 2.000000
0.001757 272.000000 94.222221 -0.000142 -0.001029 2.000000
0.017032 256.888885 85.333344 -0.526991 -0.311400 2.000000
0.001757 256.888885 85.333344 -0.000142 -0.001029 2.000000
0.014486 251.555603 81.777779 -0.186087 -0.125178 2.000000
0.001757 247.111099 79.111107 -0.155100 -0.094140 2.000000
0.004303 243.555603 77.333344 -0.124105 -0.063102 2.000000
0.017032 240.000000 77.333344 -0.124108 -0.001029 2.000000
0.009394 236.444397 77.333344 -0.124108 -0.001029 2.000000
0.017032 228.444397 80.000000 -0.279062 0.092083 2.000000
0.004303 228.444397 80.000000 -0.000142 -0.001029 2.000000
0.019577 218.666702 88.000000 -0.341041 0.278306 1.000000
0.004303 218.666702 88.000000 -0.000142 -0.001029 1.000000
0.014486 210.666702 97.777779 -0.279062 0.340380 0.000000
0.024669 208.000000 103.111099 -0.093117 0.185194 0.000000
0.073038 200.888901 127.111099 -0.248071 0.836975 0.000000
0.039943 197.333298 152.888901 -0.124108 0.899050 0.000000
0.042489 192.000000 183.111099 -0.186088 1.054235 0.000000
0.024669 186.666702 210.666702 -0.186088 0.961126 0.000000
0.067946 178.666702 246.222198 -0.279062 1.240456 0.000000
0.039943 171.555603 264.000000 -0.248071 0.619716 1.000000
0.001757 168.000000 271.111115 -0.124108 0.247269 1.000000
0.004303 164.444397 275.555511 -0.124108 0.154156 1.000000
0.037397 161.777802 279.111115 -0.093113 0.123122 2.000000
0.017032 158.222198 282.666687 -0.124108 0.123121 2.000000
0.034852 156.444397 282.666687 -0.062125 -0.001029 2.000000
0.057763 153.777802 272.888885 -0.093113 -0.342438 2.000000
0.032306 149.333298 256.000000 -0.155100 -0.590735 2.000000
0.052672 133.333298 217.777802 -0.557982 -1.335626 2.000000
0.055218 114.666702 186.666702 -0.650953 -1.087329 1.000000
0.027215 93.333344 154.666702 -0.743930 -1.118367 1.000000
0.001757 93.333344 154.666702 -0.000142 -0.001029 0.000000
-0.000788 84.444443 140.444397 -0.310054 -0.497626 0.000000
0.009394 75.555557 128.000000 -0.310053 -0.435547 0.000000
0.050126 61.333328 110.222198 -0.496000 -0.621773 0.000000
0.001757 55.111111 104.888901 -0.217080 -0.187250 0.000000
0.032306 44.444439 100.444397 -0.372036 -0.156217 0.000000
0.017032 39.111111 100.444397 -0.186089 -0.001029 0.000000
0.062855 23.111111 109.333298 -0.557982 0.309344 0.000000
0.050126 16.888889 120.000000 -0.217080 0.371419 0.000000
0.001757 16.888889 124.444397 -0.000142 0.154156 1.000000
0.004303 16.888889 128.888901 -0.000142 0.154159 1.000000
0.014486 17.777781 131.555603 0.030849 0.092084 2.000000
0.032306 22.222219 134.222198 0.154813 0.092080 2.000000
0.050126 24.888889 139.555603 0.092831 0.185197 2.000000
0.014486 25.777781 144.888901 0.030849 0.185193 2.000000
0.065400 24.888889 172.444397 -0.031133 0.961122 2.000000
0.037397 24.000000 191.111099 -0.031133 0.650753 2.000000
0.062855 24.888889 215.111099 0.030849 0.836975 2.000000
0.004303 26.666670 224.000000 0.061840 0.309344 1.000000
0.014486 27.555559 233.777802 0.030849 0.340381 1.000000
0.037397 28.444441 259.555511 0.030849 0.899047 0.000000
0.055218 31.111111 300.444489 0.092831 1.426685 0.000000
0.037397 35.555561 318.222198 0.154814 0.619713 0.000000
0.057763 42.666672 323.555511 0.247787 0.185194 0.000000
0.034852 53.333328 316.444489 0.371751 -0.249323 0.000000
0.034852 68.444443 296.888885 0.526707 -0.683848 0.000000
0.047580 87.111107 267.555511 0.650671 -1.025257 0.000000
0.052672 120.888901 211.555603 1.177521 -1.956368 1.000000
0.047580 145.777802 180.444397 0.867609 -1.087333 1.000000
-0.000788 158.222198 168.000000 0.433732 -0.435547 2.000000
-0.000788 158.222198 168.000000 -0.000142 -0.001029 2.000000
0.011940 169.777802 159.111099 0.402744 -0.311401 2.000000
0.047580 200.000000 147.555603 1.053555 -0.404510 2.000000
0.029760 206.222198 148.444397 0.216795 0.030005 2.000000
0.052672 211.555603 176.888901 0.185807 0.992163 2.000000
0.050126 203.555603 208.888901 -0.279062 1.116310 2.000000
0.029760 194.666702 246.222198 -0.310054 1.302532 0.000000
0.052672 189.333298 304.888885 -0.186091 2.047426 0.000000
0.045035 189.333298 339.555511 -0.000142 1.209420 0.000000
0.001757 189.333298 339.555511 -0.000142 -0.001029 0.000000
0.032306 193.777802 366.222198 0.154815 0.930087 0.000000
0.037397 203.555603 377.777802 0.340761 0.402456 0.000000
0.022123 216.888901 374.222198 0.464723 -0.125179 0.000000
0.027215 236.444397 354.666687 0.681660 -0.683845 0.000000
0.022123 247.111099 339.555511 0.371752 -0.528663 0.000000
0.006849 257.777802 321.777802 0.371752 -0.621770 0.000000
0.027215 269.333313 301.333313 0.402741 -0.714885 1.000000
0.006849 280.888885 280.000000 0.402743 -0.745920 1.000000
0.022123 292.444489 261.333313 0.402744 -0.652810 1.000000
0.011940 304.000000 245.333298 0.402741 -0.559698 2.000000
0.019577 328.000000 222.222198 0.836618 -0.807995 2.000000
0.006849 328.000000 222.222198 -0.000142 -0.001029 2.000000
0.024669 352.888885 208.000000 0.867609 -0.497623 2.000000
0.027215 374.222198 199.111099 0.743644 -0.311401 2.000000
0.004303 374.222198 199.111099 -0.000142 -0.001029 2.000000
0.032306 402.666687 190.222198 0.991575 -0.311401 2.000000
0.060309 419.555511 189.333298 0.588687 -0.032066 2.000000
0.017032 425.777802 190.222198 0.216798 0.030009 2.000000
0.052672 440.888885 206.222198 0.526706 0.557641 2.000000
0.004303 444.444489 213.333298 0.123824 0.247268 0.000000
0.019577 446.222198 220.444397 0.061838 0.247268 0.000000
0.037397 449.777802 236.444397 0.123824 0.557641 0.000000
0.060309 454.222198 265.777802 0.154812 1.023201 0.000000
0.034852 457.777802 285.333313 0.123824 0.681788 0.000000
0.032306 459.555511 294.222198 0.061838 0.309343 0.000000
0.001757 461.333313 300.444489 0.061841 0.216234 0.000000
0.001757 463.111115 305.777802 0.061841 0.185194 0.000000
0.014486 464.000000 309.333313 0.030849 0.123119 0.000000
0.060309 462.222198 312.000000 -0.062125 0.092084 0.000000
0.011940 457.777802 311.111115 -0.155096 -0.032066 1.000000
0.006849 457.777802 311.111115 -0.000142 -0.001029 1.000000
0.042489 432.000000 295.111115 -0.898885 -0.559698 2.000000
0.042489 404.444489 274.666687 -0.960865 -0.714883 2.000000
0.039943 374.222198 246.222198 -1.053842 -0.994220 2.000000
0.047580 341.333313 217.777802 -1.146813 -0.994217 2.000000
0.039943 306.666687 193.777802 -1.208794 -0.839032 2.000000
0.057763 256.000000 171.555603 -1.766636 -0.776957 2.000000
0.009394 240.888901 168.000000 -0.526991 -0.125179 2.000000
0.017032 227.555603 165.333298 -0.465008 -0.094141 2.000000
0.047580 193.777802 168.888901 -1.177805 0.123122 0.000000
0.042489 176.000000 182.222198 -0.619965 0.464528 0.000000
0.034852 167.111099 190.222198 -0.310054 0.278306 0.000000
-0.000788 159.111099 198.222198 -0.279062 0.278306 0.000000
0.001757 152.000000 204.444397 -0.248071 0.216231 0.000000
0.014486 145.777802 210.666702 -0.217079 0.216235 0.000000
0.034852 137.777802 216.000000 -0.279062 0.185193 0.000000
0.055218 135.111099 216.888901 -0.093117 0.030009 0.000000
0.039943 134.222198 209.777802 -0.031134 -0.249326 0.000000
0.047580 131.555603 199.111099 -0.093113 -0.373476 1.000000
0.006849 131.555603 199.111099 -0.000142 -0.001029 1.000000
0.017032 124.444397 186.666702 -0.248074 -0.435547 1.000000
0.004303 119.111099 180.444397 -0.186088 -0.218292 2.000000
0.017032 112.888901 172.444397 -0.217079 -0.280363 2.000000
0.004303 106.666702 164.444397 -0.217079 -0.280363 2.000000
0.019577 102.222198 155.555603 -0.155100 -0.311397 2.000000
0.060309 97.777779 128.888901 -0.155097 -0.932145 2.000000
0.039943 102.222198 118.222198 0.154813 -0.373476 2.000000
0.042489 112.000000 114.666702 0.340761 -0.125175 2.000000
0.039943 128.000000 115.555603 0.557698 0.030009 2.000000
0.042489 152.000000 125.333298 0.836618 0.340378 0.000000
0.001757 166.222198 134.222198 0.495715 0.309344 0.000000
0.004303 182.222198 145.777802 0.557698 0.402456 0.000000
0.014486 200.000000 159.111099 0.619681 0.464528 0.000000
-0.003334 200.000000 159.111099 -0.000142 -0.001029 0.000000
0.001757 216.888901 173.333298 0.588689 0.495565 0.000000
0.014486 232.888901 187.555603 0.557698 0.495569 0.000000
0.001757 247.111099 200.888901 0.495715 0.464528 0.000000
0.014486 257.777802 213.333298 0.371752 0.433490 0.000000
-0.000788 264.888885 225.777802 0.247786 0.433494 0.000000
0.004303 271.111115 239.111099 0.216796 0.464528 0.000000
0.011940 275.555511 252.444397 0.154812 0.464528 0.000000
0.004303 275.555511 252.444397 -0.000142 -0.001029 0.000000
0.019577 280.888885 278.222198 0.185806 0.899050 0.000000
0.004303 280.888885 278.222198 -0.000142 -0.001029 0.000000
0.017032 285.333313 298.666687 0.154813 0.712828 0.000000
0.001757 285.333313 298.666687 -0.000142 -0.001029 0.000000
0.017032 290.666687 312.000000 0.185806 0.464528 0.000000
0.004303 294.222198 317.333313 0.123821 0.185194 1.000000
0.019577 296.888885 320.000000 0.092832 0.092084 1.000000
0.006849 298.666687 322.666687 0.061841 0.092084 2.000000
0.037397 300.444489 323.555511 0.061841 0.030006 2.000000
0.042489 300.444489 322.666687 -0.000142 -0.032063 2.000000
0.039943 300.444489 313.777802 -0.000142 -0.311400 2.000000
0.039943 304.000000 294.222198 0.123821 -0.683848 2.000000
0.039943 312.000000 261.333313 0.278778 -1.149404 2.000000
0.029760 320.888885 216.000000 0.309769 -1.583924 2.000000
0.011940 327.111115 192.000000 0.216796 -0.839032 2.000000
0.004303 333.333313 170.666702 0.216795 -0.745920 2.000000
0.019577 339.555511 152.888901 0.216795 -0.621773 0.000000
0.004303 339.555511 152.888901 -0.000142 -0.001029 0.000000
0.009394 353.777802 129.777802 0.495718 -0.807995 0.000000
-0.000788 353.777802 129.777802 -0.000142 -0.001029 0.000000
0.004303 360.000000 121.777802 0.216795 -0.280363 0.000000
0.014486 367.111115 116.444397 0.247787 -0.187254 0.000000
0.001757 373.333313 112.000000 0.216795 -0.156213 0.000000
0.017032 379.555511 109.333298 0.216795 -0.094141 0.000000
0.001757 386.666687 108.444397 0.247789 -0.032066 0.000000
0.004303 392.000000 108.444397 0.185804 -0.001029 0.000000
0.014486 398.222198 109.333298 0.216795 0.030009 0.000000
0.001757 398.222198 109.333298 -0.000142 -0.001029 0.000000
0.017032 410.666687 121.777802 0.433735 0.433494 0.000000
0.001757 410.666687 121.777802 -0.000142 -0.001029 0.000000
0.001757 416.888885 132.444397 0.216795 0.371415 0.000000
0.011940 422.222198 145.777802 0.185804 0.464532 0.000000
0.004303 426.666687 159.111099 0.154815 0.464528 0.000000
0.014486 430.222198 173.333298 0.123821 0.495565 0.000000
0.004303 433.777802 186.666702 0.123824 0.464532 1.000000
0.014486 437.333313 198.222198 0.123821 0.402453 1.000000
0.004303 439.111115 208.888901 0.061841 0.371419 1.000000
0.004303 440.888885 217.777802 0.061840 0.309344 2.000000
0.011940 443.555511 224.888901 0.092830 0.247268 2.000000
0.039943 448.888885 232.888901 0.185806 0.278306 2.000000
0.052672 454.222198 235.555603 0.185804 0.092084 2.000000
0.037397 462.222198 235.555603 0.278778 -0.001029 2.000000
0.001757 462.222198 235.555603 -0.000142 -0.001029 2.000000
0.014486 464.000000 235.555603 0.061841 -0.001029 2.000000
0.004303 466.666687 235.555603 0.092832 -0.001029 2.000000
0.001757 470.222198 236.444397 0.123821 0.030005 2.000000
0.017032 474.666687 238.222198 0.154815 0.061047 2.000000
0.006849 480.000000 240.888901 0.185804 0.092084 1.000000
0.011940 484.444489 241.777802 0.154815 0.030009 1.000000
0.001757 484.444489 241.777802 -0.000142 -0.001029 1.000000
0.001757 492.444489 242.666702 0.278778 0.030009 0.000000
0.017032 494.222198 242.666702 0.061838 -0.001029 0.000000
-0.000788 494.222198 242.666702 -0.000142 -0.001029 0.000000
0.014486 495.111115 240.000000 0.030850 -0.094141 0.000000
0.004303 495.111115 235.555603 -0.000142 -0.156213 0.000000
0.019577 493.333313 218.666702 -0.062125 -0.590735 0.000000
0.004303 493.333313 218.666702 -0.000142 -0.001029 0.000000
0.022123 487.111115 194.666702 -0.217079 -0.839032 0.000000
0.001757 487.111115 194.666702 -0.000142 -0.001029 0.000000
0.022123 480.888885 163.555603 -0.217080 -1.087329 0.000000
0.039943 472.888885 130.666702 -0.279062 -1.149405 0.000000
0.060309 450.666687 95.111107 -0.774919 -1.242517 0.000000
0.042489 429.333313 78.222221 -0.743930 -0.590735 1.000000
0.045035 409.777802 65.777779 -0.681945 -0.435549 2.000000
0.037397 395.555511 57.777779 -0.496002 -0.280363 2.000000
0.057763 376.888885 49.777779 -0.650954 -0.280363 2.000000
0.034852 363.555511 45.333328 -0.465010 -0.156215 2.000000
0.057763 350.222198 41.777779 -0.465008 -0.125177 2.000000
0.037397 338.666687 40.888889 -0.403025 -0.032066 2.000000
0.055218 328.000000 53.333328 -0.372036 0.433492 0.000000
0.032306 326.222198 62.222221 -0.062125 0.309343 0.000000
0.052672 325.333313 102.222198 -0.031133 1.395644 0.000000
0.039943 326.222198 136.888901 0.030849 1.209423 0.000000
0.004303 326.222198 156.444397 -0.000142 0.681787 0.000000
0.001757 327.111115 175.111099 0.030850 0.650753 0.000000
0.011940 327.111115 192.000000 -0.000142 0.588678 0.000000
0.032306 327.111115 208.000000 -0.000142 0.557641 0.000000
0.052672 324.444489 242.666702 -0.093114 1.209423 0.000000
0.034852 322.666687 252.444397 -0.062125 0.340378 0.000000
0.022123 322.666687 253.333298 -0.000142 0.030009 1.000000
0.014486 321.777802 253.333298 -0.031133 -0.001029 1.000000
0.045035 320.888885 232.000000 -0.031134 -0.745920 2.000000
0.039943 320.888885 201.777802 -0.000142 -1.056292 2.000000
0.004303 320.888885 201.777802 -0.000142 -0.001029 2.000000
0.022123 317.333313 161.777802 -0.124107 -1.397702 2.000000
0.004303 314.666687 140.444397 -0.093114 -0.745923 2.000000
0.019577 310.222198 120.888901 -0.155099 -0.683844 2.000000
0.006849 304.888885 103.111099 -0.186088 -0.621773 2.000000
0.022123 297.777802 87.111107 -0.248070 -0.559697 2.000000
0.006849 290.666687 74.666656 -0.248071 -0.435549 2.000000
0.019577 281.777802 64.000000 -0.310053 -0.373474 2.000000
0.004303 272.888885 56.000000 -0.310054 -0.280363 2.000000
0.019577 253.333298 46.222221 -0.681948 -0.342438 2.000000
0.004303 253.333298 46.222221 -0.000142 -0.001029 2.000000
0.022123 232.000000 40.000000 -0.743928 -0.218289 0.000000
0.009394 220.444397 39.111111 -0.403028 -0.032066 0.000000
0.019577 209.777802 38.222221 -0.372033 -0.032066 0.000000
0.037397 192.888901 40.000000 -0.588974 0.061046 0.000000
0.039943 182.222198 47.111111 -0.372037 0.247269 0.000000
0.060309 181.333298 66.666656 -0.031134 0.681789 0.000000
0.037397 191.111099 86.222221 0.340761 0.681790 0.000000
0.037397 205.333298 111.111099 0.495715 0.868012 0.000000
0.032306 217.777802 141.333298 0.433735 1.054235 1.000000
0.017032 221.333298 156.444397 0.123820 0.526603 1.000000
0.042489 223.111099 186.666702 0.061841 1.054238 2.000000
0.037397 222.222198 214.222198 -0.031134 0.961122 2.000000
0.039943 219.555603 242.666702 -0.093113 0.992163 2.000000
0.045035 219.555603 272.000000 -0.000142 1.023197 2.000000
0.042489 220.444397 296.000000 0.030846 0.836975 2.000000
0.022123 223.111099 311.111115 0.092832 0.526604 2.000000
0.014486 224.000000 314.666687 0.030849 0.123121 2.000000
0.037397 224.888901 316.444489 0.030849 0.061047 2.000000
0.039943 225.777802 308.444489 0.030849 -0.280363 0.000000
0.004303 225.777802 299.555511 -0.000142 -0.311403 0.000000
0.001757 225.777802 299.555511 -0.000142 -0.001029 0.000000
0.017032 224.000000 273.777802 -0.062125 -0.901104 0.000000
-0.000788 224.000000 273.777802 -0.000142 -0.001029 0.000000
0.014486 213.333298 234.666702 -0.372037 -1.366664 0.000000
0.004303 213.333298 234.666702 -0.000142 -0.001029 0.000000
0.001757 205.333298 213.333298 -0.279062 -0.745923 0.000000
