0.052672 393.777802 318.222198 0.247787 0.185194 0.000000
0.037397 400.888885 320.888885 0.247786 0.092084 0.000000
0.042489 412.444489 320.888885 0.402744 -0.001029 2.000000
0.039943 416.888885 320.888885 0.154812 -0.001029 2.000000
0.024669 422.222198 319.111115 0.185804 -0.063103 2.000000
0.011940 424.000000 317.333313 0.061841 -0.063104 2.000000
0.052672 421.333313 307.555511 -0.093116 -0.342438 2.000000
0.001757 421.333313 307.555511 -0.000142 -0.001029 2.000000
0.014486 415.111115 302.222198 -0.217079 -0.187251 2.000000
0.055218 390.222198 281.777802 -0.867894 -0.714882 2.000000
0.039943 370.666687 268.444489 -0.681945 -0.466585 2.000000
0.037397 349.333313 256.888885 -0.743930 -0.404514 2.000000
0.001757 337.777802 250.666702 -0.403025 -0.218287 0.000000
0.039943 310.222198 240.000000 -0.960868 -0.373476 0.000000
0.034852 282.666687 227.555603 -0.960865 -0.435547 0.000000
0.006849 282.666687 227.555603 -0.000142 -0.001029 0.000000
0.014486 260.444489 215.111099 -0.774919 -0.435551 0.000000
0.057763 246.222198 203.555603 -0.496002 -0.404510 0.000000
0.034852 238.222198 195.555603 -0.279062 -0.280363 0.000000
0.037397 233.777802 192.888901 -0.155096 -0.094141 0.000000
0.060309 228.444397 201.777802 -0.186091 0.309344 0.000000
0.034852 227.555603 219.555603 -0.031130 0.619716 2.000000
0.060309 235.555603 240.000000 0.278778 0.712825 2.000000
0.029760 253.333298 255.111099 0.619677 0.526603 2.000000
0.052672 292.444489 266.666687 1.363469 0.402456 2.000000
0.032306 310.222198 267.555511 0.619678 0.030006 2.000000
0.057763 366.222198 267.555511 1.952298 -0.001029 2.000000
0.034852 399.111115 263.111115 1.146530 -0.156213 2.000000
0.019577 414.222198 259.555511 0.526706 -0.125179 3.000000
0.014486 429.333313 256.000000 0.526707 -0.125176 3.000000
0.032306 458.666687 245.333298 1.022566 -0.373476 0.000000
0.047580 483.555511 232.000000 0.867607 -0.466585 0.000000
-0.000788 494.222198 225.777802 0.371752 -0.218288 0.000000
0.034852 506.666687 217.777802 0.433735 -0.280363 0.000000
0.045035 509.333313 216.000000 0.092830 -0.063104 0.000000
0.050126 495.111115 216.000000 -0.495999 -0.001029 0.000000
0.029760 483.555511 218.666702 -0.403028 0.092084 0.000000
-0.000788 469.333313 222.222198 -0.495999 0.123118 0.000000
0.001757 453.333313 227.555603 -0.557982 0.185197 0.000000
0.011940 434.666687 234.666702 -0.650954 0.247268 0.000000
0.001757 434.666687 234.666702 -0.000142 -0.001029 0.000000
0.004303 415.111115 242.666702 -0.681947 0.278306 0.000000
0.014486 392.888885 252.444397 -0.774920 0.340378 0.000000
0.004303 369.777802 264.888885 -0.805910 0.433493 0.000000
0.017032 346.666687 278.222198 -0.805911 0.464528 2.000000
0.004303 324.444489 291.555511 -0.774919 0.464528 2.000000
0.014486 304.000000 304.888885 -0.712939 0.464531 2.000000
0.001757 287.111115 316.444489 -0.588973 0.402456 2.000000
0.004303 273.777802 326.222198 -0.465008 0.340378 2.000000
0.017032 263.111115 334.222198 -0.372036 0.278306 2.000000
0.004303 253.333298 340.444489 -0.341046 0.216234 2.000000
0.017032 245.333298 344.888885 -0.279062 0.154156 2.000000
0.004303 238.222198 347.555511 -0.248071 0.092082 2.000000
0.019577 230.222198 350.222198 -0.279062 0.092084 2.000000
0.004303 222.222198 352.000000 -0.279062 0.061047 2.000000
0.017032 214.222198 352.888885 -0.279062 0.030009 2.000000
0.001757 205.333298 352.888885 -0.310054 -0.001029 2.000000
0.001757 196.444397 352.888885 -0.310054 -0.001029 2.000000
0.014486 189.333298 352.888885 -0.248071 -0.001029 2.000000
0.004303 184.000000 352.888885 -0.186088 -0.001029 3.000000
0.014486 179.555603 352.888885 -0.155096 -0.001029 3.000000
0.057763 174.222198 348.444489 -0.186091 -0.156213 0.000000
0.037397 173.333298 345.777802 -0.031134 -0.094141 0.000000
0.032306 171.555603 336.000000 -0.062121 -0.342438 0.000000
0.001757 169.777802 329.777802 -0.062125 -0.218288 0.000000
0.004303 167.111099 321.777802 -0.093117 -0.280363 0.000000
0.014486 164.444397 313.777802 -0.093117 -0.280363 0.000000
0.034852 153.777802 294.222198 -0.372033 -0.683848 0.000000
0.060309 136.000000 258.666687 -0.619965 -1.242514 0.000000
0.032306 129.777802 248.000000 -0.217079 -0.373475 0.000000
0.034852 116.444397 232.888901 -0.465011 -0.528660 0.000000
0.027215 101.333298 221.333298 -0.526991 -0.404514 2.000000
0.017032 93.333344 216.888901 -0.279061 -0.156213 2.000000
0.045035 77.333344 209.777802 -0.557982 -0.249326 2.000000
0.004303 70.222221 206.222198 -0.248071 -0.125179 2.000000
0.022123 64.000000 203.555603 -0.217080 -0.094138 2.000000
0.042489 51.555561 200.888901 -0.434018 -0.094141 2.000000
0.039943 47.111111 201.777802 -0.155098 0.030009 2.000000
0.042489 44.444439 208.888901 -0.093116 0.247268 2.000000
0.006849 43.555561 214.222198 -0.031133 0.185193 2.000000
0.014486 43.555561 220.444397 -0.000142 0.216231 2.000000
0.050126 45.333328 232.000000 0.061840 0.402456 3.000000
0.050126 53.333328 240.888901 0.278778 0.309344 0.000000
0.006849 53.333328 240.888901 -0.000142 -0.001029 0.000000
0.022123 59.555561 240.888901 0.216796 -0.001029 0.000000
0.045035 65.777779 235.555603 0.216795 -0.187250 0.000000
0.055218 72.000000 218.666702 0.216796 -0.590735 0.000000
0.055218 72.000000 203.555603 -0.000142 -0.528660 0.000000
0.017032 70.222221 195.555603 -0.062124 -0.280363 0.000000
0.052672 60.444439 169.777802 -0.341045 -0.901108 0.000000
0.060309 50.666672 150.222198 -0.341044 -0.683848 2.000000
0.024669 48.000000 145.777802 -0.093116 -0.156213 2.000000
0.009394 44.444439 140.444397 -0.124107 -0.187254 2.000000
0.019577 40.888889 136.888901 -0.124106 -0.125175 2.000000
0.037397 28.444441 126.222198 -0.434018 -0.373476 2.000000
0.057763 21.333330 120.888901 -0.248071 -0.187250 2.000000
0.039943 18.666670 120.000000 -0.093115 -0.032066 2.000000
0.039943 19.555559 120.000000 0.030849 -0.001029 2.000000
0.042489 29.333330 126.222198 0.340760 0.216231 2.000000
0.001757 38.222221 132.444397 0.309769 0.216231 3.000000
0.006849 49.777779 140.444397 0.402742 0.278306 0.000000
0.014486 63.111111 149.333298 0.464724 0.309344 0.000000
0.006849 78.222221 158.222198 0.526707 0.309344 0.000000
0.019577 112.888901 176.000000 1.208512 0.619716 0.000000
0.022123 131.555603 184.000000 0.650672 0.278306 0.000000
0.006849 149.333298 191.111099 0.619677 0.247268 0.000000
0.022123 165.333298 196.444397 0.557698 0.185193 0.000000
0.006849 178.666702 201.777802 0.464727 0.185197 0.000000
0.045035 198.222198 209.777802 0.681660 0.278306 0.000000
0.019577 212.444397 213.333298 0.495715 0.123118 0.000000
0.067946 230.222198 210.666702 0.619681 -0.094138 0.000000
0.019577 235.555603 206.222198 0.185807 -0.156217 0.000000
0.006849 240.888901 200.000000 0.185803 -0.218288 0.000000
0.009394 246.222198 192.888901 0.185803 -0.249326 2.000000
0.017032 250.666702 183.111099 0.154815 -0.342438 2.000000
0.006849 254.222198 170.666702 0.123820 -0.435547 2.000000
0.017032 257.777802 156.444397 0.123824 -0.497626 2.000000
0.004303 259.555511 140.444397 0.061838 -0.559698 2.000000
0.014486 261.333313 124.444397 0.061841 -0.559698 2.000000
0.039943 266.666687 96.000000 0.185806 -0.994217 2.000000
0.042489 276.444489 73.777779 0.340761 -0.776958 2.000000
0.065400 291.555511 57.777779 0.526704 -0.559698 2.000000
0.037397 299.555511 56.000000 0.278778 -0.063103 2.000000
0.001757 303.111115 57.777779 0.123824 0.061046 3.000000
0.017032 308.444489 63.111111 0.185806 0.185194 3.000000
0.042489 321.777802 96.000000 0.464724 1.147347 0.000000
0.039943 324.444489 112.000000 0.092832 0.557641 0.000000
0.060309 329.777802 170.666702 0.185804 2.047426 0.000000
0.037397 330.666687 209.777802 0.030849 1.364607 0.000000
0.037397 330.666687 245.333298 -0.000142 1.240456 0.000000
0.057763 329.777802 283.555511 -0.031133 1.333570 0.000000
0.032306 330.666687 290.666687 0.030849 0.247271 0.000000
0.052672 337.777802 296.000000 0.247787 0.185194 0.000000
0.050126 345.777802 284.444489 0.278778 -0.404510 2.000000
0.032306 355.555511 259.555511 0.340758 -0.870073 2.000000
0.052672 371.555511 196.444397 0.557698 -2.204668 2.000000
0.052672 381.333313 152.000000 0.340761 -1.552886 2.000000
0.029760 385.777802 123.555603 0.154815 -0.994217 2.000000
0.047580 384.000000 111.111099 -0.062125 -0.435551 2.000000
0.052672 360.000000 104.888901 -0.836902 -0.218288 2.000000
0.032306 331.555511 108.444397 -0.991859 0.123118 3.000000
0.057763 297.777802 120.000000 -1.177802 0.402456 0.000000
0.050126 263.111115 131.555603 -1.208796 0.402456 0.000000
0.027215 228.444397 140.444397 -1.208797 0.309340 0.000000
0.050126 194.666702 146.666702 -1.177801 0.216235 0.000000
0.052672 148.444397 155.555603 -1.611683 0.309344 0.000000
0.052672 119.111099 160.888901 -1.022848 0.185193 0.000000
0.029760 94.222221 166.222198 -0.867893 0.185193 0.000000
0.029760 74.666656 168.888901 -0.681947 0.092084 0.000000
0.001757 67.555557 169.777802 -0.248071 0.030009 0.000000
0.019577 62.222221 169.777802 -0.186089 -0.001029 1.000000
0.011940 58.666672 169.777802 -0.124106 -0.001029 1.000000
0.004303 56.000000 168.000000 -0.093116 -0.063104 2.000000
0.011940 56.000000 168.000000 -0.000142 -0.001029 2.000000
0.052672 50.666672 158.222198 -0.186089 -0.342438 2.000000
0.047580 52.444439 144.888901 0.061840 -0.466585 2.000000
0.029760 55.111111 138.666702 0.092831 -0.218288 2.000000
0.052672 69.333344 119.111099 0.495716 -0.683848 2.000000
0.062855 88.888893 96.888893 0.681662 -0.776957 2.000000
0.050126 103.111099 82.666656 0.495715 -0.497624 2.000000
0.027215 118.222198 68.444443 0.526706 -0.497623 3.000000
0.011940 126.222198 63.111111 0.278778 -0.187252 3.000000
0.017032 134.222198 57.777779 0.278778 -0.187252 0.000000
0.042489 148.444397 49.777779 0.495715 -0.280363 0.000000
0.039943 161.777802 45.333328 0.464727 -0.156215 0.000000
0.057763 179.555603 45.333328 0.619681 -0.001029 0.000000
0.034852 190.222198 50.666672 0.371749 0.185195 0.000000
0.037397 198.222198 58.666672 0.278778 0.278306 0.000000
0.050126 200.888901 72.888893 0.092832 0.495566 0.000000
0.039943 194.666702 95.111107 -0.217079 0.774901 0.000000
0.060309 166.222198 135.111099 -0.991860 1.395644 3.000000
0.032306 140.444397 158.222198 -0.898885 0.805938 3.000000
0.001757 140.444397 158.222198 -0.000142 -0.001029 2.000000
0.034852 112.000000 176.888901 -0.991856 0.650753 2.000000
0.037397 84.444443 192.888901 -0.960867 0.557641 2.000000
0.057763 49.777779 215.111099 -1.208795 0.774900 2.000000
0.032306 38.222221 224.888901 -0.403027 0.340381 2.000000
0.055218 34.666672 229.333298 -0.124106 0.154156 2.000000
0.034852 40.888889 230.222198 0.216795 0.030009 3.000000
0.052672 62.222221 224.000000 0.743644 -0.218288 3.000000
0.001757 77.333344 216.000000 0.526707 -0.280363 0.000000
0.014486 95.111107 206.222198 0.619680 -0.342438 0.000000
0.001757 116.444397 195.555603 0.743643 -0.373472 0.000000
0.032306 162.666702 172.444397 1.611398 -0.807998 0.000000
0.050126 210.666702 152.888901 1.673378 -0.683844 0.000000
0.001757 232.888901 145.777802 0.774635 -0.249326 0.000000
0.014486 255.111099 140.444397 0.774635 -0.187254 0.000000
0.001757 273.777802 136.888901 0.650672 -0.125175 0.000000
0.014486 289.777802 134.222198 0.557698 -0.094141 0.000000
0.001757 304.000000 133.333298 0.495715 -0.032066 0.000000
0.006849 304.000000 133.333298 -0.000142 -0.001029 0.000000
0.014486 328.888885 133.333298 0.867609 -0.001029 0.000000
0.001757 328.888885 133.333298 -0.000142 -0.001029 0.000000
0.017032 350.222198 135.111099 0.743644 0.061047 3.000000
0.004303 350.222198 135.111099 -0.000142 -0.001029 3.000000
0.014486 365.333313 140.444397 0.526707 0.185193 3.000000
0.004303 370.666687 144.000000 0.185806 0.123122 2.000000
0.022123 376.000000 149.333298 0.185804 0.185193 2.000000
0.006849 379.555511 154.666702 0.123821 0.185197 2.000000
0.017032 383.111115 160.000000 0.123824 0.185193 2.000000
0.009394 385.777802 165.333298 0.092832 0.185193 2.000000
0.045035 387.555511 174.222198 0.061838 0.309344 2.000000
0.042489 387.555511 178.666702 -0.000142 0.154159 2.000000
0.039943 383.111115 181.333298 -0.155096 0.092080 2.000000
0.045035 364.444489 184.888901 -0.650954 0.123122 2.000000
0.042489 344.000000 192.000000 -0.712939 0.247268 0.000000
0.039943 324.444489 201.777802 -0.681945 0.340381 0.000000
0.055218 313.777802 214.222198 -0.372036 0.433490 0.000000
0.034852 312.000000 226.666702 -0.062125 0.433494 0.000000
0.037397 319.111115 240.000000 0.247787 0.464528 0.000000
0.060309 336.000000 264.000000 0.588689 0.836975 0.000000
0.034852 348.444489 285.333313 0.433735 0.743863 0.000000
-0.003334 348.444489 285.333313 -0.000142 -0.001029 0.000000
0.006849 354.666687 296.000000 0.216795 0.371418 3.000000
0.017032 360.000000 307.555511 0.185804 0.402453 3.000000
0.009394 369.777802 325.333313 0.340761 0.619716 2.000000
0.019577 374.222198 332.444489 0.154812 0.247271 2.000000
0.004303 374.222198 332.444489 -0.000142 -0.001029 2.000000
0.019577 377.777802 340.444489 0.123824 0.278306 2.000000
0.047580 378.666687 344.000000 0.030849 0.123119 2.000000
0.039943 376.888885 346.666687 -0.062125 0.092084 2.000000
0.039943 374.222198 348.444489 -0.093116 0.061047 2.000000
0.037397 374.222198 348.444489 -0.000142 -0.001029 2.000000
0.042489 374.222198 348.444489 -0.000142 -0.001029 3.000000
0.001757 376.888885 346.666687 0.092832 -0.063104 3.000000
0.011940 380.444489 344.000000 0.123824 -0.094141 0.000000
0.011940 384.888885 338.666687 0.154812 -0.187251 0.000000
0.039943 393.777802 321.777802 0.309770 -0.590735 0.000000
0.001757 399.111115 308.444489 0.185804 -0.466585 0.000000
0.017032 405.333313 292.444489 0.216795 -0.559698 0.000000
0.001757 411.555511 273.777802 0.216795 -0.652810 0.000000
0.017032 418.666687 252.444397 0.247789 -0.745923 0.000000
0.004303 426.666687 230.222198 0.278778 -0.776957 0.000000
0.004303 435.555511 208.888901 0.309767 -0.745920 0.000000
0.017032 443.555511 191.111099 0.278778 -0.621773 0.000000
0.006849 450.666687 176.000000 0.247789 -0.528660 0.000000
0.014486 456.888885 165.333298 0.216795 -0.373476 0.000000
0.004303 462.222198 157.333298 0.185804 -0.280363 0.000000
0.014486 465.777802 151.111099 0.123824 -0.218288 0.000000
0.004303 469.333313 146.666702 0.123821 -0.156213 0.000000
0.017032 471.111115 144.000000 0.061841 -0.094141 3.000000
0.004303 472.888885 140.444397 0.061840 -0.125179 3.000000
0.019577 472.888885 136.888901 -0.000142 -0.125175 2.000000
0.006849 472.888885 133.333298 -0.000142 -0.125179 2.000000
0.039943 468.444489 121.777802 -0.155096 -0.404510 2.000000
0.037397 456.888885 106.666702 -0.403028 -0.528660 2.000000
0.052672 435.555511 80.000000 -0.743930 -0.932145 2.000000
0.034852 428.444489 72.888893 -0.248068 -0.249326 2.000000
0.055218 414.222198 58.666672 -0.496002 -0.497623 2.000000
0.039943 405.333313 53.333328 -0.310053 -0.187252 3.000000
0.037397 393.777802 48.888889 -0.403025 -0.156214 0.000000
0.004303 385.777802 47.111111 -0.279062 -0.063103 0.000000
-0.000788 385.777802 47.111111 -0.000142 -0.001029 0.000000
0.011940 367.111115 42.666672 -0.650956 -0.156214 0.000000
0.004303 367.111115 42.666672 -0.000142 -0.001029 0.000000
0.014486 353.777802 39.111111 -0.465008 -0.125177 0.000000
0.004303 353.777802 39.111111 -0.000142 -0.001029 0.000000
0.014486 347.555511 38.222221 -0.217082 -0.032066 0.000000
0.004303 347.555511 38.222221 -0.000142 -0.001029 0.000000
0.006849 345.777802 38.222221 -0.062122 -0.001029 0.000000
0.014486 344.888885 38.222221 -0.031134 -0.001029 0.000000
0.004303 343.111115 40.000000 -0.062124 0.061046 0.000000
0.014486 342.222198 44.444439 -0.031134 0.154157 0.000000
0.004303 342.222198 50.666672 -0.000142 0.216232 0.000000
0.017032 341.333313 57.777779 -0.031133 0.247269 0.000000
0.004303 341.333313 66.666656 -0.000142 0.309343 0.000000
0.017032 341.333313 77.333344 -0.000142 0.371418 0.000000
0.009394 342.222198 88.888893 0.030849 0.402455 2.000000
0.037397 344.888885 122.666702 0.092832 1.178385 2.000000
0.034852 348.444489 167.111099 0.123824 1.550829 2.000000
0.057763 351.111115 219.555603 0.092830 1.830167 2.000000
0.034852 351.111115 241.777802 -0.000142 0.774900 2.000000
0.050126 352.000000 256.888885 0.030849 0.526603 2.000000
0.037397 352.888885 266.666687 0.030849 0.340381 2.000000
0.052672 353.777802 280.000000 0.030850 0.464528 3.000000
0.001757 353.777802 280.000000 -0.000142 -0.001029 0.000000
0.011940 353.777802 283.555511 -0.000142 0.123119 0.000000
0.055218 355.555511 289.777802 0.061838 0.216234 0.000000
0.052672 359.111115 288.000000 0.123824 -0.063104 0.000000
0.039943 365.333313 279.111115 0.216795 -0.311400 0.000000
0.050126 375.111115 244.444397 0.340761 -1.211480 0.000000
0.032306 384.000000 208.000000 0.309769 -1.273551 0.000000
0.050126 395.555511 162.666702 0.402741 -1.583923 0.000000
0.047580 413.333313 119.111099 0.619681 -1.521852 0.000000
0.032306 432.888885 85.333344 0.681663 -1.180441 2.000000
0.004303 442.666687 72.888893 0.340761 -0.435549 2.000000
0.022123 451.555511 63.111111 0.309767 -0.342438 2.000000
0.047580 469.333313 44.444439 0.619681 -0.652809 2.000000
-0.000788 469.333313 44.444439 -0.000142 -0.001029 2.000000
0.034852 473.777802 39.111111 0.154815 -0.187251 2.000000
0.034852 473.777802 36.444439 -0.000142 -0.094140 2.000000
0.052672 454.222198 32.000000 -0.681948 -0.156214 2.000000
0.045035 426.666687 32.000000 -0.960865 -0.001029 2.000000
0.029760 409.777802 34.666672 -0.588973 0.092083 3.000000
-0.000788 392.000000 40.000000 -0.619965 0.185194 3.000000
0.032306 355.555511 53.333328 -1.270779 0.464529 0.000000
0.004303 355.555511 53.333328 -0.000142 -0.001029 0.000000
0.024669 319.111115 69.333344 -1.270776 0.557641 0.000000
0.004303 304.000000 77.333344 -0.526991 0.278306 0.000000
0.034852 278.222198 91.555557 -0.898885 0.495566 0.000000
0.039943 262.222198 104.888901 -0.557982 0.464529 0.000000
0.037397 250.666702 120.000000 -0.403025 0.526603 0.000000
0.055218 240.000000 137.777802 -0.372037 0.619716 0.000000
0.039943 226.666702 158.222198 -0.465008 0.712825 0.000000
0.052672 200.000000 185.777802 -0.929877 0.961126 0.000000
0.006849 192.000000 192.000000 -0.279062 0.216231 2.000000
0.011940 184.888901 196.444397 -0.248071 0.154156 2.000000
0.055218 176.000000 200.000000 -0.310054 0.123122 2.000000
0.037397 170.666702 199.111099 -0.186088 -0.032066 2.000000
0.050126 157.333298 185.777802 -0.465011 -0.466585 2.000000
0.032306 140.444397 174.222198 -0.588974 -0.404514 2.000000
0.047580 118.222198 164.444397 -0.774919 -0.342438 2.000000
0.050126 97.777779 156.444397 -0.712937 -0.280363 2.000000
0.039943 78.222221 145.777802 -0.681947 -0.373472 0.000000
0.060309 69.333344 139.555603 -0.310053 -0.218288 0.000000
0.029760 61.333328 135.111099 -0.279063 -0.156217 0.000000
0.050126 55.111111 133.333298 -0.217080 -0.063104 0.000000
0.052672 50.666672 132.444397 -0.155098 -0.032066 0.000000
0.034852 50.666672 132.444397 -0.000142 -0.001029 0.000000
0.050126 57.777779 136.000000 0.247787 0.123122 0.000000
0.029760 64.888893 140.444397 0.247787 0.154156 0.000000
-0.000788 72.000000 145.777802 0.247787 0.185197 0.000000
0.032306 89.777779 159.111099 0.619680 0.464528 1.000000
0.055218 123.555603 180.444397 1.177522 0.743862 2.000000
0.001757 123.555603 180.444397 -0.000142 -0.001029 2.000000
0.014486 133.333298 187.555603 0.340757 0.247272 2.000000
0.001757 140.444397 195.555603 0.247786 0.278306 2.000000
0.004303 143.111099 206.222198 0.092832 0.371415 2.000000
0.014486 143.111099 218.666702 -0.000142 0.433494 2.000000
0.004303 140.444397 233.777802 -0.093117 0.526603 2.000000
0.014486 136.888901 249.777802 -0.124105 0.557641 2.000000
0.004303 131.555603 266.666687 -0.186088 0.588678 2.000000
0.014486 128.000000 283.555511 -0.124108 0.588676 2.000000
0.004303 124.444397 299.555511 -0.124108 0.557641 2.000000
0.017032 121.777802 312.888885 -0.093113 0.464531 2.000000
0.001757 120.000000 325.333313 -0.062125 0.433491 2.000000
0.009394 119.111099 336.000000 -0.031134 0.371418 2.000000
0.014486 119.111099 345.777802 -0.000142 0.340381 3.000000
0.009394 120.000000 353.777802 0.030849 0.278306 3.000000
0.014486 122.666702 361.777802 0.092832 0.278306 0.000000
0.004303 124.444397 368.000000 0.061837 0.216231 0.000000
0.014486 127.111099 372.444489 0.092832 0.154159 0.000000
0.004303 129.777802 376.000000 0.092832 0.123119 0.000000
0.014486 133.333298 377.777802 0.123820 0.061047 0.000000
0.001757 136.888901 377.777802 0.123824 -0.001029 0.000000
0.006849 136.888901 377.777802 -0.000142 -0.001029 0.000000
0.011940 150.222198 372.444489 0.464723 -0.187251 0.000000
0.052672 169.777802 356.444489 0.681664 -0.559698 0.000000
0.029760 193.777802 335.111115 0.836618 -0.745922 0.000000
0.050126 216.888901 317.333313 0.805626 -0.621773 0.000000
0.034852 236.444397 307.555511 0.681660 -0.342438 1.000000
0.001757 244.444397 304.000000 0.278778 -0.125176 2.000000
0.034852 255.111099 299.555511 0.371752 -0.156216 2.000000
0.050126 263.111115 297.777802 0.278778 -0.063101 2.000000
0.042489 271.111115 297.777802 0.278778 -0.001029 2.000000
0.062855 284.444489 303.111115 0.464726 0.185194 2.000000
0.039943 291.555511 307.555511 0.247784 0.154156 2.000000
0.039943 294.222198 312.000000 0.092832 0.154159 2.000000
0.042489 295.111115 315.555511 0.030850 0.123119 1.000000
0.037397 296.888885 317.333313 0.061840 0.061047 0.000000
0.055218 304.888885 317.333313 0.278778 -0.001029 0.000000
0.034852 317.333313 312.888885 0.433733 -0.156214 0.000000
0.062855 329.777802 307.555511 0.433735 -0.187253 0.000000
0.017032 341.333313 304.000000 0.402741 -0.125176 0.000000
-0.000788 341.333313 304.000000 -0.000142 -0.001029 0.000000
0.032306 349.333313 301.333313 0.278778 -0.094141 0.000000
-0.000788 352.888885 300.444489 0.123823 -0.032063 0.000000
0.037397 360.000000 296.888885 0.247787 -0.125179 2.000000
0.057763 367.111115 290.666687 0.247787 -0.218288 2.000000
0.034852 376.000000 279.111115 0.309769 -0.404512 2.000000
0.055218 384.888885 256.000000 0.309769 -0.807995 2.000000
0.032306 385.777802 248.888901 0.030850 -0.249326 2.000000
0.055218 382.222198 232.000000 -0.124108 -0.590735 2.000000
0.017032 374.222198 221.333298 -0.279062 -0.373476 0.000000
0.006849 374.222198 221.333298 -0.000142 -0.001029 0.000000
0.032306 365.333313 212.444397 -0.310053 -0.311401 0.000000
0.050126 353.777802 192.888901 -0.403025 -0.683844 0.000000
0.052672 342.222198 175.111099 -0.403028 -0.621773 0.000000
0.034852 324.444489 158.222198 -0.619962 -0.590735 0.000000
0.052672 302.222198 144.000000 -0.774922 -0.497623 0.000000
0.034852 280.888885 133.333298 -0.743928 -0.373476 3.000000
-0.000788 272.888885 128.888901 -0.279062 -0.156213 3.000000
0.001757 265.777802 126.222198 -0.248070 -0.094141 2.000000
0.011940 265.777802 126.222198 -0.000142 -0.001029 2.000000
0.047580 251.555603 117.333298 -0.495999 -0.311401 2.000000
0.052672 242.666702 110.222198 -0.310054 -0.249326 2.000000
0.032306 236.444397 102.222198 -0.217083 -0.280363 2.000000
0.034852 231.111099 95.111107 -0.186088 -0.249325 3.000000
-0.003334 230.222198 92.444443 -0.031134 -0.094140 3.000000
0.047580 229.333298 89.777779 -0.031134 -0.094140 3.000000
0.032306 227.555603 89.777779 -0.062121 -0.001029 3.000000
0.001757 224.888901 95.111107 -0.093117 0.185194 0.000000
0.034852 219.555603 104.888901 -0.186088 0.340381 0.000000
0.052672 207.111099 153.777802 -0.434020 1.706017 0.000000
0.029760 208.000000 171.555603 0.030849 0.619716 0.000000
0.047580 235.555603 207.111099 0.960584 1.240456 0.000000
0.050126 267.555511 216.000000 1.115535 0.309344 0.000000
0.050126 306.666687 209.777802 1.363469 -0.218288 0.000000
0.034852 347.555511 192.000000 1.425447 -0.621773 0.000000
0.045035 392.000000 146.666702 1.549415 -1.583923 0.000000
0.047580 401.777802 105.777802 0.340761 -1.428739 0.000000
0.050126 393.777802 65.777779 -0.279062 -1.397702 0.000000
0.032306 365.333313 40.000000 -0.991859 -0.901107 0.000000
0.052672 320.000000 34.666672 -1.580688 -0.187251 0.000000
0.045035 234.666702 67.555557 -2.975288 1.147347 0.000000
0.047580 181.333298 114.666702 -1.859611 1.643943 0.000000
0.032306 149.333298 173.333298 -1.115822 2.047423 0.000000
0.052672 146.666702 226.666702 -0.093113 1.861205 0.000000
0.055218 199.111099 271.111115 1.828332 1.550829 0.000000
0.050126 254.222198 270.222198 1.921306 -0.032067 0.000000
0.042489 307.555511 248.888901 1.859324 -0.745920 0.000000
0.039943 353.777802 195.555603 1.611398 -1.863258 0.000000
0.039943 357.333313 172.444397 0.123821 -0.807998 0.000000
0.042489 333.333313 116.444397 -0.836902 -1.956371 0.000000
0.057763 293.333313 110.222198 -1.394742 -0.218288 0.000000
0.042489 219.555603 146.666702 -2.572402 1.271498 0.000000
0.037397 185.777802 184.888901 -1.177805 1.333569 0.000000
0.050126 180.444397 220.444397 -0.186091 1.240456 0.000000
0.047580 200.000000 246.222198 0.681664 0.899050 0.000000
0.034852 244.444397 252.444397 1.549412 0.216231 0.000000
0.047580 300.444489 237.333298 1.952301 -0.528660 0.000000
0.050126 368.000000 188.444397 2.355181 -1.708074 0.000000
0.050126 380.444489 145.777802 0.433735 -1.490811 0.000000
0.027215 366.222198 112.888901 -0.496002 -1.149405 0.000000
0.045035 327.111115 108.444397 -1.363750 -0.156217 0.000000
0.047580 271.111115 133.333298 -1.952582 0.868013 0.000000
0.050126 203.555603 188.444397 -2.355465 1.923276 0.000000
0.050126 196.444397 216.888901 -0.248074 0.992163 0.000000
0.042489 216.000000 232.000000 0.681664 0.526603 0.000000
0.047580 286.222198 213.333298 2.448155 -0.652811 0.000000
0.047580 340.444489 177.777802 1.890318 -1.242514 0.000000
0.032306 373.333313 138.666702 1.146527 -1.366664 0.000000
0.055218 374.222198 107.555603 0.030849 -1.087329 0.000000
0.050126 319.111115 110.222198 -1.921590 0.092080 0.000000
0.037397 262.222198 146.666702 -1.983574 1.271498 0.000000
0.045035 213.333298 192.000000 -1.704654 1.581866 0.000000
0.047580 194.666702 227.555603 -0.650953 1.240460 0.000000
0.034852 206.222198 248.888901 0.402740 0.743862 0.000000
0.045035 241.777802 248.000000 1.239504 -0.032066 0.000000
0.045035 293.333313 220.444397 1.797341 -0.963183 0.000000
0.047580 357.333313 160.000000 2.231218 -2.111555 0.000000
0.047580 364.444489 120.888901 0.247789 -1.366664 0.000000
0.052672 344.000000 103.111099 -0.712939 -0.621773 0.000000
0.047580 277.333313 122.666702 -2.324476 0.681791 0.000000
0.042489 230.222198 155.555603 -1.642671 1.147347 0.000000
0.029760 202.666702 184.000000 -0.960864 0.992159 0.000000
0.047580 200.000000 199.111099 -0.093117 0.526603 0.000000
0.045035 221.333298 201.777802 0.743643 0.092084 0.000000
0.039943 258.666687 187.555603 1.301486 -0.497623 0.000000
0.050126 313.777802 148.444397 1.921307 -1.366668 0.000000
0.047580 324.444489 130.666702 0.371752 -0.621769 0.000000
0.055218 309.333313 128.888901 -0.526993 -0.063104 0.000000
0.045035 253.333298 160.888901 -1.952583 1.116310 0.000000
0.029760 216.000000 189.333298 -1.301768 0.992159 0.000000
0.047580 196.444397 208.000000 -0.681948 0.650753 0.000000
0.050126 199.111099 217.777802 0.092832 0.340381 0.000000
0.045035 223.111099 216.000000 0.836618 -0.063104 0.000000
0.045035 260.444489 200.000000 1.301486 -0.559698 0.000000
0.045035 309.333313 167.111099 1.704367 -1.149405 0.000000
0.045035 318.222198 146.666702 0.309769 -0.714882 0.000000
0.050126 303.111115 134.222198 -0.526990 -0.435551 0.000000
0.045035 246.222198 149.333298 -1.983574 0.526603 0.000000
0.029760 224.000000 164.444397 -0.774919 0.526603 0.000000
0.047580 175.111099 218.666702 -1.704654 1.892242 0.000000
0.047580 171.555603 252.444397 -0.124105 1.178381 0.000000
0.050126 192.000000 272.888885 0.712652 0.712828 0.000000
0.042489 229.333298 276.444489 1.301483 0.123122 0.000000
0.052672 295.111115 241.777802 2.293201 -1.211479 0.000000
0.042489 328.000000 201.777802 1.146529 -1.397702 0.000000
0.052672 336.888885 131.555603 0.309769 -2.452965 0.000000
0.027215 326.222198 113.777802 -0.372036 -0.621773 0.000000
0.047580 290.666687 98.666656 -1.239785 -0.528662 0.000000
0.045035 222.222198 117.333298 -2.386459 0.650751 0.000000
0.050126 182.222198 152.000000 -1.394742 1.209423 0.000000
0.045035 164.444397 195.555603 -0.619965 1.519795 0.000000
0.047580 180.444397 248.000000 0.557698 1.830163 0.000000
0.050126 221.333298 258.666687 1.425449 0.371418 0.000000
0.045035 299.555511 234.666702 2.727075 -0.839032 0.000000
0.029760 322.666687 219.555603 0.805629 -0.528660 0.000000
0.050126 363.555511 158.222198 1.425447 -2.142596 0.000000
0.042489 364.444489 135.111099 0.030852 -0.807995 0.000000
0.045035 331.555511 85.333344 -1.146816 -1.739110 0.000000
0.045035 287.111115 83.555557 -1.549696 -0.063103 0.000000
0.047580 235.555603 106.666702 -1.797625 0.805939 0.000000
0.047580 190.222198 146.666702 -1.580691 1.395644 0.000000
0.047580 164.444397 208.888901 -0.898885 2.171573 0.000000
0.042489 178.666702 236.444397 0.495719 0.961122 0.000000
0.050126 216.000000 242.666702 1.301483 0.216235 0.000000
0.045035 289.777802 214.222198 2.572121 -0.994220 0.000000
0.034852 310.222198 198.222198 0.712652 -0.559698 0.000000
0.047580 346.666687 139.555603 1.270495 -2.049480 0.000000
0.045035 337.777802 106.666702 -0.310053 -1.149405 0.000000
0.045035 303.111115 97.777779 -1.208796 -0.311402 0.000000
0.047580 226.666702 133.333298 -2.665376 1.240457 0.000000
0.052672 181.333298 176.000000 -1.580691 1.488757 0.000000
0.045035 158.222198 219.555603 -0.805911 1.519795 0.000000
0.045035 160.000000 253.333298 0.061841 1.178381 0.000000
0.029760 185.777802 272.000000 0.898601 0.650753 0.000000
0.045035 229.333298 266.666687 1.518420 -0.187251 0.000000
0.052672 298.666687 222.222198 2.417166 -1.552889 0.000000
0.042489 326.222198 180.444397 0.960581 -1.459777 0.000000
0.045035 328.000000 136.000000 0.061841 -1.552886 0.000000
0.050126 282.666687 105.777802 -1.580688 -1.056292 0.000000
0.047580 235.555603 118.222198 -1.642670 0.433490 0.000000
0.047580 172.444397 167.111099 -2.200514 1.706017 0.000000
0.045035 160.888901 184.000000 -0.403025 0.588678 0.000000
0.045035 166.222198 226.666702 0.185803 1.488757 0.000000
0.047580 201.777802 239.111099 1.239504 0.433490 0.000000
0.029760 253.333298 230.222198 1.797340 -0.311401 0.000000
0.045035 303.111115 204.444397 1.735361 -0.901108 0.000000
0.039943 337.777802 172.444397 1.208512 -1.118367 0.000000
0.047580 346.666687 135.111099 0.309769 -1.304589 0.000000
0.047580 314.666687 99.555557 -1.115822 -1.242515 0.000000
0.052672 273.777802 104.000000 -1.425733 0.154157 0.000000
0.042489 226.666702 129.777802 -1.642671 0.899050 0.000000
0.047580 182.222198 180.444397 -1.549700 1.768088 0.000000
0.047580 185.777802 206.222198 0.123824 0.899050 0.000000
0.032306 216.000000 219.555603 1.053555 0.464532 0.000000
0.047580 261.333313 213.333298 1.580404 -0.218292 0.000000
0.047580 307.555511 192.000000 1.611395 -0.745920 0.000000
0.060309 349.333313 149.333298 1.456441 -1.490814 0.000000
0.027215 346.666687 116.444397 -0.093114 -1.149405 0.000000
0.045035 318.222198 96.000000 -0.991859 -0.714882 0.000000
0.047580 275.555511 100.444397 -1.487716 0.154156 0.000000
0.045035 225.777802 127.111099 -1.735642 0.930088 0.000000
0.045035 176.000000 182.222198 -1.735645 1.923276 0.000000
0.050126 176.888901 211.555603 0.030849 1.023201 0.000000
0.055218 203.555603 228.444397 0.929592 0.588674 0.000000
0.027215 248.000000 226.666702 1.549412 -0.063100 0.000000
0.042489 296.888885 206.222198 1.704369 -0.714886 0.000000
0.045035 346.666687 166.222198 1.735361 -1.397702 0.000000
0.047580 350.222198 134.222198 0.123821 -1.118367 0.000000
0.047580 327.111115 112.000000 -0.805910 -0.776957 0.000000
0.050126 266.666687 121.777802 -2.107537 0.340381 0.000000
0.045035 221.333298 150.222198 -1.580691 0.992159 0.000000
0.047580 190.222198 181.333298 -1.084831 1.085272 0.000000
0.032306 184.000000 204.444397 -0.217079 0.805938 0.000000
0.045035 203.555603 217.777802 0.681664 0.464532 0.000000
0.060309 267.555511 207.111099 2.231215 -0.373476 0.000000
0.029760 313.777802 183.111099 1.611398 -0.839032 0.000000
0.047580 344.000000 155.555603 1.053555 -0.963179 0.000000
0.045035 348.444489 128.000000 0.154815 -0.963183 0.000000
0.050126 305.777802 113.777802 -1.487716 -0.497623 0.000000
0.039943 260.444489 132.444397 -1.580688 0.650750 0.000000
0.047580 215.111099 162.666702 -1.580691 1.054238 0.000000
0.047580 188.444397 191.111099 -0.929877 0.992159 0.000000
0.045035 187.555603 211.555603 -0.031130 0.712829 0.000000
0.052672 230.222198 219.555603 1.487429 0.278306 0.000000
0.042489 275.555511 202.666702 1.580404 -0.590735 0.000000
0.045035 317.333313 178.666702 1.456441 -0.839032 0.000000
0.047580 341.333313 140.444397 0.836618 -1.335630 0.000000
0.042489 323.555511 126.222198 -0.619965 -0.497623 0.000000
0.055218 288.000000 132.444397 -1.239785 0.216231 0.000000
0.037397 245.333298 158.222198 -1.487717 0.899050 0.000000
0.029760 210.666702 186.666702 -1.208793 0.992163 0.000000
0.060309 205.333298 212.444397 -0.186091 0.899047 0.000000
0.047580 228.444397 216.000000 0.805626 0.123122 0.000000
0.047580 264.000000 204.444397 1.239504 -0.404514 0.000000
0.029760 299.555511 183.111099 1.239501 -0.745920 0.000000
0.057763 320.888885 145.777802 0.743646 -1.304589 0.000000
0.027215 316.444489 136.888901 -0.155096 -0.311401 0.000000
0.050126 287.111115 132.444397 -1.022850 -0.156217 0.000000
0.045035 218.666702 169.777802 -2.386456 1.302535 0.000000
0.045035 182.222198 200.888901 -1.270780 1.085272 0.000000
0.045035 174.222198 228.444397 -0.279062 0.961122 0.000000
0.045035 183.111099 231.111099 0.309769 0.092084 0.000000
0.057763 239.111099 215.111099 1.952298 -0.559698 0.000000
0.039943 280.888885 189.333298 1.456440 -0.901108 0.000000
0.047580 308.444489 161.777802 0.960584 -0.963179 0.000000
0.042489 302.222198 128.888901 -0.217082 -1.149405 0.000000
0.047580 269.333313 128.000000 -1.146813 -0.032066 0.000000
0.045035 225.777802 149.333298 -1.518705 0.743862 0.000000
0.042489 185.777802 179.555603 -1.394742 1.054238 0.000000
0.045035 167.111099 217.777802 -0.650957 1.333569 0.000000
0.047580 184.888901 231.111099 0.619681 0.464528 0.000000
0.032306 225.777802 228.444397 1.425449 -0.094141 0.000000
0.042489 274.666687 208.000000 1.704369 -0.714882 0.000000
0.042489 316.444489 180.444397 1.456441 -0.963183 0.000000
0.055218 345.777802 131.555603 1.022564 -1.708070 0.000000
0.045035 338.666687 104.000000 -0.248071 -0.963183 0.000000
0.052672 310.222198 97.777779 -0.991859 -0.218289 0.000000
0.042489 269.333313 112.888901 -1.425733 0.526604 0.000000
0.042489 206.222198 163.555603 -2.200511 1.768092 0.000000
0.042489 190.222198 196.444397 -0.557982 1.147344 0.000000
0.047580 196.444397 217.777802 0.216795 0.743866 0.000000
0.047580 225.777802 224.888901 1.022567 0.247268 0.000000
0.042489 266.666687 215.111099 1.425449 -0.342438 0.000000
0.045035 325.333313 181.333298 2.045270 -1.180442 0.000000
0.047580 346.666687 152.888901 0.743646 -0.994217 0.000000
0.045035 346.666687 122.666702 -0.000142 -1.056292 0.000000
0.050126 322.666687 106.666702 -0.836902 -0.559698 0.000000
0.045035 258.666687 123.555603 -2.231502 0.588678 0.000000
0.039943 216.888901 152.000000 -1.456725 0.992159 0.000000
0.045035 192.000000 180.444397 -0.867894 0.992159 0.000000
0.047580 198.222198 209.777802 0.216795 1.023201 0.000000
0.042489 212.444397 214.222198 0.495715 0.154156 0.000000
0.047580 275.555511 204.444397 2.200227 -0.342438 0.000000
0.039943 316.444489 184.000000 1.425452 -0.714882 0.000000
0.045035 344.888885 160.000000 0.991572 -0.839032 0.000000
0.045035 351.111115 131.555603 0.216796 -0.994217 0.000000
0.045035 333.333313 107.555603 -0.619965 -0.839032 0.000000
0.039943 297.777802 102.222198 -1.239785 -0.187254 0.000000
0.039943 228.444397 134.222198 -2.417451 1.116310 0.000000
0.045035 192.888901 166.222198 -1.239784 1.116310 0.000000
0.057763 183.111099 192.888901 -0.341045 0.930088 0.000000
0.039943 216.000000 216.000000 1.146529 0.805938 0.000000
0.050126 260.444489 212.444397 1.549415 -0.125179 0.000000
0.045035 304.888885 194.666702 1.549412 -0.621769 0.000000
0.045035 336.888885 171.555603 1.115538 -0.807995 0.000000
0.050126 346.666687 129.777802 0.340761 -1.459777 0.000000
0.042489 325.333313 108.444397 -0.743930 -0.745923 0.000000
0.042489 288.000000 107.555603 -1.301768 -0.032062 0.000000
0.045035 243.555603 126.222198 -1.549696 0.650750 0.000000
0.042489 200.888901 155.555603 -1.487717 1.023201 0.000000
0.047580 170.666702 197.333298 -1.053839 1.457716 0.000000
0.037397 176.000000 216.000000 0.185803 0.650753 0.000000
0.047580 201.777802 223.111099 0.898601 0.247268 0.000000
0.045035 239.111099 217.777802 1.301483 -0.187250 0.000000
0.045035 277.333313 202.666702 1.332475 -0.528660 0.000000
0.055218 314.666687 181.333298 1.301486 -0.745923 0.000000
0.034852 325.333313 165.333298 0.371750 -0.559698 0.000000
0.037397 325.333313 151.111099 -0.000142 -0.497623 0.000000
0.055218 314.666687 142.222198 -0.372034 -0.311401 0.000000
0.055218 289.777802 136.000000 -0.867893 -0.218288 0.000000
0.032306 274.666687 135.111099 -0.526991 -0.032066 0.000000
0.050126 265.777802 134.222198 -0.310053 -0.032066 0.000000
0.024669 261.333313 134.222198 -0.155099 -0.001029 3.000000
-0.000788 261.333313 134.222198 -0.000142 -0.001029 3.000000
0.050126 259.555511 134.222198 -0.062125 -0.001029 3.000000
0.032306 259.555511 134.222198 -0.000142 -0.001029 3.000000
0.047580 258.666687 136.888901 -0.031131 0.092084 3.000000
0.052672 257.777802 141.333298 -0.031133 0.154156 3.000000
0.037397 256.000000 145.777802 -0.062125 0.154159 3.000000
0.052672 255.111099 152.000000 -0.031134 0.216231 3.000000
0.034852 254.222198 152.888901 -0.031134 0.030009 3.000000
0.047580 253.333298 153.777802 -0.031134 0.030009 3.000000
0.047580 253.333298 154.666702 -0.000142 0.030009 3.000000
0.042489 251.555603 155.555603 -0.062121 0.030009 3.000000
0.047580 248.888901 155.555603 -0.093117 -0.001029 3.000000
0.045035 245.333298 156.444397 -0.124108 0.030005 3.000000
0.042489 243.555603 156.444397 -0.062121 -0.001029 3.000000
0.042489 242.666702 156.444397 -0.031134 -0.001029 3.000000
0.050126 240.000000 156.444397 -0.093117 -0.001029 3.000000
0.039943 237.333298 156.444397 -0.093117 -0.001029 3.000000
0.055218 234.666702 156.444397 -0.093113 -0.001029 3.000000
0.047580 232.888901 156.444397 -0.062125 -0.001029 3.000000
0.045035 231.111099 156.444397 -0.062125 -0.001029 3.000000
0.042489 231.111099 156.444397 -0.000142 -0.001029 3.000000
0.042489 231.111099 156.444397 -0.000142 -0.001029 3.000000
0.037397 231.111099 156.444397 -0.000142 -0.001029 3.000000
0.055218 228.444397 156.444397 -0.093117 -0.001029 3.000000
0.034852 227.555603 157.333298 -0.031130 0.030009 3.000000
0.055218 223.111099 158.222198 -0.155100 0.030009 3.000000
0.034852 219.555603 159.111099 -0.124105 0.030009 3.000000
0.055218 215.111099 160.000000 -0.155100 0.030009 3.000000
0.034852 212.444397 160.888901 -0.093117 0.030009 3.000000
0.055218 210.666702 161.777802 -0.062121 0.030009 3.000000
0.034852 209.777802 161.777802 -0.031134 -0.001029 3.000000
0.060309 207.111099 163.555603 -0.093117 0.061047 3.000000
0.034852 204.444397 165.333298 -0.093117 0.061043 3.000000
0.039943 200.000000 168.000000 -0.155096 0.092084 3.000000
0.055218 198.222198 168.888901 -0.062125 0.030009 3.000000
0.034852 196.444397 169.777802 -0.062125 0.030009 3.000000
0.055218 194.666702 169.777802 -0.062121 -0.001029 3.000000
0.039943 192.000000 169.777802 -0.093117 -0.001029 3.000000
0.042489 189.333298 169.777802 -0.093117 -0.001029 3.000000
0.045035 184.000000 170.666702 -0.186088 0.030009 3.000000
0.045035 178.666702 172.444397 -0.186088 0.061043 3.000000
0.045035 174.222198 173.333298 -0.155100 0.030009 3.000000
0.042489 172.444397 174.222198 -0.062125 0.030009 3.000000
0.039943 171.555603 175.111099 -0.031130 0.030009 3.000000
0.047580 167.111099 176.888901 -0.155100 0.061047 3.000000
0.047580 165.333298 178.666702 -0.062125 0.061047 3.000000
0.042489 165.333298 178.666702 -0.000142 -0.001029 3.000000
0.055218 164.444397 179.555603 -0.031134 0.030009 3.000000
0.039943 164.444397 179.555603 -0.000142 -0.001029 3.000000
0.039943 164.444397 179.555603 -0.000142 -0.001029 3.000000
0.045035 164.444397 179.555603 -0.000142 -0.001029 3.000000
0.057763 164.444397 181.333298 -0.000142 0.061043 3.000000
0.042489 164.444397 184.888901 -0.000142 0.123122 3.000000
0.037397 167.111099 186.666702 0.092832 0.061047 3.000000
0.047580 170.666702 189.333298 0.123824 0.092080 3.000000
0.045035 173.333298 192.000000 0.092829 0.092084 3.000000
0.042489 175.111099 194.666702 0.061841 0.092084 3.000000
0.042489 179.555603 200.000000 0.154815 0.185193 3.000000
0.045035 182.222198 204.444397 0.092829 0.154156 3.000000
0.047580 186.666702 208.000000 0.154815 0.123122 3.000000
0.045035 190.222198 210.666702 0.123820 0.092084 3.000000
0.045035 192.888901 211.555603 0.092832 0.030009 3.000000
0.042489 195.555603 212.444397 0.092832 0.030005 3.000000
0.042489 195.555603 212.444397 -0.000142 -0.001029 3.000000
0.060309 195.555603 212.444397 -0.000142 -0.001029 3.000000
0.042489 195.555603 212.444397 -0.000142 -0.001029 3.000000
0.039943 195.555603 212.444397 -0.000142 -0.001029 3.000000
0.045035 195.555603 209.777802 -0.000142 -0.094138 3.000000
0.045035 195.555603 206.222198 -0.000142 -0.125179 3.000000
0.050126 195.555603 202.666702 -0.000142 -0.125175 3.000000
0.039943 195.555603 202.666702 -0.000142 -0.001029 3.000000
0.039943 194.666702 202.666702 -0.031134 -0.001029 3.000000
0.042489 194.666702 202.666702 -0.000142 -0.001029 3.000000
0.060309 194.666702 201.777802 -0.000142 -0.032066 3.000000
0.047580 193.777802 200.888901 -0.031134 -0.032066 3.000000
0.045035 193.777802 200.000000 -0.000142 -0.032066 3.000000
0.037397 193.777802 200.000000 -0.000142 -0.001029 3.000000
0.039943 193.777802 200.000000 -0.000142 -0.001029 3.000000
0.042489 193.777802 200.000000 -0.000142 -0.001029 3.000000
0.060309 193.777802 200.000000 -0.000142 -0.001029 3.000000
0.037397 193.777802 200.000000 -0.000142 -0.001029 3.000000
0.039943 193.777802 200.000000 -0.000142 -0.001029 3.000000
0.042489 193.777802 200.000000 -0.000142 -0.001029 3.000000
0.047580 193.777802 200.000000 -0.000142 -0.001029 3.000000
0.047580 193.777802 200.000000 -0.000142 -0.001029 3.000000
0.037397 193.777802 200.000000 -0.000142 -0.001029 3.000000
0.055218 193.777802 200.000000 -0.000142 -0.001029 3.000000
0.045035 192.888901 199.111099 -0.031134 -0.032066 3.000000
0.047580 192.888901 199.111099 -0.000142 -0.001029 3.000000
0.042489 192.888901 199.111099 -0.000142 -0.001029 3.000000
0.037397 192.888901 199.111099 -0.000142 -0.001029 3.000000
0.045035 192.888901 199.111099 -0.000142 -0.001029 3.000000
0.057763 192.888901 199.111099 -0.000142 -0.001029 3.000000
0.042489 192.888901 199.111099 -0.000142 -0.001029 3.000000
0.042489 192.888901 199.111099 -0.000142 -0.001029 3.000000
0.039943 192.000000 198.222198 -0.031134 -0.032066 3.000000
0.042489 189.333298 196.444397 -0.093117 -0.063104 3.000000
0.042489 187.555603 194.666702 -0.062121 -0.063100 3.000000
0.047580 185.777802 192.888901 -0.062125 -0.063104 3.000000
0.045035 185.777802 192.000000 -0.000142 -0.032066 3.000000
0.039943 184.888901 192.000000 -0.031134 -0.001029 3.000000
0.060309 184.888901 192.000000 -0.000142 -0.001029 3.000000
0.042489 184.888901 192.000000 -0.000142 -0.001029 3.000000
0.042489 184.888901 192.000000 -0.000142 -0.001029 3.000000
0.039943 184.888901 192.000000 -0.000142 -0.001029 3.000000
0.055218 184.888901 192.000000 -0.000142 -0.001029 3.000000
0.042489 184.888901 192.000000 -0.000142 -0.001029 3.000000
0.042489 184.888901 192.000000 -0.000142 -0.001029 3.000000
0.042489 184.888901 192.000000 -0.000142 -0.001029 3.000000
0.055218 184.888901 192.000000 -0.000142 -0.001029 3.000000
0.039943 184.888901 192.000000 -0.000142 -0.001029 3.000000
0.039943 184.888901 192.000000 -0.000142 -0.001029 3.000000
0.039943 184.888901 192.000000 -0.000142 -0.001029 3.000000
0.062855 184.888901 192.000000 -0.000142 -0.001029 3.000000
0.029760 184.888901 192.000000 -0.000142 -0.001029 3.000000
0.055218 185.777802 192.000000 0.030849 -0.001029 3.000000
0.045035 185.777802 192.000000 -0.000142 -0.001029 3.000000
0.042489 185.777802 192.000000 -0.000142 -0.001029 3.000000
0.045035 186.666702 192.000000 0.030849 -0.001029 3.000000
0.037397 186.666702 192.000000 -0.000142 -0.001029 3.000000
0.039943 186.666702 192.000000 -0.000142 -0.001029 3.000000
0.060309 186.666702 192.000000 -0.000142 -0.001029 3.000000
0.045035 186.666702 192.888901 -0.000142 0.030009 3.000000
0.042489 186.666702 192.888901 -0.000142 -0.001029 3.000000
0.045035 186.666702 192.888901 -0.000142 -0.001029 3.000000
0.045035 186.666702 192.888901 -0.000142 -0.001029 3.000000
0.039943 186.666702 192.888901 -0.000142 -0.001029 3.000000
0.055218 183.111099 185.777802 -0.124108 -0.249326 3.000000
0.060309 176.888901 180.444397 -0.217079 -0.187254 3.000000
0.014486 174.222198 178.666702 -0.093117 -0.063100 3.000000
0.057763 168.888901 176.000000 -0.186088 -0.094141 3.000000
0.047580 164.444397 174.222198 -0.155100 -0.063104 3.000000
0.032306 160.000000 172.444397 -0.155096 -0.063104 3.000000
0.050126 152.888901 169.777802 -0.248071 -0.094138 3.000000
0.045035 148.444397 167.111099 -0.155100 -0.094141 3.000000
0.045035 144.888901 165.333298 -0.124105 -0.063104 3.000000
0.052672 142.222198 163.555603 -0.093117 -0.063100 3.000000
0.047580 141.333298 162.666702 -0.031134 -0.032066 3.000000
0.042489 141.333298 162.666702 -0.000142 -0.001029 3.000000
0.027215 141.333298 162.666702 -0.000142 -0.001029 3.000000
0.055218 140.444397 162.666702 -0.031134 -0.001029 3.000000
0.055218 137.777802 169.777802 -0.093113 0.247268 3.000000
0.029760 136.888901 173.333298 -0.031134 0.123118 3.000000
0.052672 137.777802 184.888901 0.030849 0.402456 3.000000
0.042489 142.222198 194.666702 0.154812 0.340381 3.000000
0.073038 150.222198 210.666702 0.278778 0.557641 3.000000
0.024669 153.777802 220.444397 0.123824 0.340378 3.000000
0.037397 156.444397 226.666702 0.092829 0.216235 3.000000
0.057763 159.111099 232.000000 0.092832 0.185193 3.000000
0.034852 160.000000 232.000000 0.030849 -0.001029 3.000000
0.039943 160.000000 232.888901 -0.000142 0.030009 3.000000
0.055218 160.000000 233.777802 -0.000142 0.030009 3.000000
0.045035 158.222198 234.666702 -0.062125 0.030009 3.000000
0.029760 152.888901 238.222198 -0.186088 0.123118 3.000000
0.052672 148.444397 240.888901 -0.155100 0.092084 3.000000
0.050126 144.000000 243.555603 -0.155096 0.092084 3.000000
0.052672 143.111099 244.444397 -0.031134 0.030005 3.000000
0.027215 141.333298 245.333298 -0.062125 0.030009 3.000000
0.047580 140.444397 246.222198 -0.031134 0.030009 3.000000
0.050126 140.444397 247.111099 -0.000142 0.030009 3.000000
0.050126 140.444397 247.111099 -0.000142 -0.001029 3.000000
0.060309 140.444397 248.888901 -0.000142 0.061047 3.000000
0.017032 140.444397 250.666702 -0.000142 0.061047 3.000000
0.047580 140.444397 256.888885 -0.000142 0.216230 3.000000
0.052672 140.444397 264.000000 -0.000142 0.247269 3.000000
0.065400 140.444397 268.444489 -0.000142 0.154159 3.000000
0.017032 140.444397 268.444489 -0.000142 -0.001029 3.000000
0.045035 140.444397 268.444489 -0.000142 -0.001029 3.000000
0.050126 140.444397 269.333313 -0.000142 0.030006 3.000000
0.047580 140.444397 269.333313 -0.000142 -0.001029 3.000000
0.062855 141.333298 272.888885 0.030849 0.123121 3.000000
0.017032 142.222198 274.666687 0.030849 0.061047 3.000000
0.050126 143.111099 279.111115 0.030849 0.154157 3.000000
0.052672 144.000000 280.888885 0.030849 0.061046 3.000000
0.037397 144.000000 280.888885 -0.000142 -0.001029 3.000000
0.050126 144.000000 280.888885 -0.000142 -0.001029 3.000000
0.045035 144.000000 280.888885 -0.000142 -0.001029 3.000000
0.045035 144.000000 280.888885 -0.000142 -0.001029 3.000000
0.039943 144.000000 280.888885 -0.000142 -0.001029 3.000000
0.052672 144.000000 280.888885 -0.000142 -0.001029 3.000000
0.060309 144.000000 280.888885 -0.000142 -0.001029 3.000000
0.017032 144.000000 280.888885 -0.000142 -0.001029 3.000000
0.047580 144.000000 280.888885 -0.000142 -0.001029 3.000000
0.047580 144.000000 280.888885 -0.000142 -0.001029 3.000000
0.047580 144.000000 280.888885 -0.000142 -0.001029 3.000000
0.045035 144.000000 280.888885 -0.000142 -0.001029 3.000000
0.037397 144.000000 280.888885 -0.000142 -0.001029 3.000000
0.042489 144.000000 280.888885 -0.000142 -0.001029 3.000000
0.047580 144.000000 280.888885 -0.000142 -0.001029 3.000000
0.042489 144.000000 280.888885 -0.000142 -0.001029 3.000000
0.060309 144.000000 280.888885 -0.000142 -0.001029 3.000000
0.039943 144.000000 280.888885 -0.000142 -0.001029 3.000000
0.039943 144.000000 280.888885 -0.000142 -0.001029 3.000000
0.045035 144.000000 280.000000 -0.000142 -0.032066 3.000000
0.047580 144.888901 277.333313 0.030849 -0.094141 3.000000
0.042489 144.888901 273.777802 -0.000142 -0.125176 3.000000
0.042489 144.888901 269.333313 -0.000142 -0.156216 3.000000
0.045035 141.333298 272.888885 -0.124108 0.123121 3.000000
0.045035 140.444397 275.555511 -0.031134 0.092082 3.000000
0.047580 140.444397 278.222198 -0.000142 0.092084 3.000000
0.067946 140.444397 278.222198 -0.000142 -0.001029 3.000000
0.027215 140.444397 278.222198 -0.000142 -0.001029 3.000000
0.039943 140.444397 278.222198 -0.000142 -0.001029 3.000000
0.042489 140.444397 278.222198 -0.000142 -0.001029 3.000000
0.024669 140.444397 279.111115 -0.000142 0.030010 0.000000
0.078129 140.444397 279.111115 -0.000142 -0.001029 0.000000
-0.010971 140.444397 279.111115 -0.000142 -0.001029 0.000000
0.037397 140.444397 279.111115 -0.000142 -0.001029 0.000000
0.039943 140.444397 279.111115 -0.000142 -0.001029 0.000000
0.042489 140.444397 279.111115 -0.000142 -0.001029 0.000000
0.045035 146.666702 274.666687 0.216799 -0.156214 0.000000
0.039943 146.666702 271.111115 -0.000142 -0.125178 0.000000
0.045035 147.555603 262.222198 0.030849 -0.311401 0.000000
0.042489 147.555603 254.222198 -0.000142 -0.280363 0.000000
0.047580 146.666702 244.444397 -0.031134 -0.342438 0.000000
0.045035 144.888901 234.666702 -0.062125 -0.342435 0.000000
0.067946 144.000000 217.777802 -0.031134 -0.590735 0.000000
0.032306 143.111099 202.666702 -0.031134 -0.528660 0.000000
0.047580 142.222198 187.555603 -0.031134 -0.528660 0.000000
0.060309 139.555603 173.333298 -0.093113 -0.497626 0.000000
0.042489 135.111099 168.000000 -0.155100 -0.187250 0.000000
0.027215 134.222198 167.111099 -0.031134 -0.032066 0.000000
0.045035 130.666702 167.111099 -0.124105 -0.001029 0.000000
0.050126 122.666702 168.888901 -0.279062 0.061047 0.000000
0.062855 116.444397 172.444397 -0.217083 0.123118 0.000000
0.039943 109.333298 176.888901 -0.248071 0.154159 0.000000
0.045035 102.222198 182.222198 -0.248071 0.185193 0.000000
0.029760 100.444397 184.000000 -0.062125 0.061047 0.000000
0.045035 97.777779 195.555603 -0.093114 0.402456 0.000000
0.047580 97.777779 212.444397 -0.000142 0.588674 0.000000
0.039943 97.777779 230.222198 -0.000142 0.619716 0.000000
0.045035 103.111099 246.222198 0.185804 0.557641 0.000000
0.042489 110.222198 258.666687 0.247786 0.433493 0.000000
0.047580 121.777802 270.222198 0.402744 0.402453 0.000000
0.047580 128.888901 272.888885 0.247786 0.092084 0.000000
0.045035 135.111099 272.888885 0.216795 -0.001029 0.000000
0.062855 145.777802 263.111115 0.371752 -0.342437 0.000000
0.014486 149.333298 257.777802 0.123820 -0.187251 0.000000
0.078129 160.000000 217.777802 0.371752 -1.397702 0.000000
0.039943 160.888901 205.333298 0.030849 -0.435551 0.000000
0.042489 161.777802 170.666702 0.030849 -1.211476 0.000000
0.029760 160.000000 161.777802 -0.062125 -0.311401 0.000000
0.047580 152.888901 143.111099 -0.248071 -0.652811 0.000000
0.047580 145.777802 137.777802 -0.248071 -0.187250 0.000000
0.039943 136.888901 136.888901 -0.310054 -0.032066 0.000000
0.045035 126.222198 142.222198 -0.372037 0.185193 0.000000
0.047580 109.333298 165.333298 -0.588974 0.805938 0.000000
0.057763 102.222198 190.222198 -0.248071 0.868013 0.000000
0.034852 100.444397 216.888901 -0.062125 0.930088 0.000000
0.039943 102.222198 238.222198 0.061841 0.743862 0.000000
0.042489 109.333298 252.444397 0.247786 0.495565 0.000000
0.065400 124.444397 260.444489 0.526706 0.278309 0.000000
0.017032 129.777802 260.444489 0.185807 -0.001029 0.000000
0.052672 148.444397 254.222198 0.650669 -0.218291 0.000000
0.042489 160.888901 243.555603 0.433735 -0.373472 0.000000
0.045035 171.555603 228.444397 0.371752 -0.528664 0.000000
0.045035 178.666702 209.777802 0.247786 -0.652807 0.000000
0.047580 183.111099 181.333298 0.154812 -0.994220 0.000000
0.045035 182.222198 167.111099 -0.031134 -0.497623 0.000000
0.042489 175.111099 157.333298 -0.248071 -0.342438 0.000000
0.042489 166.222198 150.222198 -0.310054 -0.249326 0.000000
0.050126 150.222198 145.777802 -0.557982 -0.156213 0.000000
0.045035 139.555603 146.666702 -0.372033 0.030009 0.000000
0.045035 129.777802 152.888901 -0.341045 0.216231 0.000000
0.039943 120.888901 163.555603 -0.310054 0.371419 0.000000
0.047580 113.777802 181.333298 -0.248071 0.619712 0.000000
0.050126 111.111099 212.444397 -0.093117 1.085272 0.000000
0.045035 116.444397 231.111099 0.185803 0.650753 0.000000
0.045035 128.000000 244.444397 0.402744 0.464528 0.000000
0.060309 147.555603 253.333298 0.681664 0.309344 0.000000
0.047580 160.000000 253.333298 0.433732 -0.001029 0.000000
0.047580 174.222198 246.222198 0.495715 -0.249326 0.000000
0.047580 183.111099 236.444397 0.309769 -0.342438 0.000000
0.039943 190.222198 221.333298 0.247786 -0.528660 0.000000
0.042489 194.666702 201.777802 0.154815 -0.683844 0.000000
0.034852 195.555603 179.555603 0.030849 -0.776957 3.000000
0.060309 190.222198 152.888901 -0.186091 -0.932145 3.000000
0.042489 182.222198 142.222198 -0.279062 -0.373476 3.000000
0.024669 172.444397 136.888901 -0.341045 -0.187250 3.000000
0.042489 160.888901 137.777802 -0.403025 0.030009 3.000000
0.067946 141.333298 157.333298 -0.681948 0.681787 3.000000
0.027215 136.000000 168.000000 -0.186088 0.371419 3.000000
0.037397 128.000000 193.777802 -0.279062 0.899050 3.000000
0.065400 126.222198 229.333298 -0.062125 1.240456 3.000000
0.024669 132.444397 245.333298 0.216795 0.557641 3.000000
0.070492 147.555603 256.888885 0.526710 0.402456 3.000000
0.024669 152.888901 257.777802 0.185803 0.030010 3.000000
0.065400 168.000000 253.333298 0.526706 -0.156217 3.000000
0.017032 172.444397 249.777802 0.154812 -0.125175 3.000000
0.050126 181.333298 232.000000 0.309769 -0.621773 3.000000
0.065400 183.111099 208.000000 0.061841 -0.839032 3.000000
0.052672 178.666702 192.888901 -0.155096 -0.528660 3.000000
0.017032 175.111099 185.777802 -0.124108 -0.249326 3.000000
0.062855 160.888901 167.111099 -0.495999 -0.652811 3.000000
0.050126 156.444397 164.444397 -0.155100 -0.094141 3.000000
0.019577 156.444397 164.444397 -0.000142 -0.001029 3.000000
0.052672 156.444397 164.444397 -0.000142 -0.001029 3.000000
0.060309 162.666702 166.222198 0.216799 0.061047 3.000000
0.019577 173.333298 168.000000 0.371749 0.061047 3.000000
0.011940 179.555603 168.888901 0.216799 0.030009 3.000000
-0.000788 179.555603 168.888901 -0.000142 -0.001029 3.000000
0.001757 185.777802 168.888901 0.216795 -0.001029 3.000000
0.009394 192.888901 168.888901 0.247786 -0.001029 3.000000
0.001757 198.222198 168.888901 0.185803 -0.001029 3.000000
-0.000788 198.222198 168.888901 -0.000142 -0.001029 3.000000
0.014486 205.333298 167.111099 0.247786 -0.063104 3.000000
-0.000788 205.333298 167.111099 -0.000142 -0.001029 3.000000
0.014486 206.222198 166.222198 0.030849 -0.032066 3.000000
-0.003334 205.333298 166.222198 -0.031134 -0.001029 3.000000
-0.000788 205.333298 166.222198 -0.000142 -0.001029 3.000000
0.011940 192.000000 171.555603 -0.465008 0.185197 3.000000
-0.003334 192.000000 171.555603 -0.000142 -0.001029 3.000000
0.004303 182.222198 176.888901 -0.341045 0.185193 3.000000
0.011940 172.444397 184.000000 -0.341045 0.247268 3.000000
0.001757 162.666702 191.111099 -0.341041 0.247268 3.000000
0.017032 154.666702 199.111099 -0.279062 0.278306 0.000000
0.001757 154.666702 199.111099 -0.000142 -0.001029 0.000000
0.001757 149.333298 206.222198 -0.186091 0.247268 0.000000
0.017032 142.222198 219.555603 -0.248071 0.464532 0.000000
0.004303 142.222198 219.555603 -0.000142 -0.001029 0.000000
0.011940 139.555603 225.777802 -0.093113 0.216231 0.000000
-0.000788 138.666702 232.888901 -0.031134 0.247268 0.000000
0.001757 136.888901 240.888901 -0.062125 0.278306 0.000000
0.011940 135.111099 250.666702 -0.062125 0.340381 0.000000
0.001757 133.333298 262.222198 -0.062125 0.402453 0.000000
0.014486 132.444397 273.777802 -0.031134 0.402456 0.000000
0.004303 130.666702 284.444489 -0.062121 0.371418 0.000000
-0.000788 130.666702 284.444489 -0.000142 -0.001029 0.000000
0.011940 130.666702 295.111115 -0.000142 0.371416 0.000000
0.001757 130.666702 304.000000 -0.000142 0.309343 0.000000
0.001757 130.666702 311.111115 -0.000142 0.247269 0.000000
0.014486 131.555603 317.333313 0.030849 0.216231 0.000000
0.001757 131.555603 317.333313 -0.000142 -0.001029 0.000000
0.011940 135.111099 327.111115 0.123820 0.340381 0.000000
-0.000788 135.111099 327.111115 -0.000142 -0.001029 0.000000
0.001757 136.000000 331.555511 0.030849 0.154156 0.000000
0.052672 138.666702 343.111115 0.092832 0.402456 1.000000
0.039943 138.666702 348.444489 -0.000142 0.185196 2.000000
0.067946 139.555603 352.000000 0.030849 0.123119 2.000000
0.050126 142.222198 358.222198 0.092829 0.216231 2.000000
0.019577 144.000000 359.111115 0.061841 0.030010 2.000000
0.075583 156.444397 357.333313 0.433732 -0.063104 2.000000
0.006849 163.555603 352.888885 0.247790 -0.156214 1.000000
0.019577 178.666702 337.777802 0.526706 -0.528660 1.000000
0.011940 186.666702 327.111115 0.278778 -0.373475 1.000000
0.042489 200.000000 297.777802 0.464723 -1.025255 1.000000
0.065400 217.777802 252.444397 0.619681 -1.583927 0.000000
0.050126 231.111099 228.444397 0.464723 -0.839032 0.000000
0.039943 244.444397 208.000000 0.464723 -0.714882 0.000000
0.029760 256.888885 192.000000 0.433735 -0.559698 0.000000
0.014486 262.222198 185.777802 0.185804 -0.218288 0.000000
0.006849 265.777802 180.444397 0.123824 -0.187254 3.000000
0.045035 269.333313 173.333298 0.123821 -0.249326 2.000000
0.047580 269.333313 171.555603 -0.000142 -0.063100 2.000000
0.050126 259.555511 173.333298 -0.341045 0.061043 2.000000
0.050126 250.666702 177.777802 -0.310050 0.154159 2.000000
0.060309 240.000000 182.222198 -0.372037 0.154156 0.000000
0.050126 233.777802 188.444397 -0.217079 0.216231 0.000000
0.039943 232.000000 193.777802 -0.062125 0.185197 0.000000
0.024669 226.666702 208.000000 -0.186088 0.495565 0.000000
0.065400 219.555603 233.777802 -0.248071 0.899050 0.000000
0.022123 219.555603 240.888901 -0.000142 0.247268 0.000000
0.065400 227.555603 255.111099 0.278778 0.495565 0.000000
0.022123 240.888901 257.777802 0.464723 0.092084 1.000000
0.065400 269.333313 258.666687 0.991572 0.030009 2.000000
0.042489 287.111115 257.777802 0.619681 -0.032066 2.000000
0.011940 296.000000 256.000000 0.309769 -0.063104 2.000000
0.011940 303.111115 254.222198 0.247787 -0.063104 2.000000
0.042489 315.555511 249.777802 0.433732 -0.156213 2.000000
0.034852 326.222198 245.333298 0.371752 -0.156217 2.000000
0.057763 337.777802 239.111099 0.402744 -0.218288 2.000000
0.045035 344.000000 235.555603 0.216795 -0.125175 1.000000
0.029760 347.555511 233.777802 0.123821 -0.063104 1.000000
