0.060309 503.111115 160.000000 -0.372035 -0.249326 2.000000
0.029760 489.777802 147.555603 -0.465008 -0.435547 2.000000
0.055218 475.555511 120.000000 -0.496002 -0.963183 2.000000
0.034852 466.666687 96.000000 -0.310051 -0.839032 2.000000
0.057763 452.444489 68.444443 -0.495999 -0.963181 2.000000
0.017032 432.888885 44.444439 -0.681948 -0.839032 1.000000
0.006849 432.888885 44.444439 -0.000142 -0.001029 0.000000
0.050126 408.000000 27.555559 -0.867893 -0.590735 0.000000
0.034852 398.222198 27.555559 -0.341045 -0.001029 0.000000
0.052672 389.333313 45.333328 -0.310053 0.619715 0.000000
0.032306 376.888885 88.888893 -0.434017 1.519793 0.000000
0.057763 365.333313 151.111099 -0.403027 2.171573 0.000000
0.027215 360.888885 208.000000 -0.155097 1.985351 0.000000
0.001757 360.888885 231.111099 -0.000142 0.805938 0.000000
0.014486 361.777802 249.777802 0.030850 0.650753 1.000000
0.006849 364.444489 265.777802 0.092832 0.557641 1.000000
0.050126 373.333313 288.000000 0.309767 0.774900 2.000000
0.009394 373.333313 288.000000 -0.000142 -0.001029 2.000000
0.001757 376.000000 288.888885 0.092832 0.030009 2.000000
0.050126 382.222198 281.777802 0.216795 -0.249325 2.000000
0.029760 390.222198 262.222198 0.278778 -0.683848 2.000000
-0.000788 393.777802 248.000000 0.123824 -0.497623 2.000000
0.050126 404.444489 205.333298 0.371752 -1.490814 2.000000
0.032306 410.666687 155.555603 0.216795 -1.739108 2.000000
0.014486 410.666687 135.111099 -0.000142 -0.714886 1.000000
0.024669 409.777802 120.000000 -0.031133 -0.528660 1.000000
0.014486 400.000000 103.111099 -0.341045 -0.590735 0.000000
0.001757 400.000000 103.111099 -0.000142 -0.001029 0.000000
0.045035 369.777802 93.333344 -1.053839 -0.342437 0.000000
0.047580 333.333313 94.222221 -1.270779 0.030008 0.000000
0.047580 292.444489 104.000000 -1.425731 0.340380 0.000000
0.057763 251.555603 139.555603 -1.425733 1.240460 0.000000
0.014486 246.222198 156.444397 -0.186091 0.588674 0.000000
0.004303 246.222198 174.222198 -0.000142 0.619716 0.000000
0.045035 260.444489 210.666702 0.495718 1.271498 2.000000
0.050126 292.444489 240.888901 1.115538 1.054235 2.000000
0.027215 335.111115 258.666687 1.487430 0.619715 2.000000
0.050126 372.444489 263.111115 1.301486 0.154157 2.000000
0.042489 394.666687 246.222198 0.774635 -0.590736 2.000000
0.045035 384.888885 214.222198 -0.341045 -1.118367 2.000000
0.011940 371.555511 192.000000 -0.465010 -0.776957 0.000000
0.024669 351.111115 170.666702 -0.712936 -0.745920 0.000000
0.032306 296.000000 139.555603 -1.921591 -1.087329 0.000000
0.050126 232.888901 131.555603 -2.200511 -0.280363 0.000000
0.045035 163.555603 144.000000 -2.417448 0.433490 0.000000
0.047580 143.111099 162.666702 -0.712940 0.650753 0.000000
0.045035 144.000000 187.555603 0.030849 0.868013 0.000000
0.047580 173.333298 219.555603 1.022563 1.116310 0.000000
0.022123 227.555603 254.222198 1.890319 1.209419 2.000000
0.006849 259.555511 269.333313 1.115535 0.526604 2.000000
0.034852 323.555511 289.777802 2.231218 0.712828 2.000000
0.057763 376.888885 292.444489 1.859326 0.092084 2.000000
0.037397 425.777802 265.777802 1.704370 -0.932145 2.000000
0.039943 434.666687 248.000000 0.309769 -0.621773 2.000000
0.014486 438.222198 204.444397 0.123821 -1.521852 2.000000
0.001757 438.222198 204.444397 -0.000142 -0.001029 2.000000
0.006849 417.777802 165.333298 -0.712936 -1.366664 0.000000
0.039943 402.666687 152.000000 -0.526991 -0.466585 0.000000
0.042489 348.444489 128.888901 -1.890599 -0.807995 0.000000
0.039943 328.888885 123.555603 -0.681948 -0.187250 0.000000
0.073038 248.888901 105.777802 -2.789342 -0.621773 0.000000
0.022123 230.222198 101.333298 -0.650957 -0.156217 0.000000
0.017032 199.111099 95.111107 -1.084831 -0.218288 1.000000
0.001757 199.111099 95.111107 -0.000142 -0.001029 1.000000
0.014486 187.555603 94.222221 -0.403025 -0.032066 2.000000
0.024669 174.222198 97.777779 -0.465011 0.123120 2.000000
0.034852 171.555603 112.888901 -0.093113 0.526604 2.000000
0.060309 181.333298 137.777802 0.340757 0.868013 2.000000
0.034852 206.222198 163.555603 0.867609 0.899050 2.000000
0.034852 242.666702 182.222198 1.270495 0.650750 2.000000
0.057763 303.111115 195.555603 2.107252 0.464532 2.000000
0.014486 319.111115 198.222198 0.557698 0.092080 0.000000
0.006849 331.555511 201.777802 0.433732 0.123122 0.000000
0.052672 341.333313 213.333298 0.340761 0.402453 0.000000
0.034852 330.666687 230.222198 -0.372034 0.588678 0.000000
0.070492 280.000000 253.333298 -1.766636 0.805938 0.000000
0.027215 230.222198 256.000000 -1.735645 0.092084 0.000000
0.014486 206.222198 252.444397 -0.836902 -0.125179 0.000000
0.006849 185.777802 245.333298 -0.712936 -0.249326 1.000000
0.019577 169.777802 232.888901 -0.557982 -0.435547 1.000000
0.004303 157.333298 216.000000 -0.434020 -0.590735 2.000000
0.017032 149.333298 195.555603 -0.279062 -0.714882 2.000000
0.004303 143.111099 171.555603 -0.217079 -0.839032 2.000000
0.014486 138.666702 146.666702 -0.155096 -0.870070 2.000000
0.027215 133.333298 104.000000 -0.186091 -1.490814 2.000000
0.039943 130.666702 79.111107 -0.093113 -0.870070 2.000000
0.039943 125.333298 64.888893 -0.186091 -0.497623 2.000000
0.017032 123.555603 60.444439 -0.062121 -0.156215 2.000000
0.001757 120.888901 57.777779 -0.093117 -0.094140 2.000000
0.014486 120.000000 55.111111 -0.031134 -0.094140 2.000000
0.004303 119.111099 54.222221 -0.031134 -0.032066 0.000000
0.009394 118.222198 53.333328 -0.031134 -0.032066 0.000000
0.034852 118.222198 52.444439 -0.000142 -0.032066 0.000000
0.037397 118.222198 51.555561 -0.000142 -0.032065 0.000000
0.060309 118.222198 49.777779 -0.000142 -0.063103 0.000000
0.039943 116.444397 51.555561 -0.062125 0.061046 0.000000
0.039943 114.666702 55.111111 -0.062121 0.123120 0.000000
0.017032 111.111099 68.444443 -0.124108 0.464529 2.000000
0.009394 111.111099 77.333344 -0.000142 0.309344 2.000000
0.057763 109.333298 102.222198 -0.062125 0.868011 2.000000
0.039943 105.777802 136.888901 -0.124105 1.209423 2.000000
0.032306 104.000000 175.111099 -0.062125 1.333569 2.000000
0.060309 108.444397 216.000000 0.154812 1.426682 2.000000
0.009394 111.111099 224.888901 0.092832 0.309344 2.000000
0.011940 114.666702 232.000000 0.123824 0.247268 1.000000
0.014486 118.222198 240.000000 0.123820 0.278306 1.000000
0.009394 121.777802 247.111099 0.123824 0.247268 0.000000
0.045035 128.888901 260.444489 0.247786 0.464531 0.000000
0.039943 137.777802 269.333313 0.309769 0.309341 0.000000
0.073038 163.555603 268.444489 0.898601 -0.032063 0.000000
0.029760 170.666702 264.000000 0.247786 -0.156216 0.000000
0.042489 186.666702 253.333298 0.557698 -0.373476 0.000000
0.017032 201.777802 243.555603 0.526706 -0.342435 0.000000
0.009394 209.777802 239.111099 0.278778 -0.156217 2.000000
0.039943 228.444397 231.111099 0.650669 -0.280363 2.000000
0.011940 238.222198 227.555603 0.340761 -0.125175 2.000000
0.004303 248.888901 224.000000 0.371752 -0.125179 2.000000
0.017032 258.666687 221.333298 0.340760 -0.094141 2.000000
0.022123 268.444489 218.666702 0.340761 -0.094138 2.000000
0.037397 284.444489 216.888901 0.557698 -0.063104 2.000000
0.057763 298.666687 218.666702 0.495715 0.061047 2.000000
0.037397 304.888885 222.222198 0.216795 0.123118 1.000000
0.045035 313.777802 226.666702 0.309770 0.154159 0.000000
0.045035 323.555511 231.111099 0.340758 0.154156 0.000000
0.047580 341.333313 237.333298 0.619681 0.216231 0.000000
0.045035 351.111115 241.777802 0.340761 0.154159 0.000000
0.045035 358.222198 245.333298 0.247786 0.123118 0.000000
0.042489 366.222198 248.888901 0.278778 0.123122 0.000000
0.019577 375.111115 251.555603 0.309770 0.092084 1.000000
0.011940 380.444489 252.444397 0.185806 0.030005 1.000000
0.017032 385.777802 253.333298 0.185804 0.030009 2.000000
0.011940 392.000000 254.222198 0.216795 0.030009 2.000000
0.042489 404.444489 254.222198 0.433735 -0.001029 2.000000
0.014486 410.666687 254.222198 0.216795 -0.001029 2.000000
0.004303 416.000000 251.555603 0.185804 -0.094138 2.000000
0.014486 422.222198 248.888901 0.216795 -0.094141 2.000000
0.004303 427.555511 244.444397 0.185804 -0.156217 2.000000
0.017032 432.888885 238.222198 0.185806 -0.218288 2.000000
0.004303 438.222198 232.000000 0.185804 -0.218288 2.000000
0.004303 443.555511 225.777802 0.185804 -0.218288 2.000000
0.017032 447.111115 220.444397 0.123824 -0.187254 2.000000
0.004303 450.666687 216.000000 0.123823 -0.156213 1.000000
0.014486 453.333313 213.333298 0.092830 -0.094141 1.000000
0.004303 456.000000 210.666702 0.092832 -0.094138 0.000000
0.019577 457.777802 209.777802 0.061841 -0.032066 0.000000
0.009394 458.666687 208.000000 0.030849 -0.063104 0.000000
0.017032 458.666687 203.555603 -0.000142 -0.156213 0.000000
0.011940 458.666687 203.555603 -0.000142 -0.001029 0.000000
0.017032 449.777802 193.777802 -0.310053 -0.342438 0.000000
0.014486 442.666687 186.666702 -0.248071 -0.249326 0.000000
0.057763 416.000000 155.555603 -0.929876 -1.087329 0.000000
0.047580 398.222198 136.888901 -0.619965 -0.652811 0.000000
0.045035 381.333313 121.777802 -0.588973 -0.528660 1.000000
0.045035 361.777802 109.333298 -0.681945 -0.435551 1.000000
0.034852 336.888885 96.888893 -0.867894 -0.435548 2.000000
0.014486 323.555511 90.666656 -0.465010 -0.218289 2.000000
0.022123 300.444489 80.000000 -0.805908 -0.373474 2.000000
0.001757 300.444489 80.000000 -0.000142 -0.001029 2.000000
0.004303 292.444489 74.666656 -0.279062 -0.187252 2.000000
0.014486 280.888885 68.444443 -0.403028 -0.218288 2.000000
0.004303 280.888885 68.444443 -0.000142 -0.001029 2.000000
0.017032 276.444489 66.666656 -0.155096 -0.063103 2.000000
0.006849 272.000000 64.888893 -0.155099 -0.063102 2.000000
0.017032 261.333313 64.888893 -0.372036 -0.001029 2.000000
0.004303 261.333313 64.888893 -0.000142 -0.001029 2.000000
0.019577 246.222198 64.888893 -0.526991 -0.001029 2.000000
0.001757 246.222198 64.888893 -0.000142 -0.001029 2.000000
0.006849 230.222198 65.777779 -0.557982 0.030009 0.000000
0.014486 230.222198 65.777779 -0.000142 -0.001029 0.000000
0.006849 223.111099 65.777779 -0.248071 -0.001029 0.000000
0.019577 214.222198 65.777779 -0.310054 -0.001029 0.000000
0.006849 211.555603 65.777779 -0.093113 -0.001029 0.000000
0.014486 208.888901 66.666656 -0.093117 0.030008 0.000000
0.004303 208.888901 66.666656 -0.000142 -0.001029 0.000000
0.017032 203.555603 70.222221 -0.186088 0.123120 0.000000
0.006849 200.888901 72.000000 -0.093117 0.061046 0.000000
0.011940 198.222198 75.555557 -0.093117 0.123120 0.000000
0.001757 198.222198 75.555557 -0.000142 -0.001029 0.000000
0.006849 195.555603 80.000000 -0.093113 0.154157 0.000000
0.019577 190.222198 88.888893 -0.186091 0.309343 0.000000
0.006849 188.444397 94.222221 -0.062125 0.185194 0.000000
0.034852 188.444397 99.555557 -0.000142 0.185195 0.000000
0.073038 188.444397 120.888901 -0.000142 0.743864 0.000000
0.027215 188.444397 124.444397 -0.000142 0.123118 0.000000
0.017032 188.444397 132.444397 -0.000142 0.278306 0.000000
0.004303 188.444397 132.444397 -0.000142 -0.001029 0.000000
0.019577 188.444397 139.555603 -0.000142 0.247272 2.000000
0.009394 191.111099 141.333298 0.092832 0.061043 2.000000
0.019577 194.666702 142.222198 0.123824 0.030009 2.000000
0.011940 200.000000 142.222198 0.185803 -0.001029 2.000000
0.017032 206.222198 139.555603 0.216795 -0.094138 2.000000
0.022123 220.444397 129.777802 0.495715 -0.342438 2.000000
0.006849 220.444397 129.777802 -0.000142 -0.001029 2.000000
0.019577 230.222198 117.333298 0.340761 -0.435551 2.000000
0.009394 232.000000 110.222198 0.061841 -0.249326 2.000000
0.019577 232.000000 104.000000 -0.000142 -0.218288 2.000000
0.006849 231.111099 98.666656 -0.031134 -0.187252 2.000000
0.019577 223.111099 90.666656 -0.279062 -0.280363 2.000000
0.006849 223.111099 90.666656 -0.000142 -0.001029 2.000000
0.022123 208.888901 87.111107 -0.495999 -0.125177 1.000000
0.004303 208.888901 87.111107 -0.000142 -0.001029 1.000000
0.006849 200.000000 86.222221 -0.310054 -0.032066 1.000000
0.014486 181.333298 88.000000 -0.650957 0.061046 0.000000
0.006849 181.333298 88.000000 -0.000142 -0.001029 0.000000
0.011940 172.444397 89.777779 -0.310054 0.061046 0.000000
0.001757 166.222198 93.333344 -0.217079 0.123120 0.000000
0.014486 161.777802 97.777779 -0.155096 0.154157 0.000000
0.004303 160.000000 102.222198 -0.062125 0.154156 0.000000
0.004303 160.000000 107.555603 -0.000142 0.185197 0.000000
0.014486 165.333298 111.111099 0.185803 0.123118 0.000000
0.004303 174.222198 113.777802 0.309769 0.092084 0.000000
0.017032 187.555603 114.666702 0.464727 0.030009 0.000000
0.001757 206.222198 113.777802 0.650669 -0.032066 0.000000
0.019577 228.444397 109.333298 0.774635 -0.156217 0.000000
0.022123 278.222198 98.666656 1.735361 -0.373474 0.000000
0.034852 304.000000 96.000000 0.898601 -0.094140 0.000000
0.019577 349.333313 95.111107 1.580404 -0.032066 2.000000
0.009394 367.111115 99.555557 0.619681 0.154158 2.000000
0.055218 389.333313 113.777802 0.774635 0.495567 2.000000
0.045035 394.666687 133.333298 0.185806 0.681787 2.000000
0.045035 386.666687 160.888901 -0.279062 0.961126 2.000000
0.014486 383.111115 168.888901 -0.124107 0.278306 2.000000
0.011940 379.555511 176.888901 -0.124108 0.278306 2.000000
0.057763 371.555511 200.888901 -0.279062 0.836975 1.000000
0.047580 369.777802 217.777802 -0.062122 0.588678 0.000000
0.062855 369.777802 235.555603 -0.000142 0.619716 0.000000
0.009394 369.777802 239.111099 -0.000142 0.123118 0.000000
0.034852 370.666687 240.888901 0.030849 0.061047 0.000000
0.070492 372.444489 239.111099 0.061841 -0.063104 0.000000
0.027215 374.222198 236.444397 0.061838 -0.094141 0.000000
0.032306 377.777802 229.333298 0.123824 -0.249326 0.000000
0.011940 378.666687 226.666702 0.030849 -0.094138 0.000000
0.024669 380.444489 222.222198 0.061841 -0.156217 1.000000
0.062855 382.222198 211.555603 0.061838 -0.373472 1.000000
-0.000788 382.222198 211.555603 -0.000142 -0.001029 2.000000
0.004303 384.000000 206.222198 0.061841 -0.187254 2.000000
0.052672 393.777802 179.555603 0.340761 -0.932141 2.000000
0.029760 400.888885 165.333298 0.247786 -0.497626 2.000000
0.055218 429.333313 115.555603 0.991573 -1.739108 2.000000
0.062855 456.000000 83.555557 0.929592 -1.118369 2.000000
-0.000788 456.000000 83.555557 -0.000142 -0.001029 2.000000
0.001757 462.222198 78.222221 0.216795 -0.187252 2.000000
0.052672 467.555511 72.000000 0.185804 -0.218289 2.000000
0.014486 468.444489 72.000000 0.030852 -0.001029 0.000000
0.006849 468.444489 72.000000 -0.000142 -0.001029 0.000000
0.042489 459.555511 86.222221 -0.310056 0.495566 0.000000
0.050126 450.666687 110.222198 -0.310051 0.836974 0.000000
0.014486 448.000000 125.333298 -0.093116 0.526603 0.000000
-0.000788 447.111115 142.222198 -0.031133 0.588678 0.000000
0.001757 447.111115 142.222198 -0.000142 -0.001029 0.000000
0.011940 446.222198 174.222198 -0.031134 1.116310 0.000000
-0.000788 446.222198 174.222198 -0.000142 -0.001029 0.000000
0.014486 448.000000 204.444397 0.061841 1.054235 0.000000
-0.000788 448.000000 204.444397 -0.000142 -0.001029 0.000000
0.001757 449.777802 218.666702 0.061841 0.495569 0.000000
0.014486 450.666687 232.000000 0.030849 0.464528 0.000000
-0.000788 450.666687 232.000000 -0.000142 -0.001029 0.000000
0.017032 452.444489 256.888885 0.061841 0.868012 1.000000
0.004303 452.444489 266.666687 -0.000142 0.340381 1.000000
0.004303 452.444489 266.666687 -0.000142 -0.001029 2.000000
0.017032 450.666687 280.888885 -0.062125 0.495565 2.000000
0.004303 450.666687 280.888885 -0.000142 -0.001029 2.000000
0.014486 444.444489 288.888885 -0.217079 0.278306 2.000000
0.004303 444.444489 288.888885 -0.000142 -0.001029 2.000000
0.014486 440.000000 290.666687 -0.155099 0.061047 2.000000
0.022123 428.444489 292.444489 -0.403025 0.061047 2.000000
0.065400 406.222198 286.222198 -0.774922 -0.218291 2.000000
0.022123 399.111115 280.000000 -0.248070 -0.218288 2.000000
0.034852 384.888885 263.111115 -0.496000 -0.590735 1.000000
0.014486 376.888885 251.555603 -0.279062 -0.404510 1.000000
0.001757 369.777802 239.111099 -0.248070 -0.435551 0.000000
0.004303 361.777802 226.666702 -0.279062 -0.435547 0.000000
0.050126 344.888885 207.111099 -0.588974 -0.683848 0.000000
0.032306 325.333313 200.000000 -0.681947 -0.249326 0.000000
0.052672 307.555511 201.777802 -0.619965 0.061047 0.000000
0.067946 291.555511 223.111099 -0.557982 0.743862 0.000000
0.022123 286.222198 243.555603 -0.186088 0.712829 0.000000
0.065400 280.000000 270.222198 -0.217079 0.930084 0.000000
0.022123 277.333313 276.444489 -0.093116 0.216234 1.000000
0.022123 268.444489 286.222198 -0.310051 0.340378 2.000000
0.011940 264.000000 288.888885 -0.155099 0.092084 2.000000
0.045035 249.777802 290.666687 -0.495999 0.061047 2.000000
0.039943 231.111099 281.777802 -0.650957 -0.311400 2.000000
0.042489 209.777802 265.777802 -0.743928 -0.559698 2.000000
0.042489 182.222198 244.444397 -0.960868 -0.745923 2.000000
0.075583 120.000000 223.111099 -2.169519 -0.745920 1.000000
0.014486 105.777802 223.111099 -0.495999 -0.001029 0.000000
0.009394 92.444443 225.777802 -0.465010 0.092084 0.000000
0.037397 73.777779 232.000000 -0.650955 0.216231 0.000000
0.027215 68.444443 234.666702 -0.186089 0.092084 0.000000
0.067946 63.111111 239.111099 -0.186089 0.154156 0.000000
0.039943 69.333344 237.333298 0.216796 -0.063104 0.000000
0.024669 88.000000 226.666702 0.650671 -0.373472 0.000000
0.073038 136.000000 200.000000 1.673378 -0.932145 0.000000
0.004303 154.666702 191.111099 0.650672 -0.311401 0.000000
0.024669 187.555603 176.000000 1.146529 -0.528660 1.000000
0.050126 211.555603 168.000000 0.836618 -0.280363 2.000000
0.009394 218.666702 165.333298 0.247786 -0.094141 2.000000
0.052672 221.333298 163.555603 0.092829 -0.063100 2.000000
0.062855 193.777802 162.666702 -0.960864 -0.032066 2.000000
0.047580 162.666702 160.888901 -1.084831 -0.063104 2.000000
0.045035 102.222198 156.444397 -2.107540 -0.156217 2.000000
0.001757 102.222198 156.444397 -0.000142 -0.001029 2.000000
0.024669 57.777779 156.444397 -1.549697 -0.001029 1.000000
0.004303 37.333328 157.333298 -0.712938 0.030009 1.000000
0.022123 18.666670 160.000000 -0.650955 0.092084 0.000000
0.004303 1.777778 163.555603 -0.588973 0.123122 0.000000
0.029760 -23.111111 172.444397 -0.867893 0.309340 0.000000
0.011940 -31.111111 177.777802 -0.279062 0.185197 0.000000
0.029760 -40.000000 189.333298 -0.310053 0.402453 0.000000
0.037397 -40.888889 197.333298 -0.031133 0.278306 0.000000
0.034852 -38.222221 216.000000 0.092831 0.650753 0.000000
0.014486 -32.888889 226.666702 0.185804 0.371419 0.000000
0.034852 -20.444441 245.333298 0.433734 0.650750 0.000000
0.039943 -9.777778 256.000000 0.371751 0.371419 0.000000
0.045035 0.000000 259.555511 0.340760 0.123119 1.000000
0.055218 7.111111 250.666702 0.247787 -0.311398 2.000000
0.024669 11.555560 242.666702 0.154814 -0.280363 2.000000
0.032306 26.666670 221.333298 0.526707 -0.745923 2.000000
0.052672 56.000000 184.888901 1.022564 -1.273551 2.000000
0.011940 64.888893 174.222198 0.309769 -0.373476 2.000000
0.045035 77.333344 154.666702 0.433734 -0.683844 2.000000
0.024669 85.333344 136.888901 0.278778 -0.621773 1.000000
0.022123 88.000000 128.000000 0.092831 -0.311401 1.000000
0.004303 91.555557 118.222198 0.123822 -0.342438 0.000000
0.027215 96.000000 108.444397 0.154813 -0.342438 0.000000
0.004303 101.333298 99.555557 0.185803 -0.311399 0.000000
0.014486 107.555603 90.666656 0.216799 -0.311401 0.000000
0.011940 113.777802 82.666656 0.216795 -0.280363 0.000000
0.022123 125.333298 68.444443 0.402740 -0.497623 0.000000
0.011940 128.888901 63.111111 0.123824 -0.187252 0.000000
0.022123 131.555603 59.555561 0.092832 -0.125177 0.000000
0.009394 133.333298 56.888889 0.061837 -0.094140 0.000000
0.019577 134.222198 54.222221 0.030849 -0.094140 0.000000
0.006849 134.222198 54.222221 -0.000142 -0.001029 0.000000
0.019577 134.222198 53.333328 -0.000142 -0.032066 0.000000
0.011940 134.222198 55.111111 -0.000142 0.061046 1.000000
0.019577 134.222198 60.444439 -0.000142 0.185194 1.000000
0.019577 135.111099 68.444443 0.030849 0.278306 1.000000
0.009394 142.222198 88.000000 0.247786 0.681789 2.000000
0.024669 147.555603 99.555557 0.185807 0.402455 2.000000
0.022123 153.777802 111.111099 0.216795 0.402454 2.000000
0.065400 170.666702 148.444397 0.588689 1.302532 2.000000
0.024669 177.777802 173.333298 0.247786 0.868013 2.000000
0.073038 184.888901 204.444397 0.247786 1.085272 2.000000
0.037397 192.888901 217.777802 0.278778 0.464532 2.000000
0.001757 198.222198 221.333298 0.185803 0.123118 1.000000
0.001757 198.222198 221.333298 -0.000142 -0.001029 1.000000
0.014486 212.444397 222.222198 0.495715 0.030009 1.000000
0.006849 221.333298 220.444397 0.309769 -0.063104 0.000000
0.017032 230.222198 216.888901 0.309769 -0.125175 0.000000
0.006849 239.111099 213.333298 0.309769 -0.125179 0.000000
0.017032 248.000000 208.888901 0.309769 -0.156213 0.000000
0.006849 256.888885 203.555603 0.309769 -0.187250 0.000000
0.017032 264.888885 198.222198 0.278778 -0.187254 0.000000
0.006849 273.777802 193.777802 0.309770 -0.156213 0.000000
0.011940 282.666687 188.444397 0.309769 -0.187254 0.000000
0.001757 292.444489 184.000000 0.340761 -0.156213 0.000000
0.004303 302.222198 179.555603 0.340758 -0.156213 0.000000
0.017032 312.888885 175.111099 0.371752 -0.156217 0.000000
0.001757 312.888885 175.111099 -0.000142 -0.001029 0.000000
0.017032 336.888885 168.000000 0.836618 -0.249326 0.000000
0.004303 348.444489 165.333298 0.402744 -0.094141 0.000000
0.006849 348.444489 165.333298 -0.000142 -0.001029 0.000000
0.017032 368.000000 160.000000 0.681661 -0.187250 1.000000
0.006849 376.000000 157.333298 0.278778 -0.094141 1.000000
0.014486 383.111115 155.555603 0.247787 -0.063100 1.000000
0.001757 383.111115 155.555603 -0.000142 -0.001029 2.000000
0.014486 390.222198 152.000000 0.247786 -0.125179 2.000000
-0.000788 397.333313 148.444397 0.247787 -0.125179 2.000000
0.001757 404.444489 144.000000 0.247789 -0.156213 2.000000
0.011940 410.666687 139.555603 0.216795 -0.156213 2.000000
0.001757 416.888885 135.111099 0.216795 -0.156217 2.000000
0.011940 422.222198 131.555603 0.185804 -0.125175 2.000000
0.001757 422.222198 131.555603 -0.000142 -0.001029 2.000000
0.004303 426.666687 128.000000 0.154815 -0.125179 2.000000
0.014486 429.333313 125.333298 0.092830 -0.094141 2.000000
0.004303 431.111115 124.444397 0.061841 -0.032066 2.000000
0.014486 432.000000 123.555603 0.030849 -0.032062 2.000000
0.019577 432.000000 121.777802 -0.000142 -0.063104 2.000000
0.065400 411.555511 116.444397 -0.712939 -0.187254 1.000000
0.024669 400.000000 116.444397 -0.403025 -0.001029 1.000000
0.014486 387.555511 116.444397 -0.434019 -0.001029 0.000000
0.032306 363.555511 122.666702 -0.836902 0.216235 0.000000
0.022123 352.000000 128.888901 -0.403025 0.216231 0.000000
0.075583 313.777802 184.888901 -1.332759 1.954314 0.000000
0.039943 297.777802 224.888901 -0.557982 1.395644 0.000000
0.042489 285.333313 262.222198 -0.434019 1.302532 0.000000
0.004303 281.777802 278.222198 -0.124105 0.557641 0.000000
0.017032 279.111115 291.555511 -0.093116 0.464528 0.000000
0.034852 277.333313 311.111115 -0.062125 0.681791 1.000000
0.037397 277.333313 320.888885 -0.000142 0.340380 1.000000
0.014486 277.333313 322.666687 -0.000142 0.061047 2.000000
0.037397 277.333313 320.888885 -0.000142 -0.063104 2.000000
0.039943 280.000000 306.666687 0.092832 -0.497623 2.000000
0.024669 282.666687 295.111115 0.092832 -0.404512 2.000000
0.067946 294.222198 233.777802 0.402741 -2.142593 2.000000
0.050126 299.555511 152.888901 0.185804 -2.825412 2.000000
0.022123 296.888885 133.333298 -0.093114 -0.683848 2.000000
0.014486 284.444489 111.111099 -0.434016 -0.776957 1.000000
0.006849 284.444489 111.111099 -0.000142 -0.001029 1.000000
0.011940 264.888885 103.111099 -0.681948 -0.280363 0.000000
0.004303 264.888885 103.111099 -0.000142 -0.001029 0.000000
0.011940 253.333298 103.111099 -0.403028 -0.001029 0.000000
0.022123 225.777802 108.444397 -0.960864 0.185193 0.000000
0.067946 186.666702 137.777802 -1.363751 1.023201 0.000000
0.024669 164.444397 168.888901 -0.774923 1.085272 0.000000
0.011940 164.444397 168.888901 -0.000142 -0.001029 0.000000
0.037397 147.555603 200.000000 -0.588970 1.085272 0.000000
0.050126 142.222198 236.444397 -0.186091 1.271494 0.000000
0.017032 146.666702 245.333298 0.154815 0.309344 1.000000
0.062855 177.777802 254.222198 1.084546 0.309344 2.000000
0.052672 241.777802 234.666702 2.231218 -0.683844 2.000000
0.001757 241.777802 234.666702 -0.000142 -0.001029 2.000000
-0.000788 269.333313 227.555603 0.960581 -0.249326 2.000000
0.011940 299.555511 222.222198 1.053555 -0.187254 2.000000
0.001757 299.555511 222.222198 -0.000142 -0.001029 2.000000
0.009394 357.333313 217.777802 2.014281 -0.156213 2.000000
0.001757 357.333313 217.777802 -0.000142 -0.001029 2.000000
0.004303 384.000000 217.777802 0.929592 -0.001029 2.000000
0.014486 407.111115 219.555603 0.805627 0.061047 2.000000
0.001757 427.555511 222.222198 0.712652 0.092080 2.000000
0.017032 444.444489 224.888901 0.588692 0.092084 2.000000
0.004303 458.666687 228.444397 0.495715 0.123118 2.000000
0.022123 469.333313 232.888901 0.371750 0.154159 1.000000
0.001757 476.444489 236.444397 0.247789 0.123118 1.000000
0.006849 481.777802 240.000000 0.185804 0.123122 1.000000
0.017032 484.444489 243.555603 0.092832 0.123122 0.000000
0.001757 484.444489 246.222198 -0.000142 0.092080 0.000000
0.014486 481.777802 248.888901 -0.093116 0.092084 0.000000
0.004303 476.444489 248.888901 -0.186088 -0.001029 0.000000
0.017032 468.444489 248.888901 -0.279062 -0.001029 0.000000
0.037397 449.777802 241.777802 -0.650956 -0.249326 0.000000
0.029760 430.222198 229.333298 -0.681948 -0.435551 0.000000
0.067946 403.555511 204.444397 -0.929876 -0.870070 0.000000
0.024669 396.444489 196.444397 -0.248068 -0.280363 1.000000
0.067946 380.444489 184.888901 -0.557982 -0.404510 1.000000
0.039943 370.666687 186.666702 -0.341045 0.061047 2.000000
0.024669 360.888885 200.888901 -0.341045 0.495565 2.000000
0.073038 348.444489 246.222198 -0.434016 1.581866 2.000000
0.034852 342.222198 281.777802 -0.217082 1.240460 2.000000
0.024669 339.555511 298.666687 -0.093116 0.588678 2.000000
0.011940 334.222198 328.000000 -0.186088 1.023198 2.000000
0.001757 334.222198 328.000000 -0.000142 -0.001029 2.000000
0.014486 331.555511 340.444489 -0.093116 0.433493 2.000000
0.001757 328.000000 352.000000 -0.124105 0.402453 1.000000
0.009394 323.555511 360.888885 -0.155099 0.309343 1.000000
0.029760 313.777802 373.333313 -0.341042 0.433491 0.000000
0.011940 310.222198 375.111115 -0.124108 0.061047 0.000000
0.024669 305.777802 375.111115 -0.155096 -0.001029 0.000000
0.067946 294.222198 359.111115 -0.403028 -0.559698 0.000000
0.024669 283.555511 328.000000 -0.372036 -1.087330 0.000000
0.067946 252.444397 256.888885 -1.084831 -2.484003 0.000000
0.024669 237.333298 233.777802 -0.526991 -0.807994 0.000000
0.014486 220.444397 215.111099 -0.588974 -0.652811 0.000000
0.034852 166.222198 187.555603 -1.890599 -0.963179 1.000000
0.034852 149.333298 186.666702 -0.588974 -0.032066 1.000000
0.001757 133.333298 186.666702 -0.557982 -0.001029 2.000000
0.034852 104.888901 194.666702 -0.991856 0.278306 2.000000
0.001757 104.888901 194.666702 -0.000142 -0.001029 2.000000
-0.000788 94.222221 200.888901 -0.372036 0.216231 2.000000
0.067946 72.000000 230.222198 -0.774920 1.023197 2.000000
0.050126 64.888893 256.888885 -0.248071 0.930087 2.000000
0.017032 64.000000 284.444489 -0.031133 0.961126 2.000000
0.022123 65.777779 296.000000 0.061840 0.402453 2.000000
0.019577 69.333344 305.777802 0.123823 0.340381 2.000000
0.006849 78.222221 320.000000 0.309769 0.495565 1.000000
0.024669 81.777779 324.444489 0.123822 0.154159 0.000000
0.039943 88.000000 329.777802 0.216796 0.185194 0.000000
0.001757 88.888893 330.666687 0.030849 0.030009 0.000000
0.009394 89.777779 330.666687 0.030849 -0.001029 0.000000
0.073038 90.666656 330.666687 0.030849 -0.001029 0.000000
0.039943 90.666656 328.000000 -0.000142 -0.094141 0.000000
0.042489 90.666656 316.444489 -0.000142 -0.404510 0.000000
0.037397 90.666656 297.777802 -0.000142 -0.652810 0.000000
0.027215 87.111107 269.333313 -0.124106 -0.994220 1.000000
0.067946 71.111107 216.000000 -0.557982 -1.863258 1.000000
0.039943 58.666672 186.666702 -0.434017 -1.025254 2.000000
0.004303 58.666672 186.666702 -0.000142 -0.001029 2.000000
0.009394 53.333328 176.888901 -0.186089 -0.342438 2.000000
0.078129 36.444439 152.888901 -0.588973 -0.839032 2.000000
0.039943 33.777779 150.222198 -0.093115 -0.094141 2.000000
0.039943 34.666672 150.222198 0.030849 -0.001029 2.000000
0.042489 46.222221 158.222198 0.402742 0.278306 2.000000
0.047580 69.333344 170.666702 0.805627 0.433494 0.000000
0.027215 102.222198 183.111099 1.146528 0.433490 0.000000
0.062855 168.888901 205.333298 2.324192 0.774900 0.000000
0.022123 191.111099 212.444397 0.774635 0.247268 0.000000
0.017032 210.666702 218.666702 0.681664 0.216235 0.000000
0.039943 248.888901 226.666702 1.332475 0.278306 0.000000
0.034852 254.222198 226.666702 0.185803 -0.001029 0.000000
0.022123 256.000000 219.555603 0.061841 -0.249326 0.000000
0.014486 253.333298 212.444397 -0.093117 -0.249329 0.000000
0.001757 248.000000 202.666702 -0.186088 -0.342435 0.000000
0.017032 241.777802 191.111099 -0.217079 -0.404514 1.000000
0.006849 234.666702 176.888901 -0.248071 -0.497623 1.000000
0.017032 228.444397 160.000000 -0.217083 -0.590735 1.000000
0.006849 221.333298 140.444397 -0.248071 -0.683848 2.000000
0.022123 214.222198 120.888901 -0.248071 -0.683844 2.000000
0.004303 208.000000 102.222198 -0.217079 -0.652811 2.000000
0.019577 192.888901 72.888893 -0.526991 -1.025254 2.000000
0.006849 192.888901 72.888893 -0.000142 -0.001029 2.000000
0.019577 176.000000 56.888889 -0.588974 -0.559698 2.000000
0.014486 166.222198 52.444439 -0.341045 -0.156215 2.000000
0.022123 156.444397 50.666672 -0.341045 -0.063103 2.000000
0.014486 146.666702 49.777779 -0.341041 -0.032066 2.000000
0.067946 125.333298 56.000000 -0.743931 0.216232 1.000000
0.052672 121.777802 63.111111 -0.124105 0.247269 0.000000
0.050126 120.000000 73.777779 -0.062125 0.371418 0.000000
0.006849 119.111099 78.222221 -0.031134 0.154157 0.000000
0.060309 113.777802 89.777779 -0.186088 0.402455 0.000000
0.052672 113.777802 95.111107 -0.000142 0.185194 0.000000
0.042489 128.000000 105.777802 0.495715 0.371419 0.000000
0.039943 147.555603 114.666702 0.681664 0.309344 0.000000
0.065400 188.444397 123.555603 1.425446 0.309344 1.000000
0.039943 225.777802 124.444397 1.301487 0.030005 1.000000
0.037397 265.777802 121.777802 1.394458 -0.094138 2.000000
0.001757 265.777802 121.777802 -0.000142 -0.001029 2.000000
0.019577 304.000000 119.111099 1.332475 -0.094141 2.000000
0.042489 336.000000 119.111099 1.115538 -0.001029 2.000000
0.045035 358.222198 127.111099 0.774635 0.278306 2.000000
0.042489 369.777802 140.444397 0.402744 0.464528 2.000000
0.032306 374.222198 157.333298 0.154812 0.588678 2.000000
0.014486 374.222198 165.333298 -0.000142 0.278306 2.000000
0.009394 371.555511 174.222198 -0.093116 0.309344 1.000000
0.014486 368.000000 183.111099 -0.124105 0.309344 1.000000
0.009394 363.555511 192.888901 -0.155099 0.340381 0.000000
0.017032 354.666687 214.222198 -0.310051 0.743862 0.000000
0.039943 345.777802 239.111099 -0.310053 0.868013 0.000000
0.045035 342.222198 262.222198 -0.124108 0.805938 0.000000
0.019577 342.222198 270.222198 -0.000142 0.278306 0.000000
-0.005880 342.222198 270.222198 -0.000142 -0.001029 0.000000
0.001757 342.222198 276.444489 -0.000142 0.216234 0.000000
0.001757 343.111115 280.000000 0.030850 0.123119 0.000000
0.017032 344.888885 280.888885 0.061840 0.030009 0.000000
0.006849 348.444489 280.000000 0.123824 -0.032066 0.000000
0.017032 352.000000 275.555511 0.123821 -0.156216 0.000000
0.006849 357.333313 268.444489 0.185804 -0.249323 0.000000
0.019577 368.888885 248.000000 0.402743 -0.714885 0.000000
0.004303 368.888885 248.000000 -0.000142 -0.001029 0.000000
0.022123 382.222198 218.666702 0.464724 -1.025254 1.000000
0.006849 388.444489 201.777802 0.216798 -0.590735 1.000000
0.019577 392.000000 184.000000 0.123821 -0.621773 2.000000
0.004303 394.666687 168.000000 0.092832 -0.559698 2.000000
0.017032 394.666687 154.666702 -0.000142 -0.466585 2.000000
0.006849 392.888885 144.000000 -0.062125 -0.373476 2.000000
0.019577 388.444489 134.222198 -0.155096 -0.342438 2.000000
0.042489 374.222198 120.000000 -0.496002 -0.497623 2.000000
0.057763 352.888885 104.000000 -0.743928 -0.559698 2.000000
0.032306 342.222198 96.000000 -0.372036 -0.280363 2.000000
0.052672 333.333313 89.777779 -0.310053 -0.218289 2.000000
0.004303 331.555511 88.000000 -0.062125 -0.063103 1.000000
0.017032 329.777802 87.111107 -0.062122 -0.032066 1.000000
0.004303 328.888885 86.222221 -0.031134 -0.032066 0.000000
0.001757 328.888885 86.222221 -0.000142 -0.001029 0.000000
0.011940 330.666687 86.222221 0.061841 -0.001029 0.000000
0.004303 335.111115 87.111107 0.154813 0.030009 0.000000
0.014486 342.222198 88.888893 0.247786 0.061046 0.000000
0.001757 351.111115 91.555557 0.309770 0.092083 0.000000
0.017032 362.666687 94.222221 0.402743 0.092083 0.000000
0.004303 375.111115 96.000000 0.433733 0.061046 0.000000
0.004303 375.111115 96.000000 -0.000142 -0.001029 0.000000
0.014486 400.888885 100.444397 0.898600 0.154156 0.000000
0.004303 400.888885 100.444397 -0.000142 -0.001029 0.000000
0.019577 426.666687 104.888901 0.898601 0.154159 0.000000
0.006849 439.111115 107.555603 0.433733 0.092084 0.000000
0.017032 450.666687 112.000000 0.402743 0.154156 0.000000
0.004303 450.666687 112.000000 -0.000142 -0.001029 0.000000
0.014486 469.333313 122.666702 0.650670 0.371419 0.000000
0.001757 469.333313 122.666702 -0.000142 -0.001029 0.000000
0.004303 476.444489 131.555603 0.247789 0.309344 1.000000
0.017032 481.777802 141.333298 0.185804 0.340378 1.000000
0.039943 482.666687 183.111099 0.030849 1.457720 1.000000
0.004303 482.666687 183.111099 -0.000142 -0.001029 2.000000
0.014486 476.444489 198.222198 -0.217079 0.526603 2.000000
0.052672 446.222198 237.333298 -1.053842 1.364607 2.000000
0.047580 417.777802 253.333298 -0.991856 0.557641 2.000000
0.032306 388.444489 262.222198 -1.022848 0.309344 2.000000
0.042489 360.000000 269.333313 -0.991859 0.247269 2.000000
0.004303 344.888885 275.555511 -0.526991 0.216231 1.000000
0.039943 315.555511 289.777802 -1.022850 0.495569 1.000000
0.011940 302.222198 296.888885 -0.465008 0.247268 0.000000
0.014486 291.555511 304.000000 -0.372036 0.247269 0.000000
0.042489 275.555511 314.666687 -0.557982 0.371418 0.000000
0.045035 269.333313 320.000000 -0.217079 0.185194 0.000000
0.039943 271.111115 320.000000 0.061841 -0.001029 0.000000
0.042489 279.111115 317.333313 0.278778 -0.094141 0.000000
0.042489 290.666687 309.333313 0.402743 -0.280363 0.000000
0.037397 302.222198 296.888885 0.402741 -0.435548 0.000000
0.060309 322.666687 268.444489 0.712655 -0.994217 1.000000
0.034852 339.555511 248.000000 0.588687 -0.714885 2.000000
0.050126 359.111115 230.222198 0.681664 -0.621773 2.000000
0.047580 377.777802 221.333298 0.650672 -0.311401 2.000000
0.014486 392.000000 220.444397 0.495715 -0.032066 2.000000
0.014486 396.444489 224.000000 0.154815 0.123122 2.000000
0.032306 399.111115 229.333298 0.092830 0.185193 2.000000
0.052672 392.888885 261.333313 -0.217080 1.116310 2.000000
0.055218 366.222198 304.000000 -0.929876 1.488757 0.000000
0.037397 358.222198 317.333313 -0.279062 0.464528 0.000000
0.032306 344.000000 341.333313 -0.495999 0.836975 0.000000
0.024669 332.444489 364.444489 -0.403025 0.805940 0.000000
0.014486 326.222198 376.000000 -0.217082 0.402453 0.000000
0.039943 311.111115 397.333313 -0.526990 0.743863 0.000000
0.047580 293.333313 413.333313 -0.619965 0.557641 0.000000
0.045035 278.222198 419.555511 -0.526991 0.216231 0.000000
0.006849 272.888885 418.666687 -0.186088 -0.032063 0.000000
0.022123 267.555511 405.333313 -0.186090 -0.466588 0.000000
0.006849 266.666687 392.000000 -0.031131 -0.466585 1.000000
0.019577 265.777802 375.111115 -0.031133 -0.590735 2.000000
0.006849 265.777802 353.777802 -0.000142 -0.745920 2.000000
0.019577 265.777802 328.888885 -0.000142 -0.870070 2.000000
0.004303 264.888885 302.222198 -0.031134 -0.932145 2.000000
0.019577 264.000000 275.555511 -0.031133 -0.932145 2.000000
0.001757 261.333313 250.666702 -0.093116 -0.870067 2.000000
0.019577 250.666702 215.111099 -0.372034 -1.242517 2.000000
0.004303 250.666702 215.111099 -0.000142 -0.001029 2.000000
0.022123 234.666702 195.555603 -0.557982 -0.683844 2.000000
0.004303 234.666702 195.555603 -0.000142 -0.001029 2.000000
0.019577 218.666702 185.777802 -0.557982 -0.342438 2.000000
0.060309 205.333298 180.444397 -0.465011 -0.187254 2.000000
0.009394 192.888901 178.666702 -0.434016 -0.063100 1.000000
0.017032 185.777802 178.666702 -0.248071 -0.001029 1.000000
0.006849 177.777802 179.555603 -0.279062 0.030009 0.000000
0.017032 168.888901 182.222198 -0.310054 0.092080 0.000000
0.039943 146.666702 190.222198 -0.774919 0.278306 0.000000
0.042489 126.222198 201.777802 -0.712940 0.402456 0.000000
0.042489 112.000000 219.555603 -0.495999 0.619716 0.000000
0.039943 103.111099 244.444397 -0.310054 0.868009 0.000000
0.060309 94.222221 284.444489 -0.310053 1.395648 0.000000
0.032306 87.111107 312.000000 -0.248071 0.961122 0.000000
0.024669 82.666656 327.111115 -0.155098 0.526604 2.000000
0.014486 77.333344 343.111115 -0.186088 0.557641 2.000000
0.032306 70.222221 373.333313 -0.248071 1.054235 2.000000
0.047580 69.333344 393.777802 -0.031133 0.712828 2.000000
0.050126 75.555557 400.000000 0.216795 0.216231 2.000000
-0.000788 75.555557 400.000000 -0.000142 -0.001029 2.000000
-0.000788 80.888893 393.777802 0.185805 -0.218288 2.000000
0.011940 88.000000 384.000000 0.247787 -0.342438 2.000000
0.001757 97.777779 369.777802 0.340760 -0.497623 2.000000
0.017032 109.333298 352.000000 0.402741 -0.621773 2.000000
0.001757 124.444397 330.666687 0.526706 -0.745920 2.000000
0.004303 124.444397 330.666687 -0.000142 -0.001029 2.000000
0.017032 162.666702 279.111115 1.332479 -1.801185 1.000000
0.004303 184.000000 251.555603 0.743643 -0.963179 1.000000
0.014486 206.222198 226.666702 0.774635 -0.870070 0.000000
0.001757 206.222198 226.666702 -0.000142 -0.001029 0.000000
0.014486 251.555603 187.555603 1.580407 -1.366664 0.000000
0.001757 251.555603 187.555603 -0.000142 -0.001029 0.000000
0.022123 289.777802 162.666702 1.332475 -0.870070 0.000000
0.004303 289.777802 162.666702 -0.000142 -0.001029 0.000000
0.022123 320.000000 145.777802 1.053555 -0.590735 0.000000
0.004303 333.333313 139.555603 0.464724 -0.218288 0.000000
0.024669 344.000000 136.000000 0.371752 -0.125179 0.000000
0.004303 352.888885 134.222198 0.309769 -0.063104 0.000000
0.022123 368.000000 133.333298 0.526707 -0.032066 0.000000
0.001757 368.000000 133.333298 -0.000142 -0.001029 0.000000
0.022123 379.555511 136.888901 0.402741 0.123122 0.000000
0.001757 385.777802 141.333298 0.216798 0.154156 0.000000
0.009394 392.000000 145.777802 0.216795 0.154159 1.000000
0.017032 397.333313 151.111099 0.185804 0.185193 1.000000
0.034852 407.111115 160.000000 0.340761 0.309344 1.000000
0.011940 411.555511 164.444397 0.154812 0.154156 2.000000
0.022123 416.888885 168.000000 0.185806 0.123122 2.000000
0.009394 420.444489 170.666702 0.123824 0.092084 2.000000
0.019577 424.000000 172.444397 0.123821 0.061043 2.000000
0.037397 428.444489 173.333298 0.154815 0.030009 2.000000
0.042489 424.888885 165.333298 -0.124108 -0.280363 2.000000
0.045035 411.555511 151.111099 -0.465010 -0.497623 2.000000
0.042489 391.111115 132.444397 -0.712936 -0.652811 2.000000
0.004303 378.666687 122.666702 -0.434017 -0.342435 1.000000
0.017032 365.333313 113.777802 -0.465010 -0.311401 1.000000
0.004303 351.111115 104.888901 -0.495999 -0.311401 0.000000
0.037397 322.666687 88.000000 -0.991857 -0.590735 0.000000
0.006849 322.666687 88.000000 -0.000142 -0.001029 0.000000
0.014486 294.222198 73.777779 -0.991859 -0.497623 0.000000
0.039943 266.666687 64.888893 -0.960865 -0.311400 0.000000
0.045035 243.555603 62.222221 -0.805910 -0.094140 0.000000
0.052672 227.555603 64.000000 -0.557982 0.061046 0.000000
0.034852 219.555603 74.666656 -0.279062 0.371417 0.000000
0.050126 216.888901 108.444397 -0.093117 1.178383 1.000000
0.034852 216.000000 141.333298 -0.031134 1.147347 1.000000
0.052672 211.555603 174.222198 -0.155096 1.147347 2.000000
-0.003334 208.000000 189.333298 -0.124108 0.526603 2.000000
0.001757 208.000000 189.333298 -0.000142 -0.001029 2.000000
0.014486 203.555603 203.555603 -0.155096 0.495569 2.000000
0.001757 198.222198 216.000000 -0.186091 0.433490 2.000000
0.014486 192.000000 227.555603 -0.217079 0.402456 2.000000
0.001757 184.888901 238.222198 -0.248071 0.371415 2.000000
0.001757 178.666702 246.222198 -0.217079 0.278306 2.000000
0.014486 172.444397 253.333298 -0.217083 0.247268 2.000000
0.004303 172.444397 253.333298 -0.000142 -0.001029 2.000000
0.014486 163.555603 262.222198 -0.310050 0.309344 2.000000
0.001757 163.555603 262.222198 -0.000142 -0.001029 2.000000
0.001757 158.222198 264.888885 -0.186091 0.092084 2.000000
0.011940 152.000000 266.666687 -0.217079 0.061047 2.000000
0.001757 144.888901 267.555511 -0.248071 0.030006 2.000000
0.017032 123.555603 267.555511 -0.743928 -0.001029 1.000000
0.006849 123.555603 267.555511 -0.000142 -0.001029 1.000000
0.011940 111.111099 265.777802 -0.434020 -0.063101 1.000000
0.001757 98.666656 263.111115 -0.434018 -0.094141 0.000000
0.004303 86.222221 258.666687 -0.434017 -0.156214 0.000000
0.019577 76.444443 252.444397 -0.341044 -0.218291 0.000000
0.004303 67.555557 244.444397 -0.310053 -0.280363 0.000000
0.014486 59.555561 234.666702 -0.279062 -0.342435 0.000000
0.001757 54.222221 223.111099 -0.186089 -0.404514 0.000000
0.004303 54.222221 223.111099 -0.000142 -0.001029 0.000000
0.011940 48.888889 203.555603 -0.186089 -0.683844 0.000000
0.004303 48.888889 203.555603 -0.000142 -0.001029 0.000000
0.017032 47.111111 191.111099 -0.062124 -0.435551 0.000000
0.001757 47.111111 191.111099 -0.000142 -0.001029 0.000000
0.017032 45.333328 184.000000 -0.062125 -0.249326 0.000000
0.011940 45.333328 184.000000 -0.000142 -0.001029 0.000000
0.019577 45.333328 181.333298 -0.000142 -0.094141 0.000000
0.006849 45.333328 180.444397 -0.000142 -0.032066 0.000000
0.019577 45.333328 178.666702 -0.000142 -0.063100 1.000000
0.045035 52.444439 168.888901 0.247787 -0.342438 1.000000
0.045035 80.888893 144.888901 0.991574 -0.839032 2.000000
0.042489 110.222198 129.777802 1.022563 -0.528660 2.000000
0.039943 141.333298 120.000000 1.084546 -0.342438 2.000000
0.042489 168.888901 114.666702 0.960584 -0.187250 2.000000
0.060309 200.000000 113.777802 1.084546 -0.032066 2.000000
0.039943 214.222198 114.666702 0.495715 0.030009 2.000000
0.006849 218.666702 116.444397 0.154815 0.061043 0.000000
0.017032 222.222198 118.222198 0.123820 0.061047 0.000000
0.001757 224.888901 120.888901 0.092832 0.092084 0.000000
0.014486 227.555603 124.444397 0.092832 0.123118 0.000000
0.055218 234.666702 136.000000 0.247786 0.402456 0.000000
0.034852 245.333298 153.777802 0.371749 0.619716 0.000000
-0.000788 250.666702 163.555603 0.185807 0.340381 0.000000
0.034852 262.222198 182.222198 0.402740 0.650750 0.000000
0.052672 272.000000 199.111099 0.340761 0.588678 0.000000
0.001757 276.444489 206.222198 0.154815 0.247268 0.000000
0.017032 279.111115 214.222198 0.092830 0.278306 0.000000
-0.000788 280.888885 222.222198 0.061840 0.278306 1.000000
0.034852 283.555511 239.111099 0.092830 0.588678 1.000000
0.032306 285.333313 257.777802 0.061841 0.650753 2.000000
0.022123 286.222198 267.555511 0.030849 0.340378 2.000000
0.014486 286.222198 276.444489 -0.000142 0.309346 2.000000
0.034852 286.222198 291.555511 -0.000142 0.526600 2.000000
0.060309 282.666687 309.333313 -0.124105 0.619716 2.000000
0.039943 278.222198 319.111115 -0.155099 0.340381 2.000000
0.004303 275.555511 323.555511 -0.093116 0.154156 2.000000
0.019577 273.777802 327.111115 -0.062122 0.123122 2.000000
0.004303 272.000000 331.555511 -0.062125 0.154156 2.000000
0.019577 270.222198 335.111115 -0.062125 0.123122 0.000000
0.006849 269.333313 338.666687 -0.031133 0.123121 0.000000
0.017032 269.333313 341.333313 -0.000142 0.092082 0.000000
0.006849 269.333313 343.111115 -0.000142 0.061047 0.000000
0.017032 269.333313 344.888885 -0.000142 0.061046 0.000000
0.001757 271.111115 344.888885 0.061841 -0.001029 0.000000
0.006849 273.777802 344.888885 0.092832 -0.001029 0.000000
0.014486 277.333313 344.888885 0.123821 -0.001029 0.000000
0.006849 282.666687 343.111115 0.185806 -0.063103 0.000000
0.014486 288.888885 338.666687 0.216795 -0.156214 0.000000
0.011940 296.000000 332.444489 0.247787 -0.218288 0.000000
0.014486 303.111115 325.333313 0.247787 -0.249328 0.000000
0.004303 312.000000 316.444489 0.309769 -0.311398 0.000000
0.014486 319.111115 305.777802 0.247787 -0.373475 0.000000
0.057763 331.555511 274.666687 0.433732 -1.087330 1.000000
0.037397 325.333313 256.888885 -0.217079 -0.621773 1.000000
0.019577 317.333313 249.777802 -0.279062 -0.249325 2.000000
0.014486 306.666687 243.555603 -0.372034 -0.218288 2.000000
0.032306 277.333313 234.666702 -1.022850 -0.311401 2.000000
0.057763 219.555603 225.777802 -2.014562 -0.311401 2.000000
0.034852 199.111099 225.777802 -0.712940 -0.001029 2.000000
0.019577 156.444397 229.333298 -1.487717 0.123118 2.000000
0.014486 133.333298 235.555603 -0.805911 0.216235 2.000000
0.034852 90.666656 251.555603 -1.487715 0.557641 2.000000
0.001757 74.666656 258.666687 -0.557982 0.247268 1.000000
0.039943 57.777779 269.333313 -0.588973 0.371416 0.000000
0.032306 56.888889 271.111115 -0.031133 0.061047 0.000000
0.050126 77.333344 267.555511 0.712654 -0.125179 0.000000
0.032306 112.888901 253.333298 1.239502 -0.497623 0.000000
0.055218 160.888901 235.555603 1.673378 -0.621769 0.000000
0.001757 189.333298 226.666702 0.991572 -0.311401 0.000000
0.019577 218.666702 218.666702 1.022567 -0.280363 0.000000
0.001757 248.000000 213.333298 1.022563 -0.187254 0.000000
0.004303 275.555511 209.777802 0.960581 -0.125175 0.000000
0.011940 300.444489 208.000000 0.867612 -0.063104 0.000000
-0.000788 300.444489 208.000000 -0.000142 -0.001029 0.000000
0.017032 343.111115 205.333298 1.487430 -0.094141 1.000000
0.001757 343.111115 205.333298 -0.000142 -0.001029 1.000000
-0.000788 361.777802 203.555603 0.650672 -0.063100 1.000000
0.011940 377.777802 202.666702 0.557698 -0.032066 2.000000
0.001757 391.111115 200.888901 0.464724 -0.063104 2.000000
-0.003334 391.111115 200.888901 -0.000142 -0.001029 2.000000
0.019577 412.444489 200.000000 0.743646 -0.032066 2.000000
0.006849 412.444489 200.000000 -0.000142 -0.001029 2.000000
0.014486 427.555511 200.000000 0.526704 -0.001029 2.000000
0.006849 432.000000 200.000000 0.154815 -0.001029 2.000000
0.019577 436.444489 200.000000 0.154815 -0.001029 2.000000
0.039943 442.666687 201.777802 0.216795 0.061047 2.000000
0.042489 448.000000 201.777802 0.185804 -0.001029 2.000000
0.047580 462.222198 196.444397 0.495715 -0.187254 1.000000
0.011940 462.222198 196.444397 -0.000142 -0.001029 1.000000
0.017032 476.444489 191.111099 0.495718 -0.187250 0.000000
0.042489 493.333313 185.777802 0.588687 -0.187250 0.000000
0.062855 516.444519 182.222198 0.805630 -0.125179 0.000000
0.006849 524.444519 182.222198 0.278778 -0.001029 0.000000
0.024669 530.666687 182.222198 0.216794 -0.001029 0.000000
0.017032 536.888916 182.222198 0.216796 -0.001029 0.000000
0.060309 552.000000 179.555603 0.526706 -0.094138 0.000000
0.037397 558.222229 172.444397 0.216796 -0.249329 0.000000
0.034852 559.111084 160.888901 0.030848 -0.404510 0.000000
0.060309 553.777771 142.222198 -0.186088 -0.652811 2.000000
0.042489 546.666687 130.666702 -0.248070 -0.404510 2.000000
0.042489 534.222229 118.222198 -0.434018 -0.435551 2.000000
0.037397 512.888916 104.888901 -0.743928 -0.466585 2.000000
0.039943 483.555511 88.888893 -1.022851 -0.559698 2.000000
0.042489 448.000000 75.555557 -1.239785 -0.466586 2.000000
0.062855 402.666687 67.555557 -1.580688 -0.280363 2.000000
0.006849 391.111115 67.555557 -0.403027 -0.001029 1.000000
0.017032 382.222198 68.444443 -0.310054 0.030009 1.000000
0.004303 374.222198 71.111107 -0.279062 0.092083 0.000000
0.017032 367.111115 74.666656 -0.248070 0.123120 0.000000
0.001757 361.777802 78.222221 -0.186088 0.123120 0.000000
0.019577 357.333313 82.666656 -0.155099 0.154157 0.000000
0.001757 352.888885 86.222221 -0.155097 0.123120 0.000000
0.004303 347.555511 89.777779 -0.186090 0.123120 0.000000
0.011940 341.333313 95.111107 -0.217079 0.185194 0.000000
0.001757 341.333313 95.111107 -0.000142 -0.001029 0.000000
0.017032 321.777802 111.111099 -0.681945 0.557640 0.000000
0.001757 321.777802 111.111099 -0.000142 -0.001029 0.000000
0.004303 306.666687 123.555603 -0.526991 0.433494 0.000000
0.011940 289.777802 136.888901 -0.588973 0.464528 0.000000
0.004303 273.777802 150.222198 -0.557982 0.464528 0.000000
0.014486 260.444489 161.777802 -0.465008 0.402456 0.000000
0.001757 250.666702 171.555603 -0.341045 0.340381 0.000000
0.014486 245.333298 178.666702 -0.186091 0.247268 0.000000
0.001757 241.777802 183.111099 -0.124105 0.154156 0.000000
0.006849 241.777802 184.000000 -0.000142 0.030009 0.000000
0.017032 241.777802 184.000000 -0.000142 -0.001029 2.000000
0.006849 245.333298 180.444397 0.123820 -0.125179 2.000000
0.014486 250.666702 175.111099 0.185807 -0.187250 2.000000
0.034852 263.111115 160.000000 0.433732 -0.528660 2.000000
0.055218 283.555511 137.777802 0.712652 -0.776957 2.000000
0.032306 290.666687 132.444397 0.247789 -0.187254 2.000000
0.067946 316.444489 124.444397 0.898601 -0.280363 2.000000
0.037397 333.333313 126.222198 0.588687 0.061047 2.000000
0.037397 342.222198 136.888901 0.309769 0.371419 0.000000
0.034852 338.666687 152.888901 -0.124105 0.557641 0.000000
0.001757 331.555511 160.888901 -0.248073 0.278306 0.000000
0.001757 331.555511 160.888901 -0.000142 -0.001029 0.000000
0.014486 309.333313 176.888901 -0.774919 0.557641 0.000000
0.004303 309.333313 176.888901 -0.000142 -0.001029 0.000000
0.014486 295.111115 184.888901 -0.495999 0.278306 0.000000
0.001757 280.888885 191.111099 -0.496000 0.216231 0.000000
0.006849 266.666687 197.333298 -0.495999 0.216231 0.000000
0.017032 252.444397 201.777802 -0.496002 0.154159 0.000000
0.004303 240.000000 204.444397 -0.434016 0.092080 0.000000
0.014486 228.444397 207.111099 -0.403028 0.092084 0.000000
0.001757 216.888901 208.000000 -0.403025 0.030009 0.000000
0.022123 195.555603 208.000000 -0.743928 -0.001029 0.000000
0.006849 195.555603 208.000000 -0.000142 -0.001029 0.000000
0.019577 180.444397 200.888901 -0.526994 -0.249326 0.000000
0.009394 177.777802 196.444397 -0.093113 -0.156217 1.000000
0.022123 177.777802 191.111099 -0.000142 -0.187250 2.000000
0.009394 179.555603 186.666702 0.061841 -0.156213 2.000000
0.019577 185.777802 182.222198 0.216795 -0.156217 2.000000
0.006849 194.666702 178.666702 0.309769 -0.125175 2.000000
0.022123 220.444397 173.333298 0.898597 -0.187254 2.000000
0.009394 236.444397 170.666702 0.557698 -0.094138 2.000000
0.022123 254.222198 169.777802 0.619681 -0.032066 2.000000
0.017032 271.111115 168.888901 0.588690 -0.032066 2.000000
0.047580 316.444489 168.888901 1.580406 -0.001029 2.000000
0.047580 343.111115 172.444397 0.929590 0.123118 2.000000
0.004303 355.555511 174.222198 0.433732 0.061047 2.000000
0.022123 366.222198 176.888901 0.371752 0.092084 1.000000
0.004303 376.888885 177.777802 0.371752 0.030009 0.000000
0.019577 393.777802 177.777802 0.588690 -0.001029 0.000000
0.047580 401.777802 177.777802 0.278778 -0.001029 0.000000
0.045035 400.888885 174.222198 -0.031134 -0.125179 0.000000
0.047580 390.222198 168.000000 -0.372036 -0.218288 0.000000
0.052672 359.111115 153.777802 -1.084830 -0.497623 0.000000
0.055218 326.222198 139.555603 -1.146814 -0.497623 0.000000
0.027215 287.111115 122.666702 -1.363750 -0.590735 1.000000
0.052672 224.888901 101.333298 -2.169520 -0.745923 2.000000
0.011940 224.888901 101.333298 -0.000142 -0.001029 2.000000
0.019577 190.222198 92.444443 -1.208797 -0.311399 2.000000
0.006849 190.222198 92.444443 -0.000142 -0.001029 2.000000
0.019577 164.444397 85.333344 -0.898885 -0.249326 2.000000
0.045035 144.888901 80.000000 -0.681944 -0.187252 2.000000
0.047580 121.777802 76.444443 -0.805911 -0.125177 2.000000
0.006849 121.777802 76.444443 -0.000142 -0.001029 2.000000
0.024669 107.555603 78.222221 -0.495999 0.061046 2.000000
0.004303 102.222198 80.000000 -0.186091 0.061046 2.000000
0.017032 98.666656 82.666656 -0.124106 0.092083 0.000000
0.006849 96.888893 83.555557 -0.062124 0.030009 0.000000
0.017032 96.000000 84.444443 -0.031133 0.030009 0.000000
0.011940 95.111107 85.333344 -0.031133 0.030009 0.000000
0.019577 95.111107 85.333344 -0.000142 -0.001029 0.000000
0.022123 95.111107 85.333344 -0.000142 -0.001029 0.000000
0.009394 94.222221 86.222221 -0.031133 0.030008 0.000000
0.027215 92.444443 88.000000 -0.062124 0.061046 0.000000
0.006849 90.666656 88.888893 -0.062125 0.030009 0.000000
0.024669 86.222221 92.444443 -0.155097 0.123120 0.000000
0.011940 85.333344 93.333344 -0.031133 0.030009 0.000000
0.027215 81.777779 95.111107 -0.124107 0.061045 0.000000
0.029760 79.111107 96.888893 -0.093116 0.061046 1.000000
0.052672 65.777779 110.222198 -0.465009 0.464528 2.000000
0.050126 56.000000 125.333298 -0.341044 0.526603 2.000000
0.037397 49.777779 143.111099 -0.217080 0.619716 2.000000
0.042489 48.000000 162.666702 -0.062124 0.681791 2.000000
0.052672 52.444439 191.111099 0.154813 0.992159 2.000000
0.019577 54.222221 201.777802 0.061840 0.371419 2.000000
0.011940 54.222221 213.333298 -0.000142 0.402453 2.000000
0.019577 53.333328 242.666702 -0.031133 1.023201 2.000000
0.009394 53.333328 242.666702 -0.000142 -0.001029 2.000000
0.024669 48.000000 273.777802 -0.186089 1.085272 0.000000
0.009394 45.333328 287.111115 -0.093116 0.464528 0.000000
0.024669 40.888889 306.666687 -0.155098 0.681790 0.000000
0.024669 40.000000 312.000000 -0.031133 0.185194 0.000000
0.011940 40.000000 314.666687 -0.000142 0.092084 0.000000
0.022123 41.777779 314.666687 0.061840 -0.001029 0.000000
0.011940 44.444439 312.888885 0.092831 -0.063104 0.000000
0.022123 54.222221 299.555511 0.340760 -0.466588 0.000000
0.006849 59.555561 288.000000 0.185805 -0.404510 0.000000
0.022123 64.000000 274.666687 0.154813 -0.466585 0.000000
0.042489 73.777779 224.000000 0.340760 -1.770148 0.000000
0.009394 73.777779 224.000000 -0.000142 -0.001029 1.000000
0.017032 74.666656 210.666702 0.030849 -0.466585 1.000000
0.034852 71.111107 184.000000 -0.124106 -0.932145 2.000000
0.055218 63.111111 174.222198 -0.279062 -0.342438 2.000000
0.032306 49.777779 168.888901 -0.465009 -0.187250 2.000000
0.045035 33.777779 166.222198 -0.557982 -0.094141 2.000000
0.001757 24.888889 165.333298 -0.310053 -0.032066 2.000000
0.027215 16.000000 165.333298 -0.310053 -0.001029 2.000000
0.050126 -7.111111 170.666702 -0.805911 0.185197 1.000000
0.017032 -12.444440 176.888901 -0.186089 0.216231 0.000000
0.022123 -16.888889 183.111099 -0.155098 0.216231 0.000000
0.057763 -16.888889 210.666702 -0.000142 0.961126 0.000000
0.019577 -11.555560 219.555603 0.185804 0.309344 0.000000
0.050126 17.777781 239.111099 1.022565 0.681787 0.000000
0.047580 48.000000 242.666702 1.053555 0.123122 0.000000
0.042489 84.444443 245.333298 1.270493 0.092080 0.000000
0.006849 104.000000 248.888901 0.681662 0.123122 0.000000
0.014486 125.333298 254.222198 0.743643 0.185193 0.000000
0.006849 165.333298 268.444489 1.394458 0.495569 1.000000
0.019577 182.222198 274.666687 0.588689 0.216231 2.000000
0.001757 182.222198 274.666687 -0.000142 -0.001029 2.000000
0.011940 196.444397 280.888885 0.495715 0.216231 2.000000
0.001757 208.000000 285.333313 0.402744 0.154157 2.000000
0.001757 216.000000 288.000000 0.278778 0.092084 2.000000
0.014486 220.444397 290.666687 0.154812 0.092084 2.000000
-0.000788 220.444397 290.666687 -0.000142 -0.001029 2.000000
0.001757 223.111099 292.444489 0.092832 0.061047 2.000000
0.022123 222.222198 298.666687 -0.031134 0.216231 2.000000
0.011940 218.666702 303.111115 -0.124105 0.154157 2.000000
0.019577 214.222198 308.444489 -0.155100 0.185196 2.000000
0.024669 208.888901 318.222198 -0.186088 0.340378 2.000000
0.060309 208.000000 324.444489 -0.031134 0.216234 2.000000
0.004303 208.000000 324.444489 -0.000142 -0.001029 0.000000
0.014486 209.777802 324.444489 0.061841 -0.001029 0.000000
0.037397 216.000000 317.333313 0.216795 -0.249328 0.000000
0.039943 224.888901 300.444489 0.309769 -0.590733 0.000000
0.060309 246.222198 255.111099 0.743643 -1.583927 0.000000
0.042489 269.333313 211.555603 0.805627 -1.521848 0.000000
0.001757 282.666687 189.333298 0.464726 -0.776961 0.000000
0.017032 296.888885 170.666702 0.495715 -0.652807 0.000000
0.006849 312.000000 155.555603 0.526707 -0.528660 0.000000
0.017032 327.111115 144.000000 0.526707 -0.404514 0.000000
0.001757 341.333313 135.111099 0.495715 -0.311401 0.000000
0.004303 352.888885 128.000000 0.402743 -0.249326 1.000000
0.014486 362.666687 122.666702 0.340761 -0.187250 1.000000
0.006849 369.777802 118.222198 0.247787 -0.156217 2.000000
0.017032 375.111115 115.555603 0.185804 -0.094138 2.000000
0.006849 378.666687 112.888901 0.123823 -0.094141 2.000000
0.014486 381.333313 112.000000 0.092830 -0.032066 2.000000
0.001757 383.111115 111.111099 0.061841 -0.032066 2.000000
0.014486 383.111115 111.111099 -0.000142 -0.001029 2.000000
-0.000788 383.111115 111.111099 -0.000142 -0.001029 2.000000
0.006849 374.222198 113.777802 -0.310054 0.092084 2.000000
0.014486 367.111115 117.333298 -0.248070 0.123118 2.000000
0.001757 367.111115 117.333298 -0.000142 -0.001029 2.000000
0.014486 356.444489 122.666702 -0.372034 0.185197 2.000000
0.042489 312.888885 145.777802 -1.518708 0.805938 2.000000
0.029760 295.111115 154.666702 -0.619964 0.309344 1.000000
0.011940 277.333313 162.666702 -0.619965 0.278306 1.000000
0.004303 261.333313 170.666702 -0.557982 0.278306 0.000000
0.017032 246.222198 178.666702 -0.526991 0.278306 0.000000
0.037397 218.666702 200.000000 -0.960864 0.743862 0.000000
0.060309 213.333298 214.222198 -0.186091 0.495565 0.000000
0.039943 216.888901 229.333298 0.123824 0.526603 0.000000
0.039943 228.444397 242.666702 0.402740 0.464532 0.000000
0.055218 249.777802 253.333298 0.743647 0.371415 0.000000
0.037397 266.666687 252.444397 0.588689 -0.032066 0.000000
0.037397 289.777802 242.666702 0.805627 -0.342435 1.000000
0.055218 319.111115 225.777802 1.022564 -0.590735 2.000000
0.034852 353.777802 205.333298 1.208512 -0.714886 2.000000
0.047580 406.222198 182.222198 1.828332 -0.807995 2.000000
0.052672 437.333313 177.777802 1.084547 -0.156213 2.000000
0.032306 460.444489 179.555603 0.805629 0.061047 2.000000
0.019577 469.333313 183.111099 0.309767 0.123118 2.000000
0.017032 475.555511 187.555603 0.216795 0.154159 2.000000
0.001757 480.888885 192.888901 0.185806 0.185193 1.000000
0.037397 488.888885 205.333298 0.278778 0.433490 0.000000
0.032306 491.555511 219.555603 0.092830 0.495569 0.000000
0.009394 491.555511 227.555603 -0.000142 0.278306 0.000000
0.019577 491.555511 235.555603 -0.000142 0.278306 0.000000
0.042489 486.222198 253.333298 -0.186088 0.619712 0.000000
