0.004303 221.333298 230.222198 0.216795 -0.001029 0.000000
0.017032 233.777802 231.111099 0.433735 0.030009 0.000000
0.006849 233.777802 231.111099 -0.000142 -0.001029 0.000000
0.017032 244.444397 235.555603 0.371749 0.154159 0.000000
0.006849 246.222198 238.222198 0.061841 0.092080 0.000000
0.006849 246.222198 238.222198 -0.000142 -0.001029 0.000000
0.014486 246.222198 247.111099 -0.000142 0.309344 0.000000
0.004303 246.222198 247.111099 -0.000142 -0.001029 0.000000
0.017032 237.333298 261.333313 -0.310054 0.495566 1.000000
0.006849 237.333298 261.333313 -0.000142 -0.001029 1.000000
0.017032 226.666702 277.333313 -0.372033 0.557641 1.000000
0.006849 221.333298 283.555511 -0.186091 0.216231 2.000000
0.017032 217.777802 289.777802 -0.124105 0.216234 2.000000
0.042489 212.444397 300.444489 -0.186091 0.371418 2.000000
0.039943 208.000000 310.222198 -0.155096 0.340378 2.000000
0.057763 199.111099 323.555511 -0.310054 0.464528 2.000000
0.037397 191.111099 330.666687 -0.279062 0.247271 2.000000
0.037397 184.000000 332.444489 -0.248071 0.061047 2.000000
0.062855 178.666702 320.000000 -0.186088 -0.435551 0.000000
0.039943 178.666702 299.555511 -0.000142 -0.714885 0.000000
0.037397 177.777802 270.222198 -0.031134 -1.025255 0.000000
0.039943 175.111099 232.000000 -0.093117 -1.335626 0.000000
0.062855 168.000000 192.888901 -0.248071 -1.366664 0.000000
0.006849 163.555603 175.111099 -0.155096 -0.621773 0.000000
0.017032 154.666702 147.555603 -0.310054 -0.963179 0.000000
0.034852 151.111099 137.777802 -0.124108 -0.342438 0.000000
0.037397 147.555603 128.888901 -0.124105 -0.311401 0.000000
0.027215 147.555603 127.111099 -0.000142 -0.063104 1.000000
0.014486 149.333298 128.000000 0.061837 0.030009 1.000000
0.039943 162.666702 141.333298 0.464727 0.464528 2.000000
0.039943 183.111099 169.777802 0.712652 0.992163 2.000000
0.052672 218.666702 225.777802 1.239504 1.954314 2.000000
0.037397 243.555603 262.222198 0.867609 1.271494 2.000000
0.024669 255.111099 278.222198 0.402740 0.557641 2.000000
0.017032 264.888885 289.777802 0.340760 0.402456 2.000000
0.042489 289.777802 309.333313 0.867610 0.681788 2.000000
0.042489 303.111115 311.111115 0.464724 0.061047 2.000000
0.039943 316.444489 304.888885 0.464726 -0.218289 3.000000
0.039943 331.555511 288.888885 0.526704 -0.559698 0.000000
0.055218 347.555511 261.333313 0.557698 -0.963182 0.000000
0.037397 362.666687 221.333298 0.526709 -1.397702 0.000000
0.001757 369.777802 198.222198 0.247787 -0.807995 0.000000
0.001757 376.888885 176.000000 0.247786 -0.776957 0.000000
0.019577 383.111115 157.333298 0.216796 -0.652811 0.000000
0.032306 392.000000 134.222198 0.309769 -0.807995 0.000000
0.039943 395.555511 128.000000 0.123821 -0.218288 0.000000
0.060309 397.333313 128.888901 0.061841 0.030009 0.000000
0.039943 399.111115 147.555603 0.061841 0.650753 1.000000
0.034852 399.111115 188.444397 -0.000142 1.426678 1.000000
0.006849 397.333313 214.222198 -0.062125 0.899050 2.000000
0.047580 395.555511 264.888885 -0.062125 1.768091 2.000000
0.019577 395.555511 287.111115 -0.000142 0.774901 2.000000
0.042489 400.000000 322.666687 0.154815 1.240459 2.000000
0.062855 406.222198 349.333313 0.216795 0.930085 2.000000
0.039943 408.888885 352.888885 0.092832 0.123121 2.000000
0.037397 415.111115 348.444489 0.216796 -0.156213 2.000000
0.006849 420.444489 340.444489 0.185806 -0.280363 3.000000
0.019577 426.666687 328.888885 0.216795 -0.404514 3.000000
0.006849 434.666687 312.888885 0.278778 -0.559698 0.000000
0.017032 442.666687 295.111115 0.278778 -0.621772 0.000000
0.006849 450.666687 276.444489 0.278778 -0.652808 0.000000
0.014486 458.666687 258.666687 0.278778 -0.621773 0.000000
0.060309 473.777802 217.777802 0.526707 -1.428739 0.000000
0.039943 480.000000 196.444397 0.216795 -0.745923 0.000000
0.045035 486.222198 163.555603 0.216795 -1.149401 0.000000
0.050126 489.777802 143.111099 0.123824 -0.714886 0.000000
0.039943 492.444489 128.000000 0.092832 -0.528660 0.000000
0.037397 490.666687 118.222198 -0.062125 -0.342438 0.000000
0.001757 490.666687 118.222198 -0.000142 -0.001029 0.000000
0.004303 480.000000 111.111099 -0.372036 -0.249326 1.000000
0.019577 472.000000 108.444397 -0.279062 -0.094141 1.000000
0.004303 462.222198 107.555603 -0.341045 -0.032062 2.000000
0.019577 452.444489 106.666702 -0.341042 -0.032066 2.000000
0.004303 442.666687 106.666702 -0.341045 -0.001029 2.000000
0.019577 433.777802 106.666702 -0.310053 -0.001029 2.000000
0.037397 417.777802 110.222198 -0.557982 0.123118 2.000000
0.050126 404.444489 123.555603 -0.465008 0.464532 2.000000
0.042489 383.111115 164.444397 -0.743930 1.426678 2.000000
0.037397 375.111115 182.222198 -0.279062 0.619716 2.000000
0.047580 348.444489 236.444397 -0.929874 1.892238 2.000000
0.001757 340.444489 253.333298 -0.279062 0.588678 3.000000
0.022123 334.222198 269.333313 -0.217082 0.557641 3.000000
0.006849 329.777802 283.555511 -0.155096 0.495565 0.000000
0.019577 326.222198 294.222198 -0.124108 0.371418 0.000000
0.045035 320.888885 309.333313 -0.186088 0.526604 0.000000
0.045035 311.111115 325.333313 -0.341044 0.557641 0.000000
0.047580 303.111115 334.222198 -0.279062 0.309343 0.000000
0.042489 299.555511 338.666687 -0.124108 0.154159 0.000000
0.039943 299.555511 338.666687 -0.000142 -0.001029 0.000000
0.065400 311.111115 334.222198 0.402744 -0.156216 0.000000
0.042489 321.777802 328.000000 0.371752 -0.218288 1.000000
0.006849 327.111115 325.333313 0.185804 -0.094141 1.000000
0.014486 331.555511 321.777802 0.154812 -0.125176 1.000000
0.006849 336.000000 319.111115 0.154815 -0.094141 2.000000
0.019577 339.555511 316.444489 0.123821 -0.094139 2.000000
0.039943 344.888885 310.222198 0.185806 -0.218291 2.000000
0.042489 353.777802 291.555511 0.309770 -0.652810 2.000000
0.052672 362.666687 270.222198 0.309769 -0.745920 2.000000
0.052672 380.444489 231.111099 0.619681 -1.366664 2.000000
0.057763 390.222198 206.222198 0.340758 -0.870070 2.000000
0.024669 398.222198 184.000000 0.278778 -0.776957 2.000000
0.014486 403.555511 173.333298 0.185804 -0.373476 0.000000
0.027215 408.888885 163.555603 0.185806 -0.342435 0.000000
0.034852 421.333313 147.555603 0.433733 -0.559698 0.000000
0.052672 433.777802 136.888901 0.433735 -0.373476 0.000000
0.032306 437.333313 136.000000 0.123821 -0.032066 0.000000
0.057763 437.333313 146.666702 -0.000142 0.371419 0.000000
0.022123 437.333313 172.444397 -0.000142 0.899047 0.000000
0.009394 436.444489 189.333298 -0.031131 0.588678 0.000000
0.014486 435.555511 206.222198 -0.031136 0.588678 0.000000
0.004303 435.555511 206.222198 -0.000142 -0.001029 0.000000
0.001757 435.555511 222.222198 -0.000142 0.557641 0.000000
0.017032 435.555511 252.444397 -0.000142 1.054235 0.000000
0.001757 435.555511 252.444397 -0.000142 -0.001029 0.000000
0.022123 440.000000 278.222198 0.154815 0.899050 1.000000
0.014486 441.777802 288.000000 0.061841 0.340381 2.000000
0.004303 444.444489 296.000000 0.092832 0.278306 2.000000
0.011940 446.222198 301.333313 0.061838 0.185194 2.000000
0.011940 448.888885 305.777802 0.092832 0.154159 2.000000
-0.000788 448.888885 305.777802 -0.000142 -0.001029 2.000000
0.004303 450.666687 309.333313 0.061841 0.123119 2.000000
0.011940 451.555511 311.111115 0.030847 0.061047 2.000000
0.034852 452.444489 312.000000 0.030852 0.030009 2.000000
0.047580 448.888885 304.888885 -0.124108 -0.249326 2.000000
0.052672 437.333313 286.222198 -0.403027 -0.652810 2.000000
0.034852 417.777802 259.555511 -0.681945 -0.932145 2.000000
0.055218 377.777802 226.666702 -1.394742 -1.149401 3.000000
0.032306 362.666687 218.666702 -0.526991 -0.280363 3.000000
0.055218 312.000000 205.333298 -1.766636 -0.466589 0.000000
0.004303 296.888885 202.666702 -0.526991 -0.094138 0.000000
0.014486 284.444489 201.777802 -0.434016 -0.032066 0.000000
0.001757 284.444489 201.777802 -0.000142 -0.001029 0.000000
0.001757 273.777802 201.777802 -0.372036 -0.001029 0.000000
0.014486 264.888885 201.777802 -0.310054 -0.001029 0.000000
0.004303 257.777802 202.666702 -0.248070 0.030009 0.000000
0.014486 252.444397 204.444397 -0.186091 0.061043 0.000000
-0.000788 247.111099 208.000000 -0.186088 0.123122 0.000000
0.014486 241.777802 210.666702 -0.186088 0.092084 0.000000
0.001757 235.555603 215.111099 -0.217079 0.154156 0.000000
0.001757 235.555603 215.111099 -0.000142 -0.001029 0.000000
0.014486 222.222198 224.000000 -0.465011 0.309344 3.000000
0.006849 214.222198 228.444397 -0.279062 0.154156 3.000000
-0.003334 214.222198 228.444397 -0.000142 -0.001029 3.000000
0.017032 206.222198 232.888901 -0.279062 0.154159 2.000000
0.011940 198.222198 236.444397 -0.279062 0.123118 2.000000
0.014486 186.666702 240.888901 -0.403025 0.154159 2.000000
0.009394 186.666702 240.888901 -0.000142 -0.001029 2.000000
0.017032 176.000000 243.555603 -0.372037 0.092084 2.000000
0.004303 176.000000 243.555603 -0.000142 -0.001029 2.000000
0.017032 165.333298 246.222198 -0.372037 0.092080 2.000000
0.006849 159.111099 248.888901 -0.217079 0.092084 2.000000
0.017032 152.888901 250.666702 -0.217079 0.061047 2.000000
0.050126 140.444397 255.111099 -0.434020 0.154156 2.000000
0.042489 128.888901 258.666687 -0.403025 0.123121 2.000000
0.004303 125.333298 258.666687 -0.124108 -0.001029 0.000000
0.017032 123.555603 258.666687 -0.062121 -0.001029 0.000000
0.052672 125.333298 255.111099 0.061837 -0.125178 0.000000
0.042489 138.666702 247.111099 0.464727 -0.280363 0.000000
0.037397 160.888901 237.333298 0.774635 -0.342438 0.000000
0.001757 173.333298 232.000000 0.433732 -0.187250 0.000000
0.037397 200.888901 224.000000 0.960584 -0.280363 0.000000
0.032306 227.555603 222.222198 0.929592 -0.063104 0.000000
0.052672 246.222198 232.000000 0.650669 0.340381 0.000000
0.042489 252.444397 252.444397 0.216795 0.712825 2.000000
0.039943 248.888901 282.666687 -0.124105 1.054238 2.000000
0.055218 227.555603 331.555511 -0.743928 1.706014 2.000000
0.001757 227.555603 331.555511 -0.000142 -0.001029 2.000000
0.029760 214.222198 359.111115 -0.465011 0.961126 2.000000
0.032306 208.888901 377.777802 -0.186088 0.650753 2.000000
0.047580 208.000000 385.777802 -0.031134 0.278306 2.000000
0.055218 212.444397 384.888885 0.154812 -0.032067 3.000000
0.032306 219.555603 372.444489 0.247790 -0.435547 0.000000
0.050126 228.444397 348.444489 0.309766 -0.839032 0.000000
0.050126 236.444397 310.222198 0.278778 -1.335630 0.000000
0.050126 241.777802 231.111099 0.185807 -2.763337 0.000000
0.034852 233.777802 186.666702 -0.279062 -1.552886 0.000000
0.047580 216.000000 160.000000 -0.619965 -0.932145 0.000000
0.032306 193.777802 145.777802 -0.774919 -0.497623 0.000000
0.052672 171.555603 142.222198 -0.774919 -0.125179 0.000000
0.032306 145.777802 150.222198 -0.898885 0.278306 1.000000
-0.000788 132.444397 159.111099 -0.465011 0.309344 1.000000
0.032306 104.888901 185.777802 -0.960864 0.930088 2.000000
0.004303 104.888901 185.777802 -0.000142 -0.001029 2.000000
-0.005880 90.666656 203.555603 -0.496001 0.619716 2.000000
0.006849 90.666656 203.555603 -0.000142 -0.001029 2.000000
-0.003334 77.333344 223.111099 -0.465008 0.681787 2.000000
0.045035 52.444439 263.111115 -0.867894 1.395645 2.000000
0.045035 36.444439 294.222198 -0.557982 1.085272 2.000000
0.037397 40.888889 320.000000 0.154814 0.899050 2.000000
0.050126 64.000000 321.777802 0.805627 0.061047 2.000000
0.032306 96.888893 306.666687 1.146529 -0.528661 3.000000
-0.000788 96.888893 306.666687 -0.000142 -0.001029 3.000000
0.029760 139.555603 279.111115 1.487433 -0.963182 0.000000
0.050126 184.888901 249.777802 1.580403 -1.025255 0.000000
0.052672 248.888901 219.555603 2.231218 -1.056292 0.000000
0.029760 265.777802 213.333298 0.588689 -0.218292 0.000000
0.009394 280.000000 208.888901 0.495715 -0.156213 0.000000
0.034852 298.666687 199.111099 0.650672 -0.342438 0.000000
0.045035 302.222198 176.000000 0.123821 -0.807995 0.000000
0.052672 286.222198 151.111099 -0.557982 -0.870070 0.000000
0.039943 261.333313 122.666702 -0.867893 -0.994217 2.000000
0.045035 229.333298 96.888893 -1.115823 -0.901108 2.000000
0.039943 171.555603 72.000000 -2.014561 -0.870070 2.000000
0.042489 131.555603 68.444443 -1.394742 -0.125177 2.000000
0.042489 96.000000 73.777779 -1.239788 0.185195 2.000000
0.060309 71.111107 90.666656 -0.867893 0.588677 2.000000
0.032306 56.000000 123.555603 -0.526991 1.147349 3.000000
0.052672 49.777779 202.666702 -0.217080 2.761280 3.000000
0.001757 53.333328 232.000000 0.123822 1.023197 0.000000
0.014486 59.555561 260.444489 0.216796 0.992163 0.000000
0.052672 76.444443 314.666687 0.588689 1.892238 0.000000
0.004303 84.444443 339.555511 0.278778 0.868010 0.000000
0.014486 89.777779 361.777802 0.185805 0.774903 0.000000
0.052672 97.777779 409.777802 0.278778 1.674979 0.000000
0.032306 99.555557 416.888885 0.061840 0.247268 0.000000
0.055218 114.666702 416.000000 0.526708 -0.032066 0.000000
0.037397 136.888901 390.222198 0.774635 -0.901108 1.000000
0.055218 166.222198 346.666687 1.022563 -1.521849 2.000000
0.050126 216.000000 267.555511 1.735361 -2.763340 2.000000
0.001757 230.222198 244.444397 0.495715 -0.807995 2.000000
0.011940 241.777802 225.777802 0.402744 -0.652807 2.000000
0.037397 256.888885 200.000000 0.526706 -0.901108 2.000000
0.037397 263.111115 185.777802 0.216796 -0.497623 2.000000
0.001757 263.111115 185.777802 -0.000142 -0.001029 2.000000
0.004303 263.111115 179.555603 -0.000142 -0.218288 2.000000
0.014486 260.444489 173.333298 -0.093114 -0.218292 2.000000
-0.000788 253.333298 166.222198 -0.248074 -0.249326 2.000000
0.014486 242.666702 159.111099 -0.372033 -0.249326 2.000000
0.001757 228.444397 151.111099 -0.496003 -0.280363 2.000000
0.001757 228.444397 151.111099 -0.000142 -0.001029 2.000000
0.014486 195.555603 136.888901 -1.146810 -0.497623 3.000000
-0.000788 195.555603 136.888901 -0.000142 -0.001029 3.000000
0.017032 159.111099 127.111099 -1.270780 -0.342438 0.000000
0.004303 159.111099 127.111099 -0.000142 -0.001029 0.000000
0.001757 141.333298 123.555603 -0.619965 -0.125175 0.000000
0.024669 126.222198 120.888901 -0.526991 -0.094141 0.000000
0.004303 114.666702 117.333298 -0.403025 -0.125179 0.000000
0.017032 104.888901 114.666702 -0.341045 -0.094138 0.000000
0.004303 98.666656 111.111099 -0.217081 -0.125179 0.000000
0.019577 89.777779 104.888901 -0.310053 -0.218288 0.000000
0.006849 89.777779 104.888901 -0.000142 -0.001029 0.000000
0.024669 82.666656 98.666656 -0.248071 -0.218290 0.000000
0.006849 79.111107 96.000000 -0.124106 -0.094140 0.000000
0.019577 75.555557 93.333344 -0.124106 -0.094140 0.000000
0.004303 72.000000 92.444443 -0.124107 -0.032066 0.000000
0.019577 69.333344 91.555557 -0.093115 -0.032066 0.000000
0.006849 65.777779 92.444443 -0.124107 0.030009 2.000000
0.017032 65.777779 92.444443 -0.000142 -0.001029 2.000000
0.004303 64.888893 94.222221 -0.031133 0.061046 2.000000
0.024669 66.666656 101.333298 0.061840 0.247268 2.000000
0.004303 70.222221 104.888901 0.123823 0.123122 2.000000
0.019577 76.444443 107.555603 0.216796 0.092084 2.000000
0.006849 82.666656 110.222198 0.216795 0.092080 2.000000
0.019577 90.666656 112.888901 0.278778 0.092084 2.000000
0.060309 116.444397 123.555603 0.898599 0.371419 2.000000
0.032306 134.222198 136.888901 0.619681 0.464528 2.000000
0.037397 152.888901 156.444397 0.650672 0.681787 3.000000
0.037397 170.666702 176.000000 0.619681 0.681791 0.000000
0.001757 170.666702 176.000000 -0.000142 -0.001029 0.000000
0.037397 183.111099 189.333298 0.433732 0.464528 0.000000
0.039943 188.444397 194.666702 0.185803 0.185197 0.000000
0.001757 189.333298 194.666702 0.030849 -0.001029 0.000000
0.032306 189.333298 194.666702 -0.000142 -0.001029 0.000000
0.034852 191.111099 193.777802 0.061841 -0.032066 0.000000
0.062855 198.222198 189.333298 0.247786 -0.156217 0.000000
0.037397 209.777802 182.222198 0.402744 -0.249326 0.000000
0.052672 231.111099 175.111099 0.743643 -0.249326 0.000000
0.004303 238.222198 174.222198 0.247786 -0.032066 2.000000
0.011940 244.444397 174.222198 0.216795 -0.001029 2.000000
0.045035 255.111099 176.000000 0.371752 0.061047 2.000000
-0.000788 259.555511 178.666702 0.154812 0.092084 2.000000
0.011940 263.111115 183.111099 0.123824 0.154156 2.000000
0.001757 263.111115 183.111099 -0.000142 -0.001029 2.000000
-0.000788 266.666687 187.555603 0.123823 0.154159 2.000000
0.011940 269.333313 192.000000 0.092830 0.154156 2.000000
0.001757 272.000000 197.333298 0.092832 0.185193 2.000000
-0.000788 272.000000 197.333298 -0.000142 -0.001029 2.000000
0.011940 272.888885 208.000000 0.030849 0.371419 2.000000
-0.003334 272.888885 208.000000 -0.000142 -0.001029 2.000000
-0.000788 271.111115 215.111099 -0.062124 0.247268 2.000000
0.011940 267.555511 222.222198 -0.124108 0.247268 2.000000
-0.003334 267.555511 222.222198 -0.000142 -0.001029 2.000000
0.001757 263.111115 232.000000 -0.155096 0.340381 3.000000
0.011940 257.777802 242.666702 -0.186088 0.371419 3.000000
-0.000788 252.444397 254.222198 -0.186091 0.402453 3.000000
0.014486 247.111099 265.777802 -0.186088 0.402456 0.000000
0.001757 247.111099 265.777802 -0.000142 -0.001029 0.000000
-0.000788 242.666702 277.333313 -0.155096 0.402453 0.000000
0.014486 240.000000 288.000000 -0.093117 0.371418 0.000000
-0.000788 239.111099 296.888885 -0.031134 0.309343 0.000000
0.029760 238.222198 312.000000 -0.031134 0.526604 0.000000
0.047580 240.000000 320.000000 0.061841 0.278306 0.000000
0.045035 240.000000 321.777802 -0.000142 0.061047 0.000000
0.047580 239.111099 322.666687 -0.031134 0.030009 0.000000
0.052672 224.888901 311.111115 -0.495999 -0.404512 0.000000
0.032306 208.888901 291.555511 -0.557982 -0.683848 1.000000
0.050126 185.777802 263.111115 -0.805911 -0.994217 2.000000
0.032306 154.666702 233.777802 -1.084831 -1.025255 2.000000
-0.000788 154.666702 233.777802 -0.000142 -0.001029 2.000000
0.034852 124.444397 214.222198 -1.053843 -0.683848 2.000000
0.052672 99.555557 202.666702 -0.867892 -0.404510 2.000000
0.047580 96.000000 200.000000 -0.124107 -0.094141 2.000000
0.052672 97.777779 198.222198 0.061840 -0.063104 2.000000
0.032306 101.333298 197.333298 0.123821 -0.032066 2.000000
0.006849 106.666702 196.444397 0.185807 -0.032066 3.000000
0.019577 119.111099 194.666702 0.433732 -0.063100 3.000000
0.004303 126.222198 194.666702 0.247786 -0.001029 0.000000
0.034852 134.222198 194.666702 0.278778 -0.001029 0.000000
0.034852 149.333298 193.777802 0.526706 -0.032066 0.000000
0.034852 160.888901 192.000000 0.402744 -0.063104 0.000000
0.062855 174.222198 189.333298 0.464723 -0.094141 0.000000
0.037397 181.333298 189.333298 0.247786 -0.001029 0.000000
0.042489 187.555603 191.111099 0.216799 0.061047 0.000000
0.042489 193.777802 194.666702 0.216795 0.123122 1.000000
0.037397 197.333298 196.444397 0.123820 0.061043 2.000000
0.004303 198.222198 196.444397 0.030849 -0.001029 2.000000
0.039943 198.222198 196.444397 -0.000142 -0.001029 2.000000
0.039943 192.000000 196.444397 -0.217079 -0.001029 2.000000
0.045035 179.555603 193.777802 -0.434016 -0.094138 2.000000
0.042489 164.444397 186.666702 -0.526994 -0.249326 2.000000
0.045035 139.555603 170.666702 -0.867890 -0.559698 2.000000
0.006849 130.666702 164.444397 -0.310054 -0.218292 3.000000
0.019577 121.777802 157.333298 -0.310054 -0.249326 3.000000
0.047580 105.777802 143.111099 -0.557982 -0.497623 3.000000
0.006849 100.444397 136.000000 -0.186091 -0.249326 0.000000
0.014486 95.111107 129.777802 -0.186087 -0.218288 0.000000
0.057763 87.111107 112.000000 -0.279062 -0.621773 0.000000
0.039943 83.555557 104.888901 -0.124106 -0.249326 0.000000
0.057763 78.222221 102.222198 -0.186089 -0.094141 0.000000
0.024669 72.000000 106.666702 -0.217080 0.154159 0.000000
0.042489 64.000000 127.111099 -0.279062 0.712825 0.000000
0.017032 61.333328 161.777802 -0.093116 1.209423 1.000000
0.027215 61.333328 183.111099 -0.000142 0.743862 1.000000
0.022123 61.333328 205.333298 -0.000142 0.774900 2.000000
0.019577 63.111111 251.555603 0.061840 1.612908 2.000000
0.022123 63.111111 272.888885 -0.000142 0.743862 2.000000
0.022123 63.111111 311.111115 -0.000142 1.333570 2.000000
0.009394 63.111111 327.111115 -0.000142 0.557641 2.000000
0.022123 63.111111 342.222198 -0.000142 0.526603 2.000000
0.011940 63.111111 353.777802 -0.000142 0.402456 2.000000
0.019577 65.777779 370.666687 0.092831 0.588678 2.000000
0.009394 65.777779 370.666687 -0.000142 -0.001029 2.000000
0.019577 73.777779 376.000000 0.278778 0.185194 3.000000
0.065400 93.333344 368.888885 0.681663 -0.249326 0.000000
0.042489 114.666702 354.666687 0.743645 -0.497623 0.000000
0.050126 138.666702 340.444489 0.836618 -0.497623 0.000000
0.019577 163.555603 328.888885 0.867609 -0.404514 0.000000
0.004303 163.555603 328.888885 -0.000142 -0.001029 0.000000
0.045035 187.555603 321.777802 0.836618 -0.249325 0.000000
0.019577 212.444397 315.555511 0.867606 -0.218291 0.000000
0.006849 223.111099 312.888885 0.371752 -0.094139 0.000000
0.042489 240.888901 307.555511 0.619681 -0.187253 0.000000
0.042489 251.555603 304.888885 0.371752 -0.094139 0.000000
0.024669 258.666687 303.111115 0.247786 -0.063103 1.000000
0.014486 262.222198 302.222198 0.123821 -0.032067 2.000000
0.022123 264.888885 302.222198 0.092832 -0.001029 2.000000
0.050126 273.777802 300.444489 0.309770 -0.063101 2.000000
0.050126 292.444489 295.111115 0.650672 -0.187253 2.000000
0.042489 304.888885 292.444489 0.433732 -0.094139 2.000000
0.019577 310.222198 291.555511 0.185804 -0.032069 2.000000
0.009394 315.555511 291.555511 0.185804 -0.001029 2.000000
0.017032 320.888885 291.555511 0.185806 -0.001029 2.000000
0.004303 330.666687 293.333313 0.340761 0.061047 3.000000
0.004303 330.666687 293.333313 -0.000142 -0.001029 3.000000
0.014486 336.000000 295.111115 0.185804 0.061047 0.000000
0.006849 341.333313 296.888885 0.185804 0.061046 0.000000
0.011940 347.555511 297.777802 0.216795 0.030010 0.000000
-0.000788 354.666687 299.555511 0.247789 0.061043 0.000000
0.001757 361.777802 300.444489 0.247787 0.030012 0.000000
0.009394 368.888885 301.333313 0.247786 0.030006 0.000000
0.004303 368.888885 301.333313 -0.000142 -0.001029 0.000000
0.014486 384.000000 301.333313 0.526707 -0.001029 0.000000
0.001757 384.000000 301.333313 -0.000142 -0.001029 0.000000
0.004303 389.333313 301.333313 0.185804 -0.001029 0.000000
0.014486 393.777802 298.666687 0.154815 -0.094139 0.000000
0.001757 397.333313 296.000000 0.123821 -0.094141 0.000000
0.037397 400.000000 282.666687 0.092832 -0.466585 0.000000
0.037397 397.333313 260.444489 -0.093116 -0.776957 0.000000
0.039943 389.333313 229.333298 -0.279062 -1.087332 0.000000
0.009394 385.777802 213.333298 -0.124105 -0.559698 1.000000
0.019577 381.333313 196.444397 -0.155099 -0.590735 2.000000
0.042489 373.333313 166.222198 -0.279062 -1.056292 2.000000
0.057763 352.000000 135.111099 -0.743928 -1.087329 2.000000
0.037397 334.222198 124.444397 -0.619965 -0.373476 2.000000
0.039943 320.888885 120.000000 -0.465008 -0.156213 2.000000
0.042489 313.777802 118.222198 -0.248070 -0.063104 2.000000
0.062855 312.888885 117.333298 -0.031134 -0.032066 2.000000
0.017032 312.888885 117.333298 -0.000142 -0.001029 3.000000
0.001757 312.888885 117.333298 -0.000142 -0.001029 0.000000
0.037397 313.777802 116.444397 0.030850 -0.032066 0.000000
0.004303 314.666687 116.444397 0.030849 -0.001029 0.000000
0.037397 316.444489 115.555603 0.061841 -0.032062 0.000000
0.014486 318.222198 113.777802 0.061838 -0.063104 0.000000
0.004303 319.111115 112.888901 0.030850 -0.032066 0.000000
0.042489 322.666687 109.333298 0.123823 -0.125179 0.000000
0.057763 325.333313 104.000000 0.092830 -0.187250 0.000000
0.039943 329.777802 98.666656 0.154815 -0.187252 0.000000
0.039943 335.111115 93.333344 0.185804 -0.187251 0.000000
0.039943 342.222198 88.000000 0.247786 -0.187252 0.000000
0.042489 343.111115 87.111107 0.030850 -0.032066 1.000000
0.042489 338.666687 91.555557 -0.155097 0.154158 2.000000
0.001757 338.666687 91.555557 -0.000142 -0.001029 2.000000
0.037397 310.222198 120.000000 -0.991859 0.992161 2.000000
0.039943 297.777802 132.444397 -0.434016 0.433490 2.000000
0.039943 255.111099 167.111099 -1.487717 1.209423 2.000000
0.004303 255.111099 167.111099 -0.000142 -0.001029 2.000000
0.034852 224.888901 184.888901 -1.053839 0.619716 2.000000
0.037397 200.888901 197.333298 -0.836902 0.433490 2.000000
0.039943 185.777802 202.666702 -0.526991 0.185197 2.000000
0.006849 183.111099 204.444397 -0.093117 0.061043 3.000000
0.019577 183.111099 204.444397 -0.000142 -0.001029 0.000000
0.045035 196.444397 204.444397 0.464723 -0.001029 0.000000
0.057763 225.777802 201.777802 1.022567 -0.094138 0.000000
0.037397 267.555511 195.555603 1.456438 -0.218288 0.000000
0.037397 316.444489 186.666702 1.704372 -0.311401 0.000000
0.039943 363.555511 176.000000 1.642384 -0.373476 0.000000
0.006849 381.333313 170.666702 0.619681 -0.187250 0.000000
0.039943 403.555511 158.222198 0.774635 -0.435551 0.000000
0.042489 410.666687 144.000000 0.247789 -0.497623 0.000000
0.017032 401.777802 128.000000 -0.310053 -0.559698 1.000000
0.004303 390.222198 120.888901 -0.403028 -0.249326 1.000000
0.019577 376.000000 114.666702 -0.495999 -0.218288 2.000000
0.004303 376.000000 114.666702 -0.000142 -0.001029 2.000000
0.039943 315.555511 103.111099 -2.107539 -0.404514 2.000000
0.042489 270.222198 98.666656 -1.580688 -0.156214 2.000000
0.006849 270.222198 98.666656 -0.000142 -0.001029 2.000000
0.011940 226.666702 96.000000 -1.518705 -0.094140 2.000000
0.014486 206.222198 95.111107 -0.712940 -0.032066 2.000000
0.047580 170.666702 95.111107 -1.239784 -0.001029 2.000000
0.019577 144.000000 95.111107 -0.929877 -0.001029 2.000000
0.027215 133.333298 96.888893 -0.372037 0.061046 3.000000
0.011940 125.333298 98.666656 -0.279062 0.061045 0.000000
0.057763 109.333298 104.888901 -0.557982 0.216232 0.000000
0.017032 106.666702 107.555603 -0.093113 0.092084 0.000000
0.027215 102.222198 112.888901 -0.155100 0.185193 0.000000
0.009394 99.555557 116.444397 -0.093115 0.123118 0.000000
0.057763 92.444443 122.666702 -0.248071 0.216235 0.000000
0.034852 82.666656 128.000000 -0.341045 0.185193 0.000000
0.037397 73.777779 131.555603 -0.310053 0.123122 0.000000
0.062855 64.888893 134.222198 -0.310053 0.092080 1.000000
0.029760 62.222221 136.000000 -0.093116 0.061047 1.000000
0.027215 60.444439 137.777802 -0.062125 0.061047 2.000000
0.009394 57.777779 139.555603 -0.093115 0.061047 2.000000
0.057763 45.333328 149.333298 -0.434018 0.340378 2.000000
0.045035 34.666672 156.444397 -0.372035 0.247268 2.000000
0.022123 28.444441 160.888901 -0.217080 0.154159 2.000000
0.045035 26.666670 165.333298 -0.062124 0.154156 2.000000
0.039943 26.666670 172.444397 -0.000142 0.247268 2.000000
0.011940 26.666670 178.666702 -0.000142 0.216235 2.000000
0.022123 26.666670 185.777802 -0.000142 0.247268 2.000000
0.019577 24.888889 203.555603 -0.062124 0.619716 2.000000
0.009394 24.000000 213.333298 -0.031133 0.340378 0.000000
0.047580 23.111111 232.000000 -0.031133 0.650753 0.000000
0.050126 23.111111 248.000000 -0.000142 0.557641 0.000000
0.055218 29.333330 269.333313 0.216796 0.743863 0.000000
0.022123 30.222219 274.666687 0.030849 0.185196 0.000000
0.006849 32.000000 279.111115 0.061840 0.154157 0.000000
0.024669 36.444439 284.444489 0.154813 0.185196 0.000000
0.022123 40.888889 284.444489 0.154814 -0.001029 0.000000
0.006849 46.222221 283.555511 0.185804 -0.032069 0.000000
0.019577 52.444439 279.111115 0.216795 -0.156213 0.000000
0.006849 60.444439 273.777802 0.278778 -0.187251 0.000000
0.019577 80.000000 256.000000 0.681662 -0.621773 1.000000
0.009394 90.666656 245.333298 0.371751 -0.373476 1.000000
0.052672 115.555603 227.555603 0.867611 -0.621769 2.000000
0.027215 138.666702 216.888901 0.805626 -0.373476 2.000000
0.024669 149.333298 215.111099 0.371749 -0.063104 2.000000
0.006849 159.111099 215.111099 0.340761 -0.001029 2.000000
0.019577 169.777802 220.444397 0.371752 0.185193 2.000000
0.004303 169.777802 220.444397 -0.000142 -0.001029 2.000000
0.029760 173.333298 235.555603 0.123820 0.526607 2.000000
0.009394 172.444397 246.222198 -0.031134 0.371415 2.000000
0.022123 168.888901 257.777802 -0.124105 0.402456 2.000000
0.006849 165.333298 270.222198 -0.124108 0.433490 2.000000
0.022123 159.111099 296.000000 -0.217079 0.899050 2.000000
0.009394 156.444397 309.333313 -0.093117 0.464528 3.000000
0.022123 153.777802 321.777802 -0.093113 0.433493 3.000000
0.022123 152.888901 344.000000 -0.031134 0.774900 0.000000
0.009394 152.888901 344.000000 -0.000142 -0.001029 0.000000
0.055218 154.666702 363.555511 0.061841 0.681788 0.000000
0.027215 160.000000 365.333313 0.185803 0.061047 0.000000
0.057763 168.000000 361.777802 0.278778 -0.125176 0.000000
0.047580 179.555603 342.222198 0.402744 -0.683848 0.000000
0.042489 181.333298 320.000000 0.061837 -0.776957 0.000000
0.045035 176.888901 289.777802 -0.155096 -1.056292 0.000000
0.042489 167.111099 258.666687 -0.341045 -1.087330 1.000000
0.042489 155.555603 235.555603 -0.403025 -0.807994 2.000000
0.042489 142.222198 219.555603 -0.465011 -0.559698 2.000000
0.017032 129.777802 205.333298 -0.434016 -0.497626 2.000000
0.004303 129.777802 205.333298 -0.000142 -0.001029 2.000000
0.062855 120.000000 192.000000 -0.341045 -0.466585 2.000000
0.037397 119.111099 188.444397 -0.031134 -0.125179 2.000000
0.052672 131.555603 189.333298 0.433735 0.030009 2.000000
0.045035 149.333298 202.666702 0.619677 0.464532 2.000000
0.052672 172.444397 224.888901 0.805626 0.774900 3.000000
0.022123 200.888901 249.777802 0.991575 0.868013 0.000000
0.039943 232.000000 272.888885 1.084546 0.805937 0.000000
0.047580 259.555511 289.777802 0.960581 0.588679 0.000000
0.045035 280.888885 298.666687 0.743646 0.309343 0.000000
0.045035 301.333313 299.555511 0.712653 0.030006 0.000000
0.004303 301.333313 299.555511 -0.000142 -0.001029 0.000000
0.037397 311.111115 299.555511 0.340761 -0.001029 0.000000
0.037397 319.111115 298.666687 0.278778 -0.032063 0.000000
0.042489 323.555511 295.111115 0.154812 -0.125178 0.000000
0.019577 324.444489 288.000000 0.030852 -0.249326 2.000000
0.006849 323.555511 281.777802 -0.031136 -0.218288 2.000000
0.042489 318.222198 265.777802 -0.186088 -0.559698 2.000000
0.004303 315.555511 256.000000 -0.093116 -0.342438 2.000000
0.042489 314.666687 230.222198 -0.031131 -0.901108 2.000000
0.014486 316.444489 216.000000 0.061841 -0.497623 2.000000
0.009394 319.111115 201.777802 0.092830 -0.497623 2.000000
0.017032 322.666687 188.444397 0.123823 -0.466589 2.000000
0.006849 326.222198 176.888901 0.123821 -0.404510 2.000000
0.047580 335.111115 158.222198 0.309770 -0.652811 2.000000
0.039943 343.111115 144.000000 0.278778 -0.497623 2.000000
0.017032 350.222198 136.000000 0.247786 -0.280363 3.000000
0.006849 352.888885 133.333298 0.092832 -0.094141 3.000000
0.017032 356.444489 131.555603 0.123824 -0.063100 0.000000
0.004303 356.444489 131.555603 -0.000142 -0.001029 0.000000
0.045035 369.777802 128.888901 0.464724 -0.094141 0.000000
0.047580 381.333313 130.666702 0.402741 0.061047 0.000000
0.022123 393.777802 138.666702 0.433735 0.278306 0.000000
0.014486 393.777802 138.666702 -0.000142 -0.001029 0.000000
0.019577 404.444489 154.666702 0.371752 0.557641 0.000000
0.011940 408.888885 164.444397 0.154812 0.340378 0.000000
0.022123 414.222198 174.222198 0.185804 0.340381 0.000000
0.024669 423.111115 194.666702 0.309770 0.712829 0.000000
0.009394 427.555511 204.444397 0.154812 0.340378 0.000000
0.024669 432.000000 213.333298 0.154815 0.309344 0.000000
0.017032 440.000000 232.888901 0.278778 0.681791 2.000000
0.024669 443.555511 241.777802 0.123821 0.309344 2.000000
0.029760 448.888885 261.333313 0.185806 0.681788 2.000000
0.009394 449.777802 270.222198 0.030850 0.309343 2.000000
0.034852 449.777802 285.333313 -0.000142 0.526604 2.000000
0.057763 448.000000 294.222198 -0.062125 0.309343 2.000000
0.024669 447.111115 296.888885 -0.031133 0.092084 2.000000
0.027215 446.222198 296.888885 -0.031134 -0.001029 2.000000
0.004303 446.222198 296.888885 -0.000142 -0.001029 2.000000
0.052672 446.222198 284.444489 -0.000142 -0.435547 3.000000
0.019577 446.222198 276.444489 -0.000142 -0.280363 0.000000
0.011940 446.222198 267.555511 -0.000142 -0.311403 0.000000
0.050126 448.888885 246.222198 0.092832 -0.745920 0.000000
0.022123 452.444489 224.888901 0.123824 -0.745920 0.000000
0.047580 456.888885 207.111099 0.154812 -0.621773 0.000000
0.052672 461.333313 196.444397 0.154813 -0.373476 0.000000
0.052672 462.222198 194.666702 0.030849 -0.063100 0.000000
0.024669 461.333313 194.666702 -0.031133 -0.001029 0.000000
0.032306 454.222198 194.666702 -0.248071 -0.001029 0.000000
0.011940 448.000000 194.666702 -0.217079 -0.001029 0.000000
0.067946 420.444489 192.000000 -0.960865 -0.094141 1.000000
0.011940 408.888885 188.444397 -0.403028 -0.125179 1.000000
0.024669 396.444489 183.111099 -0.434016 -0.187250 2.000000
0.014486 375.111115 168.888901 -0.743930 -0.497623 2.000000
0.019577 365.333313 160.000000 -0.341045 -0.311401 2.000000
0.009394 355.555511 151.111099 -0.341045 -0.311401 2.000000
0.017032 346.666687 142.222198 -0.310051 -0.311401 2.000000
0.004303 338.666687 133.333298 -0.279062 -0.311401 2.000000
0.042489 324.444489 120.888901 -0.495999 -0.435547 2.000000
0.047580 314.666687 113.777802 -0.341045 -0.249326 2.000000
0.045035 306.666687 110.222198 -0.279062 -0.125179 2.000000
0.019577 298.666687 109.333298 -0.279062 -0.032066 2.000000
0.009394 296.888885 109.333298 -0.062125 -0.001029 2.000000
0.022123 295.111115 109.333298 -0.062124 -0.001029 0.000000
0.022123 294.222198 110.222198 -0.031134 0.030009 0.000000
0.009394 296.888885 111.111099 0.092832 0.030009 0.000000
0.019577 303.111115 112.888901 0.216796 0.061047 0.000000
0.009394 312.000000 113.777802 0.309769 0.030009 0.000000
0.047580 336.888885 113.777802 0.867609 -0.001029 0.000000
0.055218 374.222198 104.888901 1.301484 -0.311401 0.000000
0.067946 395.555511 96.000000 0.743644 -0.311401 0.000000
0.006849 397.333313 91.555557 0.061841 -0.156214 0.000000
0.029760 392.888885 81.777779 -0.155097 -0.342438 2.000000
0.006849 392.888885 81.777779 -0.000142 -0.001029 2.000000
0.052672 359.111115 67.555557 -1.177804 -0.497623 2.000000
0.045035 320.000000 64.000000 -1.363751 -0.125177 2.000000
0.017032 296.888885 64.000000 -0.805911 -0.001029 2.000000
0.011940 272.000000 64.888893 -0.867893 0.030009 2.000000
0.060309 208.000000 69.333344 -2.231502 0.154158 2.000000
0.006849 192.000000 70.222221 -0.557982 0.030008 2.000000
0.024669 168.000000 72.000000 -0.836902 0.061046 2.000000
0.006849 168.000000 72.000000 -0.000142 -0.001029 2.000000
0.045035 150.222198 73.777779 -0.619965 0.061046 3.000000
0.042489 149.333298 73.777779 -0.031134 -0.001029 0.000000
0.042489 149.333298 73.777779 -0.000142 -0.001029 0.000000
0.045035 149.333298 79.111107 -0.000142 0.185194 0.000000
0.050126 149.333298 87.111107 -0.000142 0.278306 0.000000
0.047580 144.888901 102.222198 -0.155096 0.526603 0.000000
0.047580 140.444397 115.555603 -0.155100 0.464532 0.000000
0.042489 135.111099 129.777802 -0.186088 0.495565 0.000000
0.039943 132.444397 143.111099 -0.093117 0.464528 0.000000
0.019577 132.444397 157.333298 -0.000142 0.495565 1.000000
0.004303 132.444397 157.333298 -0.000142 -0.001029 1.000000
0.039943 133.333298 179.555603 0.030849 0.774904 2.000000
0.011940 134.222198 186.666702 0.030849 0.247268 2.000000
0.019577 134.222198 193.777802 -0.000142 0.247268 2.000000
0.042489 134.222198 205.333298 -0.000142 0.402453 2.000000
0.024669 132.444397 213.333298 -0.062125 0.278306 2.000000
0.009394 132.444397 213.333298 -0.000142 -0.001029 2.000000
0.019577 125.333298 217.777802 -0.248071 0.154159 2.000000
0.017032 119.111099 219.555603 -0.217079 0.061047 2.000000
0.019577 112.888901 219.555603 -0.217079 -0.001029 2.000000
0.027215 99.555557 216.888901 -0.465009 -0.094141 3.000000
0.009394 93.333344 213.333298 -0.217080 -0.125179 3.000000
0.029760 82.666656 202.666702 -0.372036 -0.373472 0.000000
0.009394 76.444443 195.555603 -0.217080 -0.249326 0.000000
0.032306 64.000000 179.555603 -0.434018 -0.559698 0.000000
0.027215 57.777779 172.444397 -0.217080 -0.249329 0.000000
0.006849 49.777779 167.111099 -0.279062 -0.187250 0.000000
0.027215 33.777779 165.333298 -0.557982 -0.063104 0.000000
0.009394 33.777779 165.333298 -0.000142 -0.001029 0.000000
0.022123 17.777781 173.333298 -0.557982 0.278306 0.000000
0.006849 10.666670 179.555603 -0.248071 0.216235 0.000000
0.019577 6.222222 186.666702 -0.155098 0.247268 0.000000
0.006849 2.666667 194.666702 -0.124107 0.278306 0.000000
0.045035 1.777778 215.111099 -0.031133 0.712825 0.000000
0.017032 7.111111 239.111099 0.185805 0.836975 1.000000
0.006849 11.555560 251.555603 0.154814 0.433494 1.000000
0.042489 18.666670 277.333313 0.247787 0.899047 1.000000
0.019577 21.333330 289.777802 0.092831 0.433493 2.000000
0.004303 22.222219 302.222198 0.030849 0.433490 2.000000
0.047580 24.888889 322.666687 0.092831 0.712828 2.000000
0.047580 29.333330 337.777802 0.154813 0.526604 2.000000
0.047580 34.666672 345.777802 0.185805 0.278306 2.000000
0.045035 49.777779 344.000000 0.526707 -0.063104 2.000000
0.062855 69.333344 331.555511 0.681663 -0.435551 0.000000
0.011940 76.444443 328.000000 0.247786 -0.125176 0.000000
0.024669 84.444443 323.555511 0.278778 -0.156216 0.000000
0.009394 94.222221 318.222198 0.340760 -0.187251 0.000000
0.014486 104.000000 313.777802 0.340760 -0.156213 0.000000
0.004303 116.444397 308.444489 0.433732 -0.187251 0.000000
0.017032 128.888901 304.000000 0.433735 -0.156216 0.000000
0.004303 141.333298 300.444489 0.433732 -0.125176 0.000000
0.017032 165.333298 296.000000 0.836618 -0.156216 0.000000
0.006849 165.333298 296.000000 -0.000142 -0.001029 0.000000
0.006849 176.888901 295.111115 0.402744 -0.032066 0.000000
0.017032 186.666702 295.111115 0.340761 -0.001029 0.000000
0.006849 196.444397 295.111115 0.340757 -0.001029 0.000000
0.024669 212.444397 296.888885 0.557698 0.061046 0.000000
0.022123 218.666702 298.666687 0.216799 0.061047 0.000000
0.011940 224.888901 300.444489 0.216795 0.061047 0.000000
0.032306 234.666702 304.888885 0.340761 0.154156 1.000000
0.034852 240.888901 309.333313 0.216795 0.154157 2.000000
0.011940 243.555603 311.111115 0.092832 0.061047 2.000000
0.032306 244.444397 314.666687 0.030846 0.123121 2.000000
0.057763 244.444397 317.333313 -0.000142 0.092082 2.000000
0.032306 244.444397 317.333313 -0.000142 -0.001029 2.000000
0.060309 252.444397 310.222198 0.278778 -0.249326 2.000000
0.034852 266.666687 296.888885 0.495718 -0.466585 2.000000
0.034852 282.666687 280.888885 0.557698 -0.559698 0.000000
0.022123 290.666687 273.777802 0.278778 -0.249325 0.000000
0.014486 298.666687 265.777802 0.278778 -0.280363 0.000000
0.022123 315.555511 254.222198 0.588687 -0.404514 0.000000
0.006849 325.333313 249.777802 0.340761 -0.156213 0.000000
0.070492 354.666687 240.000000 1.022566 -0.342438 0.000000
0.004303 354.666687 240.000000 -0.000142 -0.001029 0.000000
0.024669 372.444489 236.444397 0.619681 -0.125179 0.000000
0.014486 380.444489 234.666702 0.278778 -0.063100 0.000000
0.060309 400.000000 231.111099 0.681661 -0.125179 0.000000
0.029760 410.666687 229.333298 0.371752 -0.063104 0.000000
0.052672 421.333313 227.555603 0.371750 -0.063100 1.000000
0.032306 431.111115 224.000000 0.340761 -0.125179 2.000000
0.065400 447.111115 215.111099 0.557698 -0.311401 2.000000
0.029760 456.000000 206.222198 0.309769 -0.311401 2.000000
0.075583 468.444489 186.666702 0.433735 -0.683844 2.000000
0.017032 472.000000 177.777802 0.123821 -0.311401 2.000000
0.032306 477.333313 160.000000 0.185804 -0.621773 2.000000
0.029760 479.111115 144.000000 0.061841 -0.559698 3.000000
0.014486 479.111115 144.000000 -0.000142 -0.001029 3.000000
0.024669 477.333313 130.666702 -0.062125 -0.466585 0.000000
0.006849 474.666687 124.444397 -0.093114 -0.218292 0.000000
0.019577 470.222198 118.222198 -0.155099 -0.218288 0.000000
0.022123 462.222198 106.666702 -0.279062 -0.404510 0.000000
0.006849 458.666687 101.333298 -0.124105 -0.187254 0.000000
0.047580 453.333313 90.666656 -0.186090 -0.373474 0.000000
0.052672 448.000000 82.666656 -0.186088 -0.280363 0.000000
0.019577 440.000000 79.111107 -0.279062 -0.125177 0.000000
0.006849 433.777802 78.222221 -0.217079 -0.032066 0.000000
0.019577 424.888885 78.222221 -0.310054 -0.001029 0.000000
0.011940 414.222198 79.111107 -0.372036 0.030009 0.000000
0.027215 391.111115 84.444443 -0.805910 0.185195 2.000000
0.024669 380.444489 87.111107 -0.372034 0.092083 2.000000
0.014486 365.333313 92.444443 -0.526993 0.185195 2.000000
0.057763 354.666687 99.555557 -0.372034 0.247269 2.000000
0.062855 335.111115 125.333298 -0.681947 0.899048 2.000000
0.009394 328.000000 138.666702 -0.248071 0.464532 2.000000
0.022123 321.777802 152.888901 -0.217079 0.495565 2.000000
0.011940 312.000000 183.111099 -0.341045 1.054235 2.000000
0.019577 309.333313 197.333298 -0.093116 0.495565 2.000000
0.009394 308.444489 211.555603 -0.031131 0.495569 2.000000
0.017032 308.444489 223.111099 -0.000142 0.402453 3.000000
0.006849 308.444489 234.666702 -0.000142 0.402456 0.000000
0.047580 308.444489 256.000000 -0.000142 0.743862 0.000000
0.045035 306.666687 276.444489 -0.062125 0.712828 0.000000
0.029760 297.777802 295.111115 -0.310053 0.650751 0.000000
0.055218 273.777802 315.555511 -0.836902 0.712825 0.000000
0.070492 241.777802 322.666687 -1.115822 0.247271 0.000000
0.011940 232.000000 320.888885 -0.341045 -0.063104 0.000000
0.057763 210.666702 296.888885 -0.743928 -0.839032 0.000000
0.029760 204.444397 283.555511 -0.217083 -0.466588 0.000000
0.029760 192.000000 250.666702 -0.434016 -1.149401 1.000000
0.011940 185.777802 233.777802 -0.217079 -0.590735 1.000000
0.032306 169.777802 203.555603 -0.557982 -1.056292 2.000000
0.078129 142.222198 174.222198 -0.960868 -1.025258 2.000000
0.022123 123.555603 162.666702 -0.650953 -0.404510 2.000000
0.070492 100.444397 154.666702 -0.805914 -0.280363 2.000000
0.014486 95.111107 153.777802 -0.186087 -0.032066 2.000000
0.050126 83.555557 155.555603 -0.403026 0.061047 2.000000
0.024669 70.222221 165.333298 -0.465009 0.340378 2.000000
0.024669 62.222221 172.444397 -0.279062 0.247268 2.000000
0.006849 53.333328 181.333298 -0.310053 0.309344 2.000000
0.027215 37.333328 203.555603 -0.557982 0.774904 0.000000
0.009394 31.111111 214.222198 -0.217080 0.371415 0.000000
0.052672 24.888889 236.444397 -0.217080 0.774900 0.000000
0.073038 24.888889 262.222198 -0.000142 0.899050 0.000000
0.011940 26.666670 268.444489 0.061840 0.216234 0.000000
0.075583 30.222219 293.333313 0.123822 0.868010 0.000000
0.014486 31.111111 298.666687 0.030849 0.185196 0.000000
0.070492 35.555561 307.555511 0.154814 0.309341 0.000000
0.014486 36.444439 308.444489 0.030849 0.030012 0.000000
0.027215 41.777779 304.000000 0.185805 -0.156216 1.000000
0.032306 50.666672 289.777802 0.309769 -0.497623 2.000000
0.011940 56.000000 279.111115 0.185804 -0.373475 2.000000
0.024669 60.444439 264.888885 0.154813 -0.497624 2.000000
0.011940 65.777779 248.000000 0.185805 -0.590735 2.000000
0.047580 80.000000 188.444397 0.495716 -2.080521 2.000000
0.067946 80.000000 138.666702 -0.000142 -1.739108 2.000000
0.011940 76.444443 127.111099 -0.124107 -0.404514 2.000000
0.027215 71.111107 117.333298 -0.186089 -0.342438 2.000000
0.027215 59.555561 103.111099 -0.403026 -0.497623 3.000000
0.017032 54.222221 96.888893 -0.186089 -0.218288 3.000000
0.027215 43.555561 87.111107 -0.372035 -0.342438 3.000000
0.027215 39.111111 82.666656 -0.155098 -0.156215 3.000000
0.022123 35.555561 75.555557 -0.124106 -0.249326 3.000000
0.078129 39.111111 68.444443 0.123822 -0.249326 3.000000
0.032306 56.000000 63.111111 0.588689 -0.187252 3.000000
0.022123 68.444443 60.444439 0.433733 -0.094140 3.000000
0.080675 138.666702 56.000000 2.448157 -0.156214 3.000000
0.014486 155.555603 56.000000 0.588689 -0.001029 3.000000
0.029760 184.000000 57.777779 0.991572 0.061046 2.000000
0.022123 196.444397 58.666672 0.433732 0.030009 2.000000
0.011940 208.000000 59.555561 0.402744 0.030009 2.000000
0.050126 237.333298 61.333328 1.022563 0.061045 2.000000
0.062855 251.555603 63.111111 0.495719 0.061046 2.000000
0.050126 263.111115 66.666656 0.402741 0.123120 2.000000
0.027215 264.000000 69.333344 0.030849 0.092084 2.000000
0.047580 257.777802 84.444443 -0.217079 0.526603 2.000000
0.017032 253.333298 94.222221 -0.155100 0.340380 0.000000
0.006849 248.000000 104.888901 -0.186088 0.371418 0.000000
0.019577 244.444397 115.555603 -0.124108 0.371419 0.000000
0.006849 241.777802 128.000000 -0.093113 0.433490 0.000000
0.022123 240.000000 139.555603 -0.062125 0.402456 0.000000
0.019577 240.000000 161.777802 -0.000142 0.774900 0.000000
0.014486 241.777802 172.444397 0.061841 0.371415 0.000000
0.060309 243.555603 198.222198 0.061841 0.899050 0.000000
0.027215 243.555603 204.444397 -0.000142 0.216231 0.000000
0.027215 242.666702 216.000000 -0.031134 0.402456 0.000000
0.009394 242.666702 220.444397 -0.000142 0.154156 0.000000
0.029760 243.555603 227.555603 0.030849 0.247272 0.000000
0.019577 245.333298 230.222198 0.061837 0.092080 3.000000
0.014486 248.000000 232.888901 0.092832 0.092084 2.000000
0.055218 257.777802 240.000000 0.340761 0.247268 2.000000
0.070492 265.777802 245.333298 0.278778 0.185193 2.000000
0.006849 265.777802 245.333298 -0.000142 -0.001029 2.000000
0.024669 271.111115 249.777802 0.185804 0.154159 2.000000
0.006849 274.666687 252.444397 0.123823 0.092080 2.000000
0.022123 280.000000 255.111099 0.185804 0.092084 2.000000
0.011940 294.222198 259.555511 0.495715 0.154156 2.000000
0.022123 304.000000 260.444489 0.340761 0.030012 2.000000
0.009394 314.666687 261.333313 0.371752 0.030006 3.000000
0.024669 336.888885 262.222198 0.774635 0.030009 0.000000
0.022123 347.555511 262.222198 0.371750 -0.001029 0.000000
0.011940 357.333313 262.222198 0.340761 -0.001029 0.000000
0.019577 367.111115 262.222198 0.340761 -0.001029 0.000000
0.014486 376.000000 261.333313 0.309769 -0.032066 0.000000
0.024669 392.888885 257.777802 0.588689 -0.125176 0.000000
0.022123 400.000000 256.000000 0.247787 -0.063104 0.000000
0.050126 421.333313 247.111099 0.743644 -0.311401 0.000000
0.037397 432.888885 239.111099 0.402743 -0.280363 0.000000
0.027215 436.444489 234.666702 0.123824 -0.156213 0.000000
0.022123 438.222198 224.000000 0.061838 -0.373476 2.000000
0.017032 436.444489 218.666702 -0.062122 -0.187250 2.000000
0.034852 422.222198 207.111099 -0.496002 -0.404514 2.000000
0.062855 384.000000 189.333298 -1.332759 -0.621773 2.000000
0.004303 384.000000 189.333298 -0.000142 -0.001029 2.000000
0.024669 351.111115 176.888901 -1.146813 -0.435547 2.000000
0.006849 331.555511 172.444397 -0.681948 -0.156217 2.000000
0.024669 312.000000 168.888901 -0.681945 -0.125175 2.000000
0.009394 271.111115 168.000000 -1.425733 -0.032066 2.000000
0.027215 250.666702 169.777802 -0.712937 0.061047 2.000000
0.011940 230.222198 174.222198 -0.712940 0.154156 2.000000
0.029760 191.111099 187.555603 -1.363751 0.464532 0.000000
0.027215 174.222198 194.666702 -0.588974 0.247268 0.000000
0.009394 157.333298 201.777802 -0.588974 0.247268 0.000000
0.029760 127.111099 216.888901 -1.053839 0.526603 0.000000
0.027215 100.444397 230.222198 -0.929877 0.464528 0.000000
0.014486 89.777779 235.555603 -0.372034 0.185197 0.000000
0.067946 65.777779 249.777802 -0.836902 0.495565 0.000000
0.042489 53.333328 259.555511 -0.434018 0.340378 0.000000
0.004303 47.111111 264.000000 -0.217080 0.154159 0.000000
0.006849 40.888889 267.555511 -0.217080 0.123119 0.000000
0.045035 30.222219 274.666687 -0.372036 0.247271 0.000000
0.045035 20.444441 279.111115 -0.341044 0.154157 2.000000
0.047580 14.222220 280.000000 -0.217080 0.030009 2.000000
0.017032 8.888889 282.666687 -0.186089 0.092084 2.000000
0.006849 8.888889 282.666687 -0.000142 -0.001029 2.000000
0.057763 3.555556 290.666687 -0.186089 0.278306 2.000000
0.047580 2.666667 298.666687 -0.031133 0.278306 2.000000
0.050126 16.000000 311.111115 0.464724 0.433491 2.000000
0.042489 32.000000 313.777802 0.557698 0.092084 2.000000
0.045035 50.666672 314.666687 0.650671 0.030009 2.000000
0.009394 70.222221 315.555511 0.681662 0.030006 0.000000
0.017032 70.222221 315.555511 -0.000142 -0.001029 0.000000
0.009394 80.000000 315.555511 0.340760 -0.001029 0.000000
0.019577 102.222198 315.555511 0.774635 -0.001029 0.000000
0.006849 114.666702 313.777802 0.433735 -0.063101 0.000000
0.019577 128.000000 311.111115 0.464723 -0.094141 0.000000
0.001757 142.222198 306.666687 0.495715 -0.156214 0.000000
0.001757 142.222198 306.666687 -0.000142 -0.001029 0.000000
0.019577 170.666702 296.888885 0.991575 -0.342438 0.000000
0.004303 184.888901 290.666687 0.495715 -0.218288 0.000000
0.014486 199.111099 285.333313 0.495715 -0.187253 0.000000
0.004303 199.111099 285.333313 -0.000142 -0.001029 0.000000
0.017032 226.666702 275.555511 0.960584 -0.342438 0.000000
0.006849 239.111099 272.000000 0.433732 -0.125176 0.000000
0.017032 250.666702 268.444489 0.402744 -0.125176 0.000000
0.004303 261.333313 265.777802 0.371749 -0.094141 0.000000
0.017032 270.222198 262.222198 0.309769 -0.125179 0.000000
0.029760 285.333313 256.000000 0.526707 -0.218288 1.000000
0.039943 291.555511 251.555603 0.216795 -0.156213 1.000000
0.017032 302.222198 240.000000 0.371752 -0.404514 2.000000
0.006849 306.666687 231.111099 0.154815 -0.311401 2.000000
0.039943 312.000000 208.000000 0.185804 -0.807995 2.000000
0.042489 312.888885 184.000000 0.030849 -0.839032 2.000000
0.075583 306.666687 163.555603 -0.217079 -0.714882 2.000000
0.039943 304.000000 160.888901 -0.093116 -0.094141 2.000000
0.027215 304.000000 159.111099 -0.000142 -0.063104 2.000000
0.017032 306.666687 159.111099 0.092832 -0.001029 2.000000
0.009394 310.222198 158.222198 0.123821 -0.032066 3.000000
0.045035 328.888885 157.333298 0.650672 -0.032066 0.000000
0.017032 328.888885 157.333298 -0.000142 -0.001029 0.000000
0.004303 335.111115 158.222198 0.216796 0.030009 0.000000
0.037397 347.555511 161.777802 0.433732 0.123122 0.000000
0.047580 365.333313 174.222198 0.619681 0.433490 0.000000
0.032306 369.777802 179.555603 0.154815 0.185197 0.000000
0.006849 375.111115 185.777802 0.185804 0.216231 0.000000
0.034852 384.000000 198.222198 0.309769 0.433490 0.000000
0.073038 394.666687 218.666702 0.371752 0.712829 0.000000
0.027215 399.111115 232.888901 0.154813 0.495565 0.000000
0.039943 401.777802 246.222198 0.092832 0.464528 0.000000
0.019577 402.666687 262.222198 0.030849 0.557641 1.000000
0.006849 402.666687 262.222198 -0.000142 -0.001029 1.000000
0.017032 402.666687 270.222198 -0.000142 0.278306 2.000000
0.004303 403.555511 279.111115 0.030847 0.309344 2.000000
0.017032 405.333313 296.000000 0.061841 0.588678 2.000000
0.004303 405.333313 296.000000 -0.000142 -0.001029 2.000000
0.014486 406.222198 304.000000 0.030849 0.278306 2.000000
0.027215 410.666687 318.222198 0.154815 0.495565 2.000000
0.037397 416.000000 328.888885 0.185804 0.371418 2.000000
0.060309 421.333313 334.222198 0.185804 0.185194 2.000000
0.034852 424.000000 334.222198 0.092832 -0.001029 2.000000
0.037397 426.666687 327.111115 0.092832 -0.249325 3.000000
0.060309 430.222198 312.000000 0.123821 -0.528661 3.000000
0.019577 438.222198 284.444489 0.278778 -0.963179 0.000000
0.004303 438.222198 284.444489 -0.000142 -0.001029 0.000000
0.042489 449.777802 246.222198 0.402744 -1.335630 0.000000
0.034852 461.333313 205.333298 0.402741 -1.428739 0.000000
0.057763 465.777802 158.222198 0.154815 -1.645999 0.000000
0.017032 457.777802 135.111099 -0.279062 -0.807995 0.000000
0.006849 457.777802 135.111099 -0.000142 -0.001029 0.000000
0.039943 445.333313 119.111099 -0.434019 -0.559698 0.000000
0.050126 426.666687 109.333298 -0.650954 -0.342438 0.000000
0.011940 421.333313 109.333298 -0.186090 -0.001029 1.000000
0.006849 416.000000 113.777802 -0.186088 0.154159 1.000000
0.017032 409.777802 120.888901 -0.217079 0.247268 2.000000
0.006849 402.666687 132.444397 -0.248071 0.402453 2.000000
0.073038 378.666687 189.333298 -0.836902 1.985351 2.000000
0.039943 361.777802 233.777802 -0.588973 1.550832 2.000000
0.001757 354.666687 256.000000 -0.248071 0.774900 2.000000
0.006849 348.444489 276.444489 -0.217079 0.712828 2.000000
0.039943 338.666687 312.888885 -0.341045 1.271494 2.000000
0.042489 333.333313 337.777802 -0.186090 0.868013 2.000000
0.078129 328.000000 355.555511 -0.186088 0.619713 3.000000
0.024669 328.888885 357.333313 0.030849 0.061047 3.000000
0.017032 332.444489 353.777802 0.123824 -0.125176 0.000000
0.004303 339.555511 347.555511 0.247784 -0.218291 0.000000
0.034852 358.222198 323.555511 0.650672 -0.839032 0.000000
0.073038 392.000000 264.888885 1.177521 -2.049481 0.000000
0.004303 404.444489 245.333298 0.433735 -0.683848 0.000000
0.004303 404.444489 245.333298 -0.000142 -0.001029 0.000000
0.042489 422.222198 216.000000 0.619678 -1.025254 0.000000
0.067946 430.222198 176.000000 0.278778 -1.397702 0.000000
0.024669 425.777802 167.111099 -0.155096 -0.311401 0.000000
0.034852 409.777802 150.222198 -0.557982 -0.590735 1.000000
0.055218 378.666687 123.555603 -1.084831 -0.932141 2.000000
0.011940 378.666687 123.555603 -0.000142 -0.001029 2.000000
0.022123 348.444489 110.222198 -1.053839 -0.466589 2.000000
0.034852 313.777802 104.000000 -1.208796 -0.218288 2.000000
0.065400 277.333313 103.111099 -1.270779 -0.032066 2.000000
-0.000788 277.333313 103.111099 -0.000142 -0.001029 2.000000
0.004303 270.222198 104.000000 -0.248071 0.030009 2.000000
0.014486 261.333313 105.777802 -0.310053 0.061047 2.000000
0.001757 261.333313 105.777802 -0.000142 -0.001029 2.000000
0.019577 258.666687 108.444397 -0.093114 0.092080 2.000000
0.006849 256.888885 112.000000 -0.062125 0.123122 2.000000
0.019577 252.444397 126.222198 -0.155099 0.495565 2.000000
0.004303 252.444397 126.222198 -0.000142 -0.001029 2.000000
0.006849 248.888901 137.777802 -0.124105 0.402456 3.000000
0.017032 237.333298 166.222198 -0.403028 0.992159 3.000000
0.006849 229.333298 182.222198 -0.279062 0.557641 0.000000
0.017032 222.222198 197.333298 -0.248071 0.526603 0.000000
0.024669 214.222198 212.444397 -0.279062 0.526603 0.000000
0.006849 208.000000 224.888901 -0.217079 0.433494 0.000000
0.022123 199.111099 246.222198 -0.310054 0.743862 0.000000
0.006849 199.111099 246.222198 -0.000142 -0.001029 0.000000
0.022123 192.000000 256.888885 -0.248071 0.371418 0.000000
0.006849 188.444397 259.555511 -0.124108 0.092082 0.000000
0.019577 184.888901 261.333313 -0.124105 0.061047 0.000000
0.004303 180.444397 261.333313 -0.155100 -0.001029 0.000000
0.022123 174.222198 261.333313 -0.217079 -0.001029 0.000000
0.001757 168.000000 259.555511 -0.217079 -0.063104 0.000000
0.022123 162.666702 256.000000 -0.186088 -0.125176 0.000000
0.006849 157.333298 252.444397 -0.186091 -0.125179 1.000000
0.022123 150.222198 243.555603 -0.248071 -0.311397 1.000000
0.001757 149.333298 238.222198 -0.031134 -0.187254 2.000000
0.019577 149.333298 231.111099 -0.000142 -0.249326 2.000000
0.039943 152.888901 214.222198 0.123824 -0.590735 2.000000
0.022123 155.555603 204.444397 0.092832 -0.342438 2.000000
0.019577 160.888901 185.777802 0.185803 -0.652807 2.000000
0.009394 163.555603 176.000000 0.092832 -0.342438 2.000000
0.052672 165.333298 161.777802 0.061837 -0.497623 2.000000
0.065400 165.333298 152.888901 -0.000142 -0.311401 2.000000
0.022123 165.333298 152.888901 -0.000142 -0.001029 2.000000
0.037397 165.333298 153.777802 -0.000142 0.030009 2.000000
0.014486 165.333298 166.222198 -0.000142 0.433490 0.000000
0.039943 171.555603 190.222198 0.216799 0.836975 0.000000
0.022123 177.777802 207.111099 0.216795 0.588678 0.000000
0.047580 192.000000 246.222198 0.495715 1.364607 0.000000
0.017032 211.555603 288.000000 0.681664 1.457720 0.000000
-0.000788 211.555603 288.000000 -0.000142 -0.001029 0.000000
0.014486 223.111099 305.777802 0.402740 0.619716 0.000000
0.001757 235.555603 322.666687 0.433735 0.588678 0.000000
0.004303 247.111099 336.888885 0.402740 0.495565 0.000000
0.034852 264.888885 356.444489 0.619680 0.681791 0.000000
0.055218 272.000000 366.222198 0.247787 0.340378 0.000000
0.062855 268.444489 371.555511 -0.124105 0.185194 0.000000
-0.000788 263.111115 373.333313 -0.186090 0.061047 0.000000
0.006849 256.000000 375.111115 -0.248071 0.061047 1.000000
0.011940 247.111099 376.888885 -0.310054 0.061046 2.000000
0.004303 247.111099 376.888885 -0.000142 -0.001029 2.000000
0.014486 225.777802 379.555511 -0.743928 0.092082 2.000000
0.001757 225.777802 379.555511 -0.000142 -0.001029 2.000000
0.004303 214.222198 379.555511 -0.403028 -0.001029 2.000000
0.014486 202.666702 379.555511 -0.403025 -0.001029 2.000000
0.004303 192.000000 379.555511 -0.372037 -0.001029 2.000000
0.017032 180.444397 376.888885 -0.403028 -0.094139 2.000000
0.001757 169.777802 372.444489 -0.372033 -0.156213 2.000000
0.017032 149.333298 361.777802 -0.712940 -0.373475 2.000000
0.001757 149.333298 361.777802 -0.000142 -0.001029 2.000000
0.017032 138.666702 355.555511 -0.372033 -0.218291 2.000000
0.004303 128.888901 349.333313 -0.341045 -0.218288 2.000000
0.006849 118.222198 344.000000 -0.372037 -0.187251 2.000000
0.039943 99.555557 335.111115 -0.650955 -0.311400 2.000000
0.080675 72.888893 320.888885 -0.929875 -0.497624 3.000000
0.011940 68.444443 315.555511 -0.155098 -0.187253 3.000000
0.029760 64.888893 309.333313 -0.124106 -0.218288 0.000000
0.006849 63.111111 301.333313 -0.062125 -0.280363 0.000000
0.034852 58.666672 280.000000 -0.155098 -0.745920 0.000000
0.075583 51.555561 248.000000 -0.248071 -1.118367 0.000000
0.037397 41.777779 231.111099 -0.341045 -0.590735 0.000000
0.022123 30.222219 217.777802 -0.403027 -0.466585 0.000000
0.037397 20.444441 207.111099 -0.341044 -0.373476 0.000000
0.017032 17.777781 203.555603 -0.093115 -0.125175 0.000000
0.039943 14.222220 199.111099 -0.124107 -0.156217 0.000000
0.027215 13.333330 197.333298 -0.031133 -0.063104 0.000000
0.037397 13.333330 194.666702 -0.000142 -0.094138 1.000000
0.039943 13.333330 193.777802 -0.000142 -0.032066 2.000000
0.014486 13.333330 192.000000 -0.000142 -0.063104 2.000000
0.029760 16.000000 190.222198 0.092831 -0.063104 2.000000
0.075583 43.555561 178.666702 0.960582 -0.404510 2.000000
0.009394 43.555561 178.666702 -0.000142 -0.001029 2.000000
0.065400 72.888893 203.555603 1.022564 0.868013 2.000000
0.050126 79.111107 232.888901 0.216795 1.023197 2.000000
0.009394 80.000000 248.888901 0.030849 0.557641 3.000000
0.032306 81.777779 277.333313 0.061840 0.992160 3.000000
0.029760 88.000000 297.777802 0.216796 0.712828 0.000000
0.062855 102.222198 305.777802 0.495715 0.278306 0.000000
0.032306 124.444397 299.555511 0.774635 -0.218291 0.000000
0.009394 137.777802 290.666687 0.464727 -0.311398 0.000000
0.047580 162.666702 264.888885 0.867609 -0.901108 0.000000
0.047580 183.111099 229.333298 0.712652 -1.242517 0.000000
0.017032 199.111099 188.444397 0.557698 -1.428739 0.000000
0.006849 205.333298 168.888901 0.216795 -0.683844 0.000000
0.067946 216.888901 128.000000 0.402744 -1.428739 0.000000
0.052672 221.333298 115.555603 0.154812 -0.435547 0.000000
0.011940 224.000000 112.000000 0.092832 -0.125179 3.000000
0.039943 236.444397 104.000000 0.433732 -0.280363 2.000000
0.022123 241.777802 103.111099 0.185807 -0.032066 2.000000
0.009394 248.000000 101.333298 0.216795 -0.063104 2.000000
0.042489 260.444489 97.777779 0.433735 -0.125176 2.000000
0.019577 266.666687 96.000000 0.216795 -0.063103 2.000000
