0.009394 142.222198 340.444489 -0.000142 -0.001029 2.000000
0.050126 162.666702 334.222198 0.712655 -0.218291 2.000000
0.032306 172.444397 327.111115 0.340757 -0.249325 2.000000
0.055218 216.000000 291.555511 1.518424 -1.242517 2.000000
0.052672 276.444489 234.666702 2.107255 -1.987405 2.000000
0.011940 296.000000 215.111099 0.681661 -0.683848 2.000000
-0.000788 296.000000 215.111099 -0.000142 -0.001029 2.000000
0.052672 336.888885 173.333298 1.425449 -1.459777 2.000000
0.034852 347.555511 163.555603 0.371750 -0.342435 2.000000
0.032306 349.333313 161.777802 0.061841 -0.063104 3.000000
0.006849 349.333313 161.777802 -0.000142 -0.001029 3.000000
0.017032 344.000000 166.222198 -0.186088 0.154156 0.000000
0.001757 344.000000 166.222198 -0.000142 -0.001029 0.000000
0.055218 324.444489 195.555603 -0.681945 1.023201 0.000000
0.037397 309.333313 224.888901 -0.526993 1.023197 0.000000
0.039943 294.222198 261.333313 -0.526991 1.271495 0.000000
0.062855 274.666687 313.777802 -0.681945 1.830166 0.000000
0.017032 271.111115 327.111115 -0.124107 0.464528 0.000000
0.004303 268.444489 336.888885 -0.093114 0.340380 0.000000
0.062855 267.555511 348.444489 -0.031136 0.402456 2.000000
0.047580 267.555511 344.888885 -0.000142 -0.125179 2.000000
0.047580 267.555511 328.000000 -0.000142 -0.590735 2.000000
0.042489 257.777802 272.000000 -0.341042 -1.956371 2.000000
0.029760 249.777802 247.111099 -0.279062 -0.870070 2.000000
0.042489 227.555603 192.000000 -0.774919 -1.925333 2.000000
0.045035 200.000000 147.555603 -0.960868 -1.552886 2.000000
0.017032 170.666702 121.777802 -1.022848 -0.901108 2.000000
0.027215 157.333298 113.777802 -0.465011 -0.280363 2.000000
0.006849 145.777802 109.333298 -0.403025 -0.156217 3.000000
0.029760 128.888901 104.888901 -0.588974 -0.156213 0.000000
0.009394 123.555603 104.000000 -0.186088 -0.032066 0.000000
0.047580 120.000000 107.555603 -0.124108 0.123122 0.000000
0.050126 128.000000 141.333298 0.278778 1.178381 0.000000
0.045035 141.333298 176.000000 0.464723 1.209423 0.000000
0.042489 161.777802 208.000000 0.712655 1.116310 0.000000
0.014486 174.222198 221.333298 0.433732 0.464528 0.000000
0.011940 188.444397 232.000000 0.495715 0.371419 0.000000
0.017032 223.111099 246.222198 1.208512 0.495565 3.000000
0.011940 223.111099 246.222198 -0.000142 -0.001029 3.000000
0.019577 260.444489 248.888901 1.301486 0.092084 2.000000
0.009394 277.333313 248.000000 0.588687 -0.032066 2.000000
0.014486 293.333313 243.555603 0.557698 -0.156213 2.000000
0.004303 293.333313 243.555603 -0.000142 -0.001029 2.000000
0.011940 323.555511 232.000000 1.053555 -0.404514 2.000000
0.004303 337.777802 223.111099 0.495718 -0.311401 2.000000
0.014486 352.000000 212.444397 0.495715 -0.373476 2.000000
-0.000788 352.000000 212.444397 -0.000142 -0.001029 2.000000
0.004303 366.222198 199.111099 0.495715 -0.466585 2.000000
0.039943 390.222198 161.777802 0.836618 -1.304589 2.000000
0.037397 410.666687 123.555603 0.712655 -1.335626 2.000000
0.062855 426.666687 94.222221 0.557698 -1.025257 3.000000
0.014486 428.444489 91.555557 0.061841 -0.094140 0.000000
0.004303 428.444489 90.666656 -0.000142 -0.032066 0.000000
0.014486 428.444489 90.666656 -0.000142 -0.001029 0.000000
0.001757 424.888885 90.666656 -0.124108 -0.001029 0.000000
0.014486 419.555511 94.222221 -0.186090 0.123120 0.000000
0.001757 411.555511 98.666656 -0.279062 0.154157 0.000000
0.006849 402.666687 104.000000 -0.310051 0.185195 0.000000
0.014486 392.888885 110.222198 -0.341045 0.216231 0.000000
0.001757 392.888885 110.222198 -0.000142 -0.001029 0.000000
0.060309 365.333313 132.444397 -0.960867 0.774900 0.000000
0.037397 349.333313 146.666702 -0.557982 0.495569 0.000000
0.037397 332.444489 159.111099 -0.588971 0.433490 0.000000
0.017032 322.666687 163.555603 -0.341045 0.154159 0.000000
0.004303 312.000000 167.111099 -0.372036 0.123118 0.000000
0.004303 300.444489 169.777802 -0.403025 0.092084 0.000000
0.014486 288.000000 170.666702 -0.434019 0.030009 2.000000
0.011940 276.444489 170.666702 -0.403025 -0.001029 2.000000
0.014486 265.777802 169.777802 -0.372036 -0.032066 2.000000
0.004303 257.777802 168.000000 -0.279062 -0.063104 2.000000
0.014486 252.444397 166.222198 -0.186091 -0.063104 2.000000
0.004303 248.000000 165.333298 -0.155096 -0.032066 2.000000
0.014486 246.222198 165.333298 -0.062125 -0.001029 2.000000
0.004303 244.444397 165.333298 -0.062125 -0.001029 2.000000
0.017032 243.555603 167.111099 -0.031130 0.061047 2.000000
0.004303 243.555603 170.666702 -0.000142 0.123122 2.000000
0.009394 243.555603 175.111099 -0.000142 0.154156 2.000000
0.014486 243.555603 180.444397 -0.000142 0.185193 2.000000
0.009394 242.666702 186.666702 -0.031134 0.216235 2.000000
0.014486 240.000000 192.888901 -0.093117 0.216231 2.000000
0.004303 237.333298 199.111099 -0.093117 0.216231 2.000000
0.014486 228.444397 210.666702 -0.310054 0.402456 3.000000
0.001757 228.444397 210.666702 -0.000142 -0.001029 3.000000
0.017032 223.111099 216.000000 -0.186088 0.185193 0.000000
0.001757 218.666702 219.555603 -0.155096 0.123122 0.000000
0.001757 213.333298 222.222198 -0.186091 0.092080 0.000000
0.017032 208.888901 223.111099 -0.155096 0.030009 0.000000
0.001757 206.222198 223.111099 -0.093117 -0.001029 0.000000
0.014486 203.555603 223.111099 -0.093113 -0.001029 0.000000
0.001757 203.555603 223.111099 -0.000142 -0.001029 0.000000
0.001757 200.888901 219.555603 -0.093117 -0.125175 0.000000
0.011940 199.111099 214.222198 -0.062125 -0.187254 0.000000
0.004303 198.222198 207.111099 -0.031134 -0.249326 0.000000
0.017032 197.333298 197.333298 -0.031134 -0.342438 0.000000
0.001757 196.444397 185.777802 -0.031134 -0.404510 0.000000
0.057763 192.000000 144.000000 -0.155096 -1.459777 0.000000
0.034852 187.555603 117.333298 -0.155096 -0.932145 0.000000
0.055218 178.666702 97.777779 -0.310054 -0.683845 0.000000
0.014486 173.333298 90.666656 -0.186091 -0.249326 1.000000
0.004303 166.222198 85.333344 -0.248071 -0.187251 2.000000
0.055218 144.000000 81.777779 -0.774919 -0.125178 2.000000
0.039943 127.111099 89.777779 -0.588974 0.278306 2.000000
0.045035 112.888901 101.333298 -0.495999 0.402453 2.000000
0.047580 101.333298 112.888901 -0.403028 0.402456 2.000000
0.042489 92.444443 121.777802 -0.310052 0.309344 2.000000
0.045035 90.666656 122.666702 -0.062125 0.030009 2.000000
0.042489 90.666656 122.666702 -0.000142 -0.001029 0.000000
0.039943 93.333344 121.777802 0.092832 -0.032066 0.000000
0.060309 104.888901 117.333298 0.402742 -0.156217 0.000000
0.034852 108.444397 116.444397 0.123820 -0.032066 0.000000
0.034852 113.777802 115.555603 0.185807 -0.032062 0.000000
0.017032 117.333298 117.333298 0.123820 0.061043 0.000000
0.024669 118.222198 120.000000 0.030849 0.092084 0.000000
0.034852 123.555603 125.333298 0.185807 0.185193 0.000000
0.052672 130.666702 131.555603 0.247786 0.216235 0.000000
0.017032 137.777802 139.555603 0.247786 0.278306 1.000000
0.001757 137.777802 139.555603 -0.000142 -0.001029 1.000000
0.037397 139.555603 165.333298 0.061841 0.899047 2.000000
0.001757 139.555603 165.333298 -0.000142 -0.001029 2.000000
0.037397 129.777802 191.111099 -0.341045 0.899050 2.000000
0.057763 110.222198 232.000000 -0.681948 1.426682 2.000000
0.009394 104.000000 245.333298 -0.217079 0.464528 2.000000
0.001757 104.000000 245.333298 -0.000142 -0.001029 2.000000
0.055218 82.666656 284.444489 -0.743929 1.364610 2.000000
0.014486 75.555557 295.111115 -0.248071 0.371416 3.000000
0.001757 67.555557 304.000000 -0.279062 0.309343 3.000000
0.017032 60.444439 311.111115 -0.248071 0.247269 0.000000
0.004303 54.222221 316.444489 -0.217080 0.185196 0.000000
0.057763 46.222221 320.888885 -0.279062 0.154156 0.000000
0.014486 46.222221 316.444489 -0.000142 -0.156213 0.000000
0.001757 46.222221 316.444489 -0.000142 -0.001029 0.000000
0.014486 48.000000 297.777802 0.061840 -0.652810 0.000000
0.001757 48.000000 297.777802 -0.000142 -0.001029 0.000000
0.017032 51.555561 268.444489 0.123822 -1.025255 0.000000
0.001757 51.555561 268.444489 -0.000142 -0.001029 0.000000
0.006849 52.444439 249.777802 0.030849 -0.652810 0.000000
0.014486 52.444439 231.111099 -0.000142 -0.652811 0.000000
0.006849 51.555561 212.444397 -0.031133 -0.652811 0.000000
0.017032 48.000000 195.555603 -0.124107 -0.590732 0.000000
0.004303 41.777779 182.222198 -0.217080 -0.466589 0.000000
0.017032 25.777781 167.111099 -0.557982 -0.528660 0.000000
0.001757 25.777781 167.111099 -0.000142 -0.001029 2.000000
0.006849 16.888889 164.444397 -0.310053 -0.094141 2.000000
0.017032 8.888889 163.555603 -0.279062 -0.032062 2.000000
0.004303 1.777778 163.555603 -0.248071 -0.001029 2.000000
0.017032 -4.444445 164.444397 -0.217080 0.030005 2.000000
0.004303 -8.888889 167.111099 -0.155098 0.092084 2.000000
0.039943 -14.222220 171.555603 -0.186089 0.154159 2.000000
0.073038 -8.888889 184.888901 0.185804 0.464528 2.000000
0.027215 5.333333 197.333298 0.495716 0.433490 2.000000
0.039943 26.666670 210.666702 0.743645 0.464532 0.000000
0.045035 53.333328 223.111099 0.929591 0.433490 0.000000
0.042489 83.555557 235.555603 1.053556 0.433494 0.000000
0.017032 111.111099 244.444397 0.960582 0.309340 0.000000
0.004303 111.111099 244.444397 -0.000142 -0.001029 0.000000
0.075583 143.111099 251.555603 1.115538 0.247272 0.000000
0.029760 145.777802 252.444397 0.092832 0.030005 0.000000
0.045035 152.888901 251.555603 0.247786 -0.032062 0.000000
0.014486 156.444397 248.888901 0.123820 -0.094141 3.000000
0.004303 156.444397 248.888901 -0.000142 -0.001029 3.000000
0.014486 168.000000 240.000000 0.402744 -0.311401 2.000000
0.022123 176.000000 234.666702 0.278778 -0.187250 2.000000
0.034852 194.666702 223.111099 0.650672 -0.404514 2.000000
0.055218 224.000000 209.777802 1.022563 -0.466585 2.000000
0.037397 233.777802 205.333298 0.340761 -0.156217 2.000000
0.052672 264.000000 182.222198 1.053555 -0.807995 2.000000
0.032306 287.111115 156.444397 0.805627 -0.901108 0.000000
0.014486 299.555511 143.111099 0.433732 -0.466585 0.000000
0.019577 312.888885 132.444397 0.464726 -0.373476 0.000000
0.037397 334.222198 120.888901 0.743644 -0.404510 0.000000
0.057763 347.555511 127.111099 0.464724 0.216231 0.000000
0.029760 344.000000 146.666702 -0.124105 0.681791 0.000000
0.055218 332.444489 171.555603 -0.403025 0.868013 0.000000
0.017032 323.555511 192.888901 -0.310056 0.743862 0.000000
0.001757 323.555511 192.888901 -0.000142 -0.001029 0.000000
0.037397 321.777802 208.888901 -0.062122 0.557641 3.000000
0.014486 321.777802 215.111099 -0.000142 0.216231 3.000000
0.004303 321.777802 220.444397 -0.000142 0.185193 2.000000
0.006849 323.555511 225.777802 0.061838 0.185197 2.000000
0.009394 324.444489 232.000000 0.030852 0.216231 2.000000
0.001757 324.444489 232.000000 -0.000142 -0.001029 2.000000
0.052672 325.333313 249.777802 0.030847 0.619716 2.000000
0.067946 323.555511 267.555511 -0.062125 0.619713 2.000000
0.024669 323.555511 275.555511 -0.000142 0.278306 2.000000
0.019577 324.444489 279.111115 0.030852 0.123122 2.000000
0.004303 326.222198 283.555511 0.061838 0.154156 0.000000
0.052672 331.555511 292.444489 0.185804 0.309346 0.000000
0.029760 336.000000 303.111115 0.154815 0.371416 0.000000
0.037397 340.444489 313.777802 0.154815 0.371418 0.000000
0.004303 342.222198 319.111115 0.061838 0.185194 0.000000
0.034852 345.777802 328.000000 0.123824 0.309343 0.000000
0.055218 351.111115 333.333313 0.185804 0.185194 0.000000
0.014486 354.666687 334.222198 0.123823 0.030009 0.000000
0.001757 358.222198 334.222198 0.123821 -0.001029 0.000000
0.055218 372.444489 329.777802 0.495718 -0.156213 1.000000
0.042489 376.000000 318.222198 0.123821 -0.404514 2.000000
0.070492 366.222198 285.333313 -0.341045 -1.149404 2.000000
0.039943 347.555511 254.222198 -0.650956 -1.087330 2.000000
0.037397 321.777802 221.333298 -0.898882 -1.149405 2.000000
0.034852 286.222198 193.777802 -1.239788 -0.963179 2.000000
0.039943 240.000000 178.666702 -1.611679 -0.528660 2.000000
0.014486 214.222198 176.000000 -0.898885 -0.094141 2.000000
0.011940 188.444397 175.111099 -0.898885 -0.032066 2.000000
0.017032 166.222198 175.111099 -0.774919 -0.001029 3.000000
0.006849 148.444397 177.777802 -0.619965 0.092084 3.000000
0.014486 136.000000 178.666702 -0.434016 0.030009 0.000000
0.006849 130.666702 179.555603 -0.186088 0.030009 0.000000
0.070492 149.333298 179.555603 0.650669 -0.001029 0.000000
0.027215 190.222198 176.888901 1.425449 -0.094141 0.000000
0.055218 247.111099 176.888901 1.983289 -0.001029 0.000000
0.037397 312.000000 185.777802 2.262209 0.309344 0.000000
0.065400 389.333313 209.777802 2.696084 0.836975 0.000000
0.024669 416.888885 228.444397 0.960583 0.650750 1.000000
0.011940 423.111115 237.333298 0.216796 0.309344 1.000000
0.034852 421.333313 253.333298 -0.062125 0.557641 2.000000
0.024669 413.333313 260.444489 -0.279062 0.247272 2.000000
0.062855 367.111115 278.222198 -1.611679 0.619713 2.000000
0.019577 345.777802 282.666687 -0.743928 0.154159 2.000000
0.052672 286.222198 297.777802 -2.076548 0.526604 2.000000
0.034852 253.333298 309.333313 -1.146814 0.402453 2.000000
0.014486 240.000000 314.666687 -0.465008 0.185196 2.000000
0.001757 229.333298 319.111115 -0.372037 0.154157 3.000000
0.001757 229.333298 319.111115 -0.000142 -0.001029 3.000000
0.065400 222.222198 328.888885 -0.248071 0.340380 0.000000
0.022123 229.333298 328.888885 0.247786 -0.001029 0.000000
0.014486 240.888901 326.222198 0.402744 -0.094141 0.000000
-0.000788 240.888901 326.222198 -0.000142 -0.001029 0.000000
0.017032 270.222198 314.666687 1.022563 -0.404510 0.000000
0.001757 270.222198 314.666687 -0.000142 -0.001029 0.000000
0.004303 287.111115 305.777802 0.588690 -0.311400 0.000000
0.014486 305.777802 294.222198 0.650672 -0.404514 0.000000
0.001757 324.444489 280.000000 0.650672 -0.497623 0.000000
0.014486 344.000000 262.222198 0.681661 -0.621773 0.000000
0.001757 363.555511 240.888901 0.681661 -0.745920 0.000000
0.001757 381.333313 217.777802 0.619681 -0.807995 0.000000
0.011940 396.444489 194.666702 0.526709 -0.807995 0.000000
0.001757 409.777802 172.444397 0.464724 -0.776961 0.000000
0.017032 420.444489 153.777802 0.371752 -0.652807 1.000000
0.004303 420.444489 153.777802 -0.000142 -0.001029 1.000000
0.001757 429.333313 138.666702 0.309767 -0.528660 2.000000
0.014486 441.777802 119.111099 0.433735 -0.683848 2.000000
0.001757 441.777802 119.111099 -0.000142 -0.001029 2.000000
0.017032 445.333313 113.777802 0.123821 -0.187250 2.000000
0.019577 447.111115 110.222198 0.061841 -0.125179 2.000000
0.029760 443.555511 109.333298 -0.124108 -0.032066 2.000000
0.055218 426.666687 114.666702 -0.588971 0.185197 2.000000
0.065400 389.333313 134.222198 -1.301770 0.681787 2.000000
0.022123 379.555511 141.333298 -0.341045 0.247268 2.000000
0.039943 363.555511 154.666702 -0.557982 0.464532 2.000000
0.019577 351.111115 166.222198 -0.434016 0.402453 0.000000
0.009394 345.777802 172.444397 -0.186088 0.216231 0.000000
0.045035 333.333313 186.666702 -0.434019 0.495569 0.000000
0.045035 322.666687 201.777802 -0.372034 0.526603 0.000000
0.045035 318.222198 215.111099 -0.155099 0.464528 0.000000
0.039943 320.888885 224.000000 0.092832 0.309344 0.000000
0.070492 346.666687 224.000000 0.898601 -0.001029 0.000000
0.027215 354.666687 219.555603 0.278778 -0.156213 0.000000
0.045035 374.222198 192.000000 0.681661 -0.963183 1.000000
0.039943 377.777802 177.777802 0.123824 -0.497623 2.000000
0.014486 380.444489 160.888901 0.092832 -0.590735 2.000000
0.019577 381.333313 125.333298 0.030847 -1.242517 2.000000
0.032306 376.000000 96.000000 -0.186088 -1.025254 2.000000
0.034852 363.555511 78.222221 -0.434019 -0.621772 2.000000
-0.000788 363.555511 78.222221 -0.000142 -0.001029 2.000000
0.067946 343.111115 65.777779 -0.712936 -0.435549 2.000000
0.024669 331.555511 63.111111 -0.403028 -0.094140 2.000000
0.067946 313.777802 62.222221 -0.619962 -0.032066 0.000000
0.022123 306.666687 64.000000 -0.248071 0.061046 0.000000
0.065400 286.222198 73.777779 -0.712939 0.340380 0.000000
0.024669 280.000000 79.111107 -0.217079 0.185194 0.000000
0.017032 272.888885 92.444443 -0.248071 0.464529 0.000000
-0.000788 272.888885 92.444443 -0.000142 -0.001029 0.000000
0.014486 270.222198 107.555603 -0.093116 0.526605 0.000000
0.017032 269.333313 114.666702 -0.031133 0.247268 0.000000
0.073038 264.000000 128.888901 -0.186088 0.495565 0.000000
0.024669 260.444489 130.666702 -0.124105 0.061047 0.000000
0.017032 251.555603 132.444397 -0.310053 0.061043 1.000000
0.009394 247.111099 132.444397 -0.155100 -0.001029 1.000000
0.011940 241.777802 129.777802 -0.186088 -0.094138 2.000000
0.001757 241.777802 129.777802 -0.000142 -0.001029 2.000000
0.011940 232.000000 121.777802 -0.341045 -0.280363 2.000000
-0.000788 232.000000 121.777802 -0.000142 -0.001029 2.000000
0.001757 227.555603 115.555603 -0.155096 -0.218288 2.000000
0.014486 223.111099 108.444397 -0.155100 -0.249329 2.000000
0.004303 217.777802 99.555557 -0.186088 -0.311399 2.000000
0.014486 212.444397 89.777779 -0.186091 -0.342438 2.000000
0.004303 207.111099 80.000000 -0.186088 -0.342438 2.000000
0.004303 199.111099 71.111107 -0.279062 -0.311400 2.000000
0.022123 191.111099 63.111111 -0.279062 -0.280363 2.000000
0.019577 182.222198 56.888889 -0.310054 -0.218289 2.000000
0.004303 172.444397 53.333328 -0.341045 -0.125177 2.000000
0.022123 153.777802 53.333328 -0.650953 -0.001029 2.000000
0.042489 141.333298 62.222221 -0.434020 0.309343 2.000000
0.050126 136.888901 77.333344 -0.155096 0.526604 0.000000
0.042489 139.555603 96.000000 0.092832 0.650752 0.000000
0.032306 147.555603 115.555603 0.278778 0.681791 0.000000
0.039943 154.666702 136.000000 0.247786 0.712825 0.000000
0.042489 158.222198 160.000000 0.123820 0.836975 0.000000
0.045035 158.222198 183.111099 -0.000142 0.805938 0.000000
0.073038 154.666702 204.444397 -0.124105 0.743862 0.000000
0.034852 153.777802 205.333298 -0.031134 0.030009 0.000000
0.027215 152.888901 204.444397 -0.031134 -0.032066 2.000000
0.065400 149.333298 198.222198 -0.124108 -0.218288 2.000000
-0.000788 146.666702 195.555603 -0.093113 -0.094138 2.000000
0.001757 146.666702 195.555603 -0.000142 -0.001029 2.000000
0.057763 135.111099 185.777802 -0.403028 -0.342438 2.000000
0.062855 115.555603 165.333298 -0.681944 -0.714886 2.000000
0.022123 108.444397 156.444397 -0.248074 -0.311401 2.000000
0.032306 94.222221 136.000000 -0.495998 -0.714882 3.000000
0.017032 88.000000 128.000000 -0.217080 -0.280363 3.000000
0.001757 83.555557 121.777802 -0.155098 -0.218288 0.000000
0.001757 79.111107 119.111099 -0.155098 -0.094141 0.000000
0.062855 67.555557 121.777802 -0.403026 0.092084 0.000000
0.001757 67.555557 121.777802 -0.000142 -0.001029 0.000000
0.006849 63.111111 128.888901 -0.155098 0.247268 0.000000
0.037397 55.111111 149.333298 -0.279062 0.712825 0.000000
0.042489 53.333328 174.222198 -0.062125 0.868013 0.000000
0.017032 56.888889 199.111099 0.123822 0.868013 0.000000
0.006849 56.888889 199.111099 -0.000142 -0.001029 0.000000
0.017032 68.444443 217.777802 0.402742 0.650753 0.000000
0.009394 74.666656 225.777802 0.216795 0.278306 0.000000
0.011940 81.777779 232.888901 0.247787 0.247268 0.000000
0.001757 81.777779 232.888901 -0.000142 -0.001029 0.000000
0.009394 94.222221 242.666702 0.433733 0.340381 1.000000
0.014486 98.666656 246.222198 0.154813 0.123118 1.000000
0.009394 102.222198 249.777802 0.123822 0.123122 2.000000
0.014486 104.000000 252.444397 0.061841 0.092080 2.000000
0.009394 104.888901 254.222198 0.030849 0.061047 2.000000
0.017032 105.777802 256.000000 0.030849 0.061047 2.000000
0.009394 105.777802 256.888885 -0.000142 0.030009 2.000000
0.014486 105.777802 256.888885 -0.000142 -0.001029 2.000000
0.009394 106.666702 256.888885 0.030849 -0.001029 2.000000
0.067946 109.333298 243.555603 0.092829 -0.466584 2.000000
0.024669 112.888901 220.444397 0.123824 -0.807998 2.000000
0.017032 113.777802 206.222198 0.030849 -0.497623 3.000000
0.004303 113.777802 206.222198 -0.000142 -0.001029 3.000000
0.017032 112.000000 174.222198 -0.062125 -1.118367 0.000000
0.039943 104.000000 146.666702 -0.279062 -0.963179 0.000000
0.037397 92.444443 127.111099 -0.403027 -0.683848 0.000000
0.042489 78.222221 116.444397 -0.496000 -0.373476 0.000000
0.029760 63.111111 113.777802 -0.526991 -0.094138 0.000000
0.042489 46.222221 119.111099 -0.588973 0.185193 0.000000
0.045035 25.777781 136.888901 -0.712938 0.619716 0.000000
0.017032 15.111110 148.444397 -0.372036 0.402453 0.000000
0.006849 7.111111 161.777802 -0.279062 0.464532 0.000000
0.073038 -4.444445 212.444397 -0.403027 1.768088 0.000000
0.009394 0.000000 222.222198 0.154813 0.340381 2.000000
0.019577 6.222222 231.111099 0.216796 0.309344 2.000000
0.037397 27.555559 245.333298 0.743645 0.495565 2.000000
-0.000788 27.555559 245.333298 -0.000142 -0.001029 2.000000
0.004303 40.888889 249.777802 0.464724 0.154159 2.000000
0.014486 54.222221 254.222198 0.464724 0.154156 2.000000
0.001757 69.333344 256.888885 0.526707 0.092084 2.000000
0.011940 83.555557 260.444489 0.495715 0.123122 2.000000
0.001757 98.666656 263.111115 0.526706 0.092082 2.000000
-0.000788 98.666656 263.111115 -0.000142 -0.001029 2.000000
0.014486 130.666702 270.222198 1.115539 0.247268 2.000000
-0.000788 130.666702 270.222198 -0.000142 -0.001029 2.000000
0.001757 146.666702 272.888885 0.557698 0.092084 2.000000
0.014486 161.777802 276.444489 0.526706 0.123122 3.000000
0.004303 176.888901 280.000000 0.526706 0.123119 3.000000
0.011940 190.222198 283.555511 0.464723 0.123119 3.000000
0.004303 202.666702 286.222198 0.433735 0.092084 0.000000
0.004303 202.666702 286.222198 -0.000142 -0.001029 0.000000
0.009394 226.666702 289.777802 0.836618 0.123122 0.000000
-0.000788 226.666702 289.777802 -0.000142 -0.001029 0.000000
0.014486 236.444397 289.777802 0.340757 -0.001029 0.000000
0.019577 253.333298 289.777802 0.588689 -0.001029 0.000000
0.070492 269.333313 285.333313 0.557698 -0.156216 0.000000
0.022123 273.777802 282.666687 0.154815 -0.094139 0.000000
0.065400 289.777802 262.222198 0.557698 -0.714885 0.000000
0.022123 301.333313 238.222198 0.402741 -0.839032 0.000000
0.034852 313.777802 205.333298 0.433735 -1.149405 2.000000
0.017032 313.777802 205.333298 -0.000142 -0.001029 2.000000
0.001757 321.777802 188.444397 0.278778 -0.590735 2.000000
0.004303 328.888885 173.333298 0.247786 -0.528660 2.000000
0.014486 336.888885 160.000000 0.278778 -0.466585 2.000000
0.004303 345.777802 148.444397 0.309770 -0.404514 2.000000
0.017032 353.777802 140.444397 0.278778 -0.280363 2.000000
0.001757 361.777802 134.222198 0.278778 -0.218288 2.000000
0.017032 369.777802 129.777802 0.278778 -0.156213 2.000000
0.001757 376.000000 127.111099 0.216795 -0.094141 2.000000
0.004303 383.111115 126.222198 0.247787 -0.032066 2.000000
0.014486 388.444489 126.222198 0.185806 -0.001029 2.000000
0.001757 393.777802 130.666702 0.185804 0.154159 2.000000
0.017032 399.111115 137.777802 0.185804 0.247268 2.000000
-0.000788 399.111115 137.777802 -0.000142 -0.001029 2.000000
0.001757 402.666687 147.555603 0.123823 0.340381 2.000000
0.017032 405.333313 159.111099 0.092830 0.402453 2.000000
0.001757 407.111115 171.555603 0.061841 0.433494 2.000000
0.019577 410.666687 196.444397 0.123823 0.868009 0.000000
0.009394 410.666687 196.444397 -0.000142 -0.001029 0.000000
0.006849 412.444489 208.000000 0.061841 0.402456 0.000000
0.001757 414.222198 217.777802 0.061838 0.340381 0.000000
0.001757 416.888885 225.777802 0.092832 0.278306 0.000000
0.014486 419.555511 233.777802 0.092830 0.278306 0.000000
0.004303 423.111115 240.000000 0.123824 0.216231 0.000000
0.014486 426.666687 244.444397 0.123823 0.154156 0.000000
-0.000788 426.666687 244.444397 -0.000142 -0.001029 0.000000
0.004303 430.222198 247.111099 0.123821 0.092084 0.000000
0.017032 437.333313 248.888901 0.247787 0.061047 0.000000
0.034852 440.000000 248.888901 0.092832 -0.001029 0.000000
0.019577 445.333313 244.444397 0.185804 -0.156217 0.000000
0.067946 449.777802 230.222198 0.154815 -0.497623 0.000000
0.027215 450.666687 217.777802 0.030849 -0.435547 1.000000
0.034852 448.888885 211.555603 -0.062125 -0.218288 2.000000
0.017032 446.222198 205.333298 -0.093116 -0.218292 2.000000
0.004303 440.888885 199.111099 -0.186088 -0.218288 2.000000
0.014486 434.666687 192.888901 -0.217079 -0.218288 2.000000
0.019577 418.666687 184.000000 -0.557982 -0.311401 2.000000
0.065400 390.222198 188.444397 -0.991859 0.154156 2.000000
0.032306 380.444489 196.444397 -0.341042 0.278306 2.000000
0.060309 353.777802 240.000000 -0.929876 1.519795 2.000000
0.042489 342.222198 271.111115 -0.403028 1.085273 2.000000
0.001757 337.777802 285.333313 -0.155096 0.495565 2.000000
0.006849 334.222198 296.888885 -0.124108 0.402455 2.000000
0.045035 326.222198 318.222198 -0.279062 0.743863 0.000000
0.042489 324.444489 321.777802 -0.062122 0.123122 0.000000
0.014486 323.555511 323.555511 -0.031136 0.061043 0.000000
0.042489 323.555511 324.444489 -0.000142 0.030012 0.000000
0.039943 323.555511 324.444489 -0.000142 -0.001029 0.000000
0.034852 323.555511 324.444489 -0.000142 -0.001029 0.000000
0.052672 326.222198 323.555511 0.092832 -0.032069 0.000000
0.024669 335.111115 316.444489 0.309770 -0.249323 0.000000
0.070492 359.111115 291.555511 0.836618 -0.870073 0.000000
0.022123 368.888885 279.111115 0.340760 -0.435547 1.000000
0.034852 385.777802 249.777802 0.588690 -1.025255 2.000000
0.014486 393.777802 236.444397 0.278778 -0.466589 2.000000
0.001757 400.000000 225.777802 0.216795 -0.373472 2.000000
0.014486 404.444489 216.888901 0.154815 -0.311401 2.000000
0.060309 413.333313 200.888901 0.309767 -0.559698 2.000000
0.001757 413.333313 200.888901 -0.000142 -0.001029 2.000000
0.014486 416.000000 196.444397 0.092832 -0.156217 2.000000
0.047580 424.888885 176.888901 0.309769 -0.683844 2.000000
0.022123 428.444489 168.000000 0.123824 -0.311401 2.000000
0.060309 432.000000 136.888901 0.123821 -1.087329 2.000000
0.055218 422.222198 120.888901 -0.341045 -0.559698 0.000000
0.019577 414.222198 120.000000 -0.279062 -0.032066 0.000000
0.047580 391.111115 121.777802 -0.805910 0.061047 0.000000
0.014486 355.555511 132.444397 -1.239788 0.371415 0.000000
-0.000788 355.555511 132.444397 -0.000142 -0.001029 0.000000
0.014486 334.222198 142.222198 -0.743928 0.340381 0.000000
0.001757 312.888885 155.555603 -0.743928 0.464532 0.000000
0.001757 291.555511 171.555603 -0.743930 0.557641 0.000000
0.014486 272.000000 190.222198 -0.681945 0.650750 0.000000
0.001757 272.000000 190.222198 -0.000142 -0.001029 0.000000
0.017032 234.666702 228.444397 -1.301768 1.333569 0.000000
0.004303 216.888901 247.111099 -0.619965 0.650753 0.000000
0.011940 200.888901 265.777802 -0.557982 0.650753 0.000000
-0.000788 200.888901 265.777802 -0.000142 -0.001029 0.000000
0.004303 185.777802 282.666687 -0.526991 0.588678 0.000000
0.014486 170.666702 297.777802 -0.526991 0.526604 0.000000
0.006849 156.444397 311.111115 -0.496003 0.464528 0.000000
0.022123 131.555603 329.777802 -0.867890 0.650753 0.000000
0.006849 121.777802 335.111115 -0.341045 0.185194 2.000000
0.024669 113.777802 338.666687 -0.279062 0.123121 2.000000
0.047580 102.222198 337.777802 -0.403028 -0.032066 2.000000
0.042489 96.000000 323.555511 -0.217079 -0.497626 2.000000
0.042489 92.444443 298.666687 -0.124107 -0.870067 2.000000
0.045035 88.888893 253.333298 -0.124106 -1.583927 2.000000
0.042489 84.444443 227.555603 -0.155098 -0.901104 2.000000
0.045035 79.111107 205.333298 -0.186089 -0.776961 2.000000
0.039943 75.555557 180.444397 -0.124106 -0.870070 0.000000
0.034852 74.666656 152.888901 -0.031134 -0.963179 0.000000
0.057763 74.666656 114.666702 -0.000142 -1.335626 0.000000
0.037397 72.888893 99.555557 -0.062124 -0.528662 0.000000
0.024669 70.222221 95.111107 -0.093116 -0.156215 0.000000
0.067946 61.333328 88.888893 -0.310053 -0.218288 0.000000
0.022123 57.777779 88.000000 -0.124106 -0.032066 0.000000
0.065400 57.777779 87.111107 -0.000142 -0.032066 0.000000
0.022123 64.000000 93.333344 0.216796 0.216232 1.000000
0.019577 71.111107 98.666656 0.247787 0.185194 2.000000
0.034852 94.222221 107.555603 0.805627 0.309345 2.000000
0.047580 128.000000 108.444397 1.177520 0.030005 2.000000
0.019577 168.000000 103.111099 1.394458 -0.187250 2.000000
0.070492 223.111099 86.222221 1.921306 -0.590735 2.000000
0.009394 237.333298 81.777779 0.495715 -0.156214 2.000000
0.014486 248.888901 80.000000 0.402744 -0.063103 2.000000
0.001757 257.777802 80.000000 0.309769 -0.001029 2.000000
0.001757 257.777802 80.000000 -0.000142 -0.001029 2.000000
0.011940 264.000000 80.000000 0.216795 -0.001029 2.000000
0.001757 268.444489 83.555557 0.154815 0.123120 3.000000
0.014486 269.333313 88.888893 0.030847 0.185195 3.000000
0.004303 269.333313 95.111107 -0.000142 0.216231 0.000000
0.014486 268.444489 104.000000 -0.031131 0.309343 0.000000
0.001757 263.111115 113.777802 -0.186090 0.340381 0.000000
0.004303 257.777802 124.444397 -0.186088 0.371415 0.000000
0.014486 251.555603 136.000000 -0.217079 0.402456 0.000000
0.001757 246.222198 148.444397 -0.186091 0.433490 0.000000
0.017032 242.666702 160.888901 -0.124105 0.433494 0.000000
0.004303 239.111099 173.333298 -0.124108 0.433490 0.000000
0.004303 239.111099 173.333298 -0.000142 -0.001029 0.000000
0.017032 235.555603 197.333298 -0.124105 0.836975 0.000000
0.001757 235.555603 197.333298 -0.000142 -0.001029 0.000000
0.017032 235.555603 217.777802 -0.000142 0.712829 0.000000
0.004303 235.555603 217.777802 -0.000142 -0.001029 0.000000
0.017032 240.888901 233.777802 0.185803 0.557641 0.000000
0.039943 248.888901 244.444397 0.278778 0.371415 0.000000
0.029760 252.444397 246.222198 0.123820 0.061047 0.000000
0.042489 261.333313 243.555603 0.309770 -0.094138 1.000000
0.037397 264.888885 230.222198 0.123823 -0.466589 2.000000
0.014486 266.666687 219.555603 0.061841 -0.373472 2.000000
0.039943 272.000000 190.222198 0.185804 -1.025258 2.000000
0.039943 280.888885 148.444397 0.309769 -1.459777 2.000000
0.029760 287.111115 125.333298 0.216796 -0.807995 2.000000
0.067946 309.333313 49.777779 0.774635 -2.639187 2.000000
0.034852 312.000000 38.222221 0.092832 -0.404512 2.000000
0.057763 312.000000 15.111110 -0.000142 -0.807995 2.000000
0.037397 304.000000 5.333333 -0.279062 -0.342437 0.000000
0.009394 296.888885 3.555556 -0.248071 -0.063103 0.000000
0.001757 288.000000 3.555556 -0.310053 -0.001029 0.000000
0.070492 245.333298 27.555559 -1.487717 0.836975 0.000000
0.047580 210.666702 57.777779 -1.208793 1.054235 0.000000
0.042489 179.555603 88.000000 -1.084831 1.054235 0.000000
0.042489 152.888901 112.000000 -0.929877 0.836975 0.000000
0.004303 140.444397 120.888901 -0.434020 0.309344 0.000000
0.019577 117.333298 138.666702 -0.805911 0.619716 0.000000
0.001757 117.333298 138.666702 -0.000142 -0.001029 0.000000
0.019577 95.111107 154.666702 -0.774919 0.557641 1.000000
0.029760 84.444443 161.777802 -0.372035 0.247268 1.000000
0.017032 64.888893 175.111099 -0.681946 0.464528 2.000000
0.006849 64.888893 175.111099 -0.000142 -0.001029 2.000000
0.045035 49.777779 181.333298 -0.526991 0.216231 2.000000
0.067946 47.111111 173.333298 -0.093116 -0.280363 2.000000
0.022123 47.111111 165.333298 -0.000142 -0.280363 2.000000
0.011940 47.111111 157.333298 -0.000142 -0.280363 2.000000
0.001757 47.111111 148.444397 -0.000142 -0.311401 2.000000
0.017032 47.111111 139.555603 -0.000142 -0.311397 2.000000
0.001757 45.333328 132.444397 -0.062125 -0.249329 2.000000
0.014486 43.555561 126.222198 -0.062124 -0.218288 2.000000
0.062855 35.555561 112.000000 -0.279062 -0.497623 0.000000
0.037397 30.222219 104.888901 -0.186089 -0.249326 0.000000
0.034852 25.777781 96.000000 -0.155098 -0.311401 0.000000
0.052672 19.555559 88.000000 -0.217080 -0.280363 0.000000
0.037397 14.222220 80.000000 -0.186089 -0.280363 0.000000
0.060309 10.666670 75.555557 -0.124106 -0.156214 0.000000
0.032306 10.666670 74.666656 -0.000142 -0.032066 0.000000
-0.000788 10.666670 74.666656 -0.000142 -0.001029 0.000000
0.006849 9.777778 74.666656 -0.031133 -0.001029 0.000000
0.080675 2.666667 108.444397 -0.248071 1.178383 1.000000
0.009394 2.666667 108.444397 -0.000142 -0.001029 1.000000
0.017032 -0.888889 134.222198 -0.124107 0.899050 2.000000
0.006849 -0.888889 147.555603 -0.000142 0.464532 2.000000
0.017032 -0.888889 160.888901 -0.000142 0.464528 2.000000
0.001757 -0.888889 174.222198 -0.000142 0.464528 2.000000
0.017032 -0.888889 188.444397 -0.000142 0.495565 2.000000
0.001757 -0.888889 202.666702 -0.000142 0.495569 2.000000
0.019577 -0.888889 217.777802 -0.000142 0.526603 2.000000
0.004303 -3.555556 234.666702 -0.093116 0.588678 2.000000
0.019577 -7.111111 252.444397 -0.124107 0.619712 2.000000
0.004303 -10.666670 270.222198 -0.124107 0.619716 2.000000
0.009394 -13.333330 287.111115 -0.093115 0.588679 2.000000
0.011940 -15.111110 301.333313 -0.062124 0.495565 2.000000
0.009394 -15.111110 312.000000 -0.000142 0.371418 2.000000
0.014486 -15.111110 319.111115 -0.000142 0.247269 2.000000
0.004303 -14.222220 323.555511 0.030849 0.154156 3.000000
0.014486 -12.444440 325.333313 0.061840 0.061047 3.000000
0.004303 -9.777778 325.333313 0.092831 -0.001029 0.000000
0.019577 -6.222222 323.555511 0.123822 -0.063104 0.000000
0.024669 0.888889 306.666687 0.247787 -0.590733 0.000000
0.073038 14.222220 256.888885 0.464724 -1.739111 0.000000
0.034852 28.444441 210.666702 0.495716 -1.614960 0.000000
0.055218 48.888889 162.666702 0.712654 -1.677036 0.000000
0.037397 73.777779 121.777802 0.867609 -1.428739 0.000000
0.037397 98.666656 88.000000 0.867609 -1.180442 0.000000
0.001757 110.222198 73.777779 0.402742 -0.497623 0.000000
0.004303 120.000000 62.222221 0.340761 -0.404512 0.000000
0.017032 128.000000 53.333328 0.278778 -0.311400 1.000000
0.037397 140.444397 44.444439 0.433732 -0.311400 2.000000
0.055218 153.777802 43.555561 0.464727 -0.032065 2.000000
0.032306 157.333298 48.000000 0.123820 0.154157 2.000000
0.055218 171.555603 80.888893 0.495719 1.147347 2.000000
0.019577 176.888901 96.888893 0.185803 0.557641 2.000000
0.014486 183.111099 113.777802 0.216795 0.588678 2.000000
0.001757 191.111099 130.666702 0.278778 0.588678 2.000000
0.014486 198.222198 147.555603 0.247786 0.588678 2.000000
0.001757 206.222198 165.333298 0.278778 0.619712 2.000000
0.001757 213.333298 181.333298 0.247786 0.557641 2.000000
0.014486 220.444397 198.222198 0.247786 0.588678 2.000000
0.004303 226.666702 214.222198 0.216799 0.557641 2.000000
0.014486 232.000000 229.333298 0.185803 0.526603 2.000000
0.004303 234.666702 244.444397 0.092832 0.526603 0.000000
0.017032 236.444397 259.555511 0.061837 0.526604 0.000000
0.001757 236.444397 259.555511 -0.000142 -0.001029 0.000000
0.001757 236.444397 273.777802 -0.000142 0.495569 0.000000
0.011940 236.444397 285.333313 -0.000142 0.402453 0.000000
0.001757 235.555603 295.111115 -0.031130 0.340381 0.000000
0.014486 235.555603 301.333313 -0.000142 0.216231 0.000000
-0.000788 234.666702 304.000000 -0.031134 0.092084 0.000000
0.001757 234.666702 304.000000 -0.000142 -0.001029 0.000000
0.014486 235.555603 304.888885 0.030849 0.030009 0.000000
0.037397 240.888901 293.333313 0.185803 -0.404512 0.000000
0.037397 248.000000 269.333313 0.247786 -0.839032 0.000000
0.057763 253.333298 231.111099 0.185803 -1.335627 0.000000
0.037397 256.888885 180.444397 0.123823 -1.770149 0.000000
0.001757 257.777802 152.888901 0.030850 -0.963179 1.000000
0.006849 258.666687 127.111099 0.030849 -0.901108 1.000000
0.039943 260.444489 80.000000 0.061841 -1.645999 2.000000
0.014486 261.333313 60.444439 0.030847 -0.683847 2.000000
0.039943 263.111115 30.222219 0.061841 -1.056293 2.000000
0.004303 263.111115 18.666670 -0.000142 -0.404512 2.000000
0.017032 263.111115 8.000000 -0.000142 -0.373475 2.000000
0.060309 263.111115 -10.666670 -0.000142 -0.652809 2.000000
0.037397 263.111115 -14.222220 -0.000142 -0.125177 2.000000
0.034852 264.888885 -11.555560 0.061840 0.092083 2.000000
0.052672 264.888885 8.888889 -0.000142 0.712827 2.000000
0.024669 258.666687 46.222221 -0.217079 1.302533 0.000000
0.057763 250.666702 88.888893 -0.279062 1.488756 0.000000
-0.000788 248.000000 109.333298 -0.093117 0.712825 0.000000
0.032306 246.222198 146.666702 -0.062125 1.302535 0.000000
0.052672 243.555603 183.111099 -0.093113 1.271494 0.000000
0.034852 240.000000 214.222198 -0.124108 1.085272 0.000000
0.047580 237.333298 239.111099 -0.093117 0.868013 0.000000
0.050126 243.555603 241.777802 0.216799 0.092084 0.000000
0.034852 257.777802 229.333298 0.495715 -0.435551 0.000000
0.052672 276.444489 204.444397 0.650672 -0.870070 0.000000
0.024669 298.666687 166.222198 0.774635 -1.335626 1.000000
0.060309 324.444489 125.333298 0.898601 -1.428739 2.000000
0.047580 358.222198 94.222221 1.177518 -1.087329 2.000000
0.050126 373.333313 88.888893 0.526707 -0.187251 2.000000
0.006849 379.555511 88.888893 0.216795 -0.001029 2.000000
0.014486 384.888885 88.888893 0.185806 -0.001029 2.000000
0.027215 390.222198 91.555557 0.185804 0.092083 2.000000
0.065400 404.444489 119.111099 0.495718 0.961123 2.000000
0.004303 406.222198 128.888901 0.061838 0.340381 3.000000
0.017032 408.888885 138.666702 0.092832 0.340381 3.000000
0.024669 410.666687 149.333298 0.061841 0.371415 0.000000
0.014486 411.555511 160.000000 0.030847 0.371419 0.000000
0.045035 410.666687 191.111099 -0.031131 1.085272 0.000000
0.034852 408.000000 201.777802 -0.093116 0.371419 0.000000
0.055218 400.888885 224.888901 -0.248071 0.805938 0.000000
0.037397 396.444489 232.888901 -0.155096 0.278306 0.000000
0.037397 391.111115 235.555603 -0.186090 0.092084 0.000000
0.032306 386.666687 235.555603 -0.155097 -0.001029 0.000000
0.067946 358.222198 216.888901 -0.991859 -0.652811 1.000000
0.037397 342.222198 193.777802 -0.557982 -0.807995 2.000000
0.052672 332.444489 160.888901 -0.341042 -1.149405 2.000000
0.034852 324.444489 118.222198 -0.279062 -1.490814 2.000000
0.052672 316.444489 78.222221 -0.279062 -1.397701 2.000000
0.047580 302.222198 47.111111 -0.496002 -1.087330 2.000000
0.029760 295.111115 41.777779 -0.248070 -0.187252 2.000000
0.052672 291.555511 44.444439 -0.124108 0.092083 2.000000
0.052672 292.444489 72.888893 0.030852 0.992161 2.000000
-0.000788 292.444489 72.888893 -0.000142 -0.001029 3.000000
0.017032 296.000000 89.777779 0.123821 0.588678 0.000000
0.034852 305.777802 131.555603 0.340761 1.457720 0.000000
0.055218 326.222198 198.222198 0.712652 2.326757 0.000000
-0.000788 326.222198 198.222198 -0.000142 -0.001029 0.000000
0.009394 343.111115 234.666702 0.588690 1.271498 0.000000
0.014486 352.888885 248.888901 0.340760 0.495565 0.000000
0.009394 352.888885 248.888901 -0.000142 -0.001029 0.000000
0.014486 371.555511 269.333313 0.650670 0.712825 0.000000
0.006849 380.444489 274.666687 0.309772 0.185196 0.000000
0.019577 390.222198 277.333313 0.340758 0.092082 0.000000
0.001757 390.222198 277.333313 -0.000142 -0.001029 0.000000
0.017032 409.777802 277.333313 0.681664 -0.001029 0.000000
0.001757 419.555511 272.888885 0.340758 -0.156214 0.000000
0.019577 430.222198 267.555511 0.371752 -0.187253 0.000000
-0.000788 430.222198 267.555511 -0.000142 -0.001029 0.000000
0.009394 440.000000 259.555511 0.340761 -0.280363 0.000000
0.017032 458.666687 241.777802 0.650672 -0.621770 1.000000
0.009394 465.777802 233.777802 0.247787 -0.280363 1.000000
0.014486 471.111115 226.666702 0.185804 -0.249326 2.000000
0.034852 478.222198 217.777802 0.247786 -0.311401 2.000000
0.052672 480.888885 213.333298 0.092832 -0.156217 2.000000
0.032306 479.111115 210.666702 -0.062124 -0.094138 2.000000
0.055218 456.888885 206.222198 -0.774920 -0.156217 2.000000
0.037397 433.777802 206.222198 -0.805910 -0.001029 2.000000
0.039943 404.444489 206.222198 -1.022848 -0.001029 2.000000
0.060309 353.777802 212.444397 -1.766636 0.216231 0.000000
0.042489 319.111115 220.444397 -1.208796 0.278306 0.000000
0.042489 284.444489 230.222198 -1.208794 0.340381 0.000000
0.042489 248.000000 241.777802 -1.270779 0.402456 0.000000
0.001757 248.000000 241.777802 -0.000142 -0.001029 0.000000
0.017032 214.222198 251.555603 -1.177805 0.340381 0.000000
0.060309 178.666702 259.555511 -1.239784 0.278303 0.000000
0.039943 165.333298 261.333313 -0.465011 0.061047 0.000000
0.042489 156.444397 261.333313 -0.310054 -0.001029 0.000000
0.001757 156.444397 261.333313 -0.000142 -0.001029 0.000000
0.004303 152.888901 261.333313 -0.124105 -0.001029 0.000000
0.014486 144.888901 262.222198 -0.279062 0.030009 0.000000
0.004303 144.888901 262.222198 -0.000142 -0.001029 0.000000
0.014486 141.333298 263.111115 -0.124108 0.030010 1.000000
0.017032 132.444397 263.111115 -0.310054 -0.001029 2.000000
0.004303 132.444397 263.111115 -0.000142 -0.001029 2.000000
0.001757 128.000000 263.111115 -0.155096 -0.001029 2.000000
0.011940 124.444397 260.444489 -0.124108 -0.094139 2.000000
0.001757 121.777802 256.888885 -0.093113 -0.125179 2.000000
0.004303 121.777802 256.888885 -0.000142 -0.001029 2.000000
0.014486 116.444397 243.555603 -0.186091 -0.466584 2.000000
0.004303 112.888901 234.666702 -0.124105 -0.311401 2.000000
0.014486 109.333298 224.888901 -0.124108 -0.342438 2.000000
-0.000788 109.333298 224.888901 -0.000142 -0.001029 2.000000
0.004303 104.000000 216.000000 -0.186088 -0.311401 2.000000
0.014486 90.666656 202.666702 -0.465009 -0.466585 2.000000
0.037397 82.666656 198.222198 -0.279062 -0.156217 2.000000
0.055218 54.222221 196.444397 -0.991857 -0.063104 3.000000
0.039943 39.111111 202.666702 -0.526991 0.216235 0.000000
0.055218 33.777779 210.666702 -0.186089 0.278306 0.000000
0.032306 36.444439 218.666702 0.092831 0.278306 0.000000
0.034852 47.111111 226.666702 0.371751 0.278306 0.000000
0.024669 61.333328 237.333298 0.495715 0.371415 0.000000
0.014486 67.555557 243.555603 0.216796 0.216235 0.000000
0.004303 73.777779 250.666702 0.216796 0.247268 0.000000
0.017032 77.333344 259.555511 0.123823 0.309340 0.000000
0.001757 77.333344 259.555511 -0.000142 -0.001029 0.000000
0.001757 79.111107 267.555511 0.061840 0.278306 0.000000
0.017032 79.111107 285.333313 -0.000142 0.619716 0.000000
0.001757 79.111107 285.333313 -0.000142 -0.001029 0.000000
0.014486 75.555557 293.333313 -0.124106 0.278306 0.000000
0.004303 72.000000 299.555511 -0.124107 0.216231 0.000000
0.017032 61.333328 310.222198 -0.372036 0.371418 1.000000
0.006849 61.333328 310.222198 -0.000142 -0.001029 1.000000
-0.003334 56.000000 313.777802 -0.186089 0.123122 1.000000
0.017032 49.777779 317.333313 -0.217080 0.123119 2.000000
0.004303 44.444439 320.000000 -0.186089 0.092084 2.000000
0.011940 40.000000 323.555511 -0.155098 0.123119 2.000000
0.004303 35.555561 327.111115 -0.155098 0.123122 2.000000
-0.000788 35.555561 327.111115 -0.000142 -0.001029 2.000000
0.014486 27.555559 334.222198 -0.279062 0.247268 2.000000
0.001757 27.555559 334.222198 -0.000142 -0.001029 2.000000
0.011940 24.000000 336.888885 -0.124107 0.092084 2.000000
0.001757 20.444441 339.555511 -0.124107 0.092082 2.000000
0.004303 17.777781 341.333313 -0.093115 0.061047 2.000000
0.014486 16.000000 342.222198 -0.062124 0.030009 2.000000
0.001757 15.111110 343.111115 -0.031133 0.030010 2.000000
0.017032 14.222220 342.222198 -0.031133 -0.032067 2.000000
0.055218 12.444440 333.333313 -0.062124 -0.311400 2.000000
0.034852 12.444440 314.666687 -0.000142 -0.652808 2.000000
0.039943 11.555560 283.555511 -0.031133 -1.087332 0.000000
0.009394 11.555560 283.555511 -0.000142 -0.001029 0.000000
0.032306 9.777778 270.222198 -0.062125 -0.466585 0.000000
0.037397 7.111111 264.000000 -0.093115 -0.218288 0.000000
0.050126 5.333333 261.333313 -0.062124 -0.094141 0.000000
0.034852 7.111111 258.666687 0.061840 -0.094139 0.000000
0.037397 17.777781 252.444397 0.371751 -0.218291 0.000000
0.065400 37.333328 242.666702 0.681662 -0.342435 0.000000
0.050126 77.333344 221.333298 1.394458 -0.745923 1.000000
0.014486 90.666656 213.333298 0.464724 -0.280363 1.000000
0.032306 120.888901 197.333298 1.053556 -0.559698 2.000000
0.032306 136.888901 190.222198 0.557698 -0.249326 2.000000
0.022123 168.888901 177.777802 1.115538 -0.435547 2.000000
0.042489 200.000000 168.888901 1.084546 -0.311401 2.000000
0.004303 217.777802 164.444397 0.619681 -0.156217 2.000000
0.019577 234.666702 160.888901 0.588689 -0.125175 2.000000
0.055218 278.222198 154.666702 1.518420 -0.218288 2.000000
0.039943 295.111115 154.666702 0.588690 -0.001029 2.000000
0.032306 302.222198 161.777802 0.247786 0.247268 2.000000
0.001757 302.222198 161.777802 -0.000142 -0.001029 3.000000
0.004303 302.222198 168.000000 -0.000142 0.216231 3.000000
0.014486 302.222198 175.111099 -0.000142 0.247268 0.000000
0.055218 294.222198 196.444397 -0.279062 0.743862 0.000000
0.034852 290.666687 207.111099 -0.124105 0.371419 0.000000
0.045035 286.222198 214.222198 -0.155099 0.247268 0.000000
0.052672 280.000000 220.444397 -0.217079 0.216231 0.000000
0.042489 263.111115 226.666702 -0.588973 0.216235 0.000000
0.050126 247.111099 227.555603 -0.557983 0.030009 0.000000
0.045035 231.111099 224.000000 -0.557982 -0.125179 1.000000
0.034852 219.555603 210.666702 -0.403025 -0.466585 1.000000
0.001757 214.222198 201.777802 -0.186091 -0.311401 2.000000
0.024669 208.888901 189.333298 -0.186088 -0.435551 2.000000
0.055218 186.666702 141.333298 -0.774919 -1.677036 2.000000
0.037397 166.222198 110.222198 -0.712940 -1.087329 2.000000
0.037397 144.888901 88.888893 -0.743928 -0.745920 2.000000
0.004303 136.000000 82.666656 -0.310054 -0.218289 2.000000
0.017032 129.777802 78.222221 -0.217079 -0.156214 2.000000
0.004303 126.222198 75.555557 -0.124108 -0.094140 2.000000
0.022123 125.333298 74.666656 -0.031134 -0.032066 2.000000
0.004303 125.333298 73.777779 -0.000142 -0.032065 2.000000
0.019577 130.666702 72.000000 0.185807 -0.063103 3.000000
0.004303 139.555603 70.222221 0.309769 -0.063103 3.000000
0.009394 152.000000 69.333344 0.433732 -0.032065 3.000000
0.014486 167.111099 68.444443 0.526706 -0.032066 3.000000
0.006849 184.000000 67.555557 0.588689 -0.032066 0.000000
0.017032 202.666702 67.555557 0.650672 -0.001029 0.000000
0.004303 224.888901 68.444443 0.774635 0.030009 0.000000
0.017032 247.111099 71.111107 0.774635 0.092083 0.000000
0.004303 270.222198 75.555557 0.805626 0.154158 0.000000
0.022123 291.555511 80.888893 0.743644 0.185195 0.000000
0.006849 310.222198 87.111107 0.650672 0.216231 0.000000
0.004303 327.111115 93.333344 0.588690 0.216232 0.000000
0.011940 341.333313 98.666656 0.495715 0.185194 3.000000
0.001757 353.777802 103.111099 0.433735 0.154157 3.000000
0.011940 364.444489 107.555603 0.371752 0.154159 3.000000
0.004303 372.444489 111.111099 0.278778 0.123118 3.000000
0.011940 379.555511 113.777802 0.247784 0.092084 3.000000
-0.000788 379.555511 113.777802 -0.000142 -0.001029 3.000000
0.004303 384.888885 117.333298 0.185806 0.123118 2.000000
0.017032 392.888885 124.444397 0.278778 0.247268 2.000000
0.001757 392.888885 124.444397 -0.000142 -0.001029 2.000000
0.017032 396.444489 127.111099 0.123824 0.092084 2.000000
0.001757 398.222198 128.888901 0.061838 0.061047 2.000000
0.017032 399.111115 130.666702 0.030850 0.061047 2.000000
0.001757 400.000000 130.666702 0.030849 -0.001029 2.000000
0.001757 400.000000 130.666702 -0.000142 -0.001029 2.000000
0.011940 400.000000 130.666702 -0.000142 -0.001029 2.000000
0.060309 390.222198 122.666702 -0.341045 -0.280363 2.000000
0.042489 378.666687 113.777802 -0.403025 -0.311401 2.000000
0.042489 365.333313 101.333298 -0.465010 -0.435551 0.000000
0.042489 346.666687 88.000000 -0.650954 -0.466585 0.000000
0.034852 321.777802 77.333344 -0.867893 -0.373474 0.000000
0.039943 288.000000 69.333344 -1.177805 -0.280363 0.000000
0.029760 247.111099 63.111111 -1.425734 -0.218289 0.000000
0.014486 225.777802 61.333328 -0.743928 -0.063103 0.000000
0.006849 225.777802 61.333328 -0.000142 -0.001029 0.000000
0.017032 189.333298 57.777779 -1.270780 -0.125177 0.000000
0.004303 173.333298 57.777779 -0.557982 -0.001029 0.000000
0.014486 157.333298 57.777779 -0.557982 -0.001029 0.000000
0.004303 157.333298 57.777779 -0.000142 -0.001029 0.000000
0.017032 128.000000 62.222221 -1.022848 0.154157 0.000000
0.001757 114.666702 65.777779 -0.465008 0.123120 0.000000
0.017032 104.888901 70.222221 -0.341045 0.154157 0.000000
0.006849 98.666656 73.777779 -0.217081 0.123120 2.000000
0.006849 95.111107 78.222221 -0.124106 0.154157 2.000000
0.019577 94.222221 82.666656 -0.031133 0.154157 2.000000
0.006849 95.111107 88.000000 0.030849 0.185195 2.000000
0.014486 98.666656 96.000000 0.123822 0.278306 2.000000
0.006849 104.000000 104.888901 0.185805 0.309344 2.000000
0.014486 112.000000 114.666702 0.278778 0.340381 2.000000
0.037397 128.000000 139.555603 0.557698 0.868013 2.000000
0.037397 144.000000 168.888901 0.557698 1.023197 2.000000
0.067946 164.444397 212.444397 0.712652 1.519791 1.000000
0.047580 176.000000 237.333298 0.402744 0.868013 0.000000
0.052672 192.888901 272.888885 0.588689 1.240460 0.000000
0.027215 197.333298 283.555511 0.154812 0.371416 0.000000
0.009394 206.222198 300.444489 0.309769 0.588681 0.000000
0.022123 211.555603 305.777802 0.185807 0.185194 0.000000
0.042489 222.222198 311.111115 0.371749 0.185194 0.000000
0.042489 236.444397 310.222198 0.495715 -0.032067 0.000000
0.037397 252.444397 304.000000 0.557698 -0.218288 0.000000
0.004303 261.333313 300.444489 0.309770 -0.125176 0.000000
0.032306 277.333313 294.222198 0.557698 -0.218291 0.000000
0.001757 277.333313 294.222198 -0.000142 -0.001029 1.000000
0.017032 292.444489 290.666687 0.526709 -0.125176 1.000000
0.006849 299.555511 289.777802 0.247784 -0.032066 2.000000
0.034852 307.555511 288.000000 0.278778 -0.063104 2.000000
0.001757 314.666687 287.111115 0.247789 -0.032066 2.000000
0.014486 323.555511 286.222198 0.309767 -0.032067 2.000000
0.037397 341.333313 283.555511 0.619681 -0.094141 2.000000
0.034852 359.111115 280.888885 0.619681 -0.094139 2.000000
0.057763 380.444489 280.000000 0.743646 -0.032066 2.000000
0.037397 392.000000 280.000000 0.402741 -0.001029 2.000000
0.001757 397.333313 280.000000 0.185804 -0.001029 0.000000
0.034852 401.777802 280.000000 0.154815 -0.001029 0.000000
0.037397 410.666687 280.888885 0.309769 0.030009 0.000000
0.052672 425.777802 280.000000 0.526707 -0.032066 0.000000
0.037397 437.333313 277.333313 0.402741 -0.094141 0.000000
0.057763 447.111115 273.777802 0.340761 -0.125176 0.000000
0.032306 454.222198 272.000000 0.247786 -0.063104 0.000000
0.050126 462.222198 269.333313 0.278778 -0.094141 0.000000
0.001757 462.222198 269.333313 -0.000142 -0.001029 0.000000
0.011940 465.777802 268.444489 0.123824 -0.032063 0.000000
0.004303 472.000000 264.000000 0.216795 -0.156216 2.000000
0.014486 472.000000 264.000000 -0.000142 -0.001029 2.000000
0.004303 475.555511 260.444489 0.123821 -0.125176 2.000000
0.052672 483.555511 241.777802 0.278778 -0.652810 2.000000
0.027215 483.555511 232.000000 -0.000142 -0.342438 2.000000
0.047580 469.333313 199.111099 -0.495999 -1.149405 2.000000
0.050126 450.666687 175.111099 -0.650954 -0.839032 2.000000
0.050126 432.000000 152.000000 -0.650956 -0.807995 2.000000
0.006849 424.888885 140.444397 -0.248071 -0.404514 3.000000
0.017032 418.666687 128.888901 -0.217079 -0.404510 3.000000
0.042489 397.333313 91.555557 -0.743930 -1.304590 0.000000
0.039943 388.444489 79.111107 -0.310051 -0.435549 0.000000
0.027215 365.333313 57.777779 -0.805913 -0.745921 0.000000
0.017032 352.000000 48.000000 -0.465008 -0.342438 0.000000
0.042489 324.444489 32.888889 -0.960865 -0.528661 0.000000
0.042489 319.111115 30.222219 -0.186090 -0.094140 0.000000
0.037397 318.222198 32.000000 -0.031134 0.061046 0.000000
0.034852 320.000000 46.222221 0.061841 0.495566 0.000000
0.029760 322.666687 74.666656 0.092832 0.992161 2.000000
0.011940 322.666687 74.666656 -0.000142 -0.001029 2.000000
0.034852 324.444489 110.222198 0.061841 1.240458 2.000000
0.052672 325.333313 167.111099 0.030847 1.985351 2.000000
0.029760 325.333313 186.666702 -0.000142 0.681791 2.000000
-0.000788 326.222198 204.444397 0.030849 0.619712 2.000000
0.001757 327.111115 220.444397 0.030850 0.557641 2.000000
0.014486 328.888885 234.666702 0.061840 0.495569 2.000000
0.057763 334.222198 258.666687 0.185804 0.836975 2.000000
0.034852 335.111115 262.222198 0.030850 0.123119 2.000000
0.017032 336.000000 263.111115 0.030849 0.030010 3.000000
0.014486 336.000000 262.222198 -0.000142 -0.032067 3.000000
0.001757 334.222198 257.777802 -0.062125 -0.156213 0.000000
0.014486 330.666687 249.777802 -0.124105 -0.280363 0.000000
0.047580 321.777802 226.666702 -0.310053 -0.807995 0.000000
0.052672 313.777802 192.888901 -0.279062 -1.180442 0.000000
0.052672 304.000000 141.333298 -0.341045 -1.801186 0.000000
0.032306 292.444489 117.333298 -0.403025 -0.839032 0.000000
0.050126 275.555511 104.000000 -0.588976 -0.466585 0.000000
0.034852 254.222198 97.777779 -0.743928 -0.218289 0.000000
0.001757 242.666702 97.777779 -0.403025 -0.001029 0.000000
0.009394 232.000000 97.777779 -0.372037 -0.001029 0.000000
0.006849 222.222198 99.555557 -0.341045 0.061046 1.000000
0.004303 222.222198 99.555557 -0.000142 -0.001029 1.000000
0.014486 213.333298 103.111099 -0.310054 0.123120 1.000000
0.004303 206.222198 106.666702 -0.248071 0.123122 2.000000
-0.000788 199.111099 111.111099 -0.248071 0.154156 2.000000
0.014486 192.000000 117.333298 -0.248071 0.216231 2.000000
-0.000788 192.000000 117.333298 -0.000142 -0.001029 2.000000
0.014486 174.222198 134.222198 -0.619965 0.588678 2.000000
-0.000788 174.222198 134.222198 -0.000142 -0.001029 2.000000
0.004303 163.555603 144.000000 -0.372033 0.340381 2.000000
0.014486 152.000000 153.777802 -0.403028 0.340381 2.000000
0.004303 140.444397 163.555603 -0.403028 0.340381 2.000000
0.014486 128.888901 171.555603 -0.403025 0.278306 2.000000
0.004303 119.111099 177.777802 -0.341045 0.216231 2.000000
0.004303 112.000000 182.222198 -0.248071 0.154156 2.000000
0.011940 106.666702 184.888901 -0.186088 0.092084 2.000000
0.001757 104.000000 187.555603 -0.093117 0.092084 2.000000
0.014486 101.333298 189.333298 -0.093117 0.061043 2.000000
-0.000788 101.333298 189.333298 -0.000142 -0.001029 2.000000
0.001757 99.555557 191.111099 -0.062123 0.061047 2.000000
0.017032 93.333344 198.222198 -0.217080 0.247268 0.000000
0.009394 93.333344 198.222198 -0.000142 -0.001029 0.000000
0.006849 88.888893 202.666702 -0.155098 0.154159 0.000000
0.004303 84.444443 207.111099 -0.155098 0.154156 0.000000
0.011940 79.111107 211.555603 -0.186089 0.154159 0.000000
0.001757 74.666656 216.000000 -0.155098 0.154156 0.000000
0.004303 71.111107 218.666702 -0.124106 0.092084 0.000000
0.011940 68.444443 220.444397 -0.093115 0.061043 0.000000
0.001757 68.444443 220.444397 -0.000142 -0.001029 0.000000
0.001757 67.555557 221.333298 -0.031133 0.030009 0.000000
0.011940 67.555557 221.333298 -0.000142 -0.001029 0.000000
0.004303 68.444443 218.666702 0.030849 -0.094138 0.000000
0.014486 71.111107 214.222198 0.092831 -0.156217 0.000000
0.039943 80.888893 195.555603 0.340760 -0.652807 0.000000
0.057763 100.444397 148.444397 0.681660 -1.646002 0.000000
0.032306 111.111099 113.777802 0.371752 -1.211476 0.000000
0.055218 114.666702 87.111107 0.123824 -0.932145 0.000000
0.004303 112.888901 77.333344 -0.062125 -0.342437 2.000000
0.024669 101.333298 66.666656 -0.403028 -0.373475 2.000000
0.047580 88.000000 63.111111 -0.465008 -0.125177 2.000000
0.050126 77.333344 62.222221 -0.372035 -0.032066 2.000000
0.045035 73.777779 62.222221 -0.124107 -0.001029 2.000000
0.017032 75.555557 64.000000 0.061840 0.061046 2.000000
0.075583 92.444443 79.111107 0.588689 0.526603 2.000000
0.022123 100.444397 86.222221 0.278776 0.247269 2.000000
0.004303 115.555603 103.111099 0.526710 0.588677 0.000000
0.042489 124.444397 112.888901 0.309766 0.340381 0.000000
0.037397 144.000000 133.333298 0.681664 0.712825 0.000000
0.009394 154.666702 144.000000 0.371752 0.371419 0.000000
0.014486 165.333298 152.888901 0.371749 0.309344 0.000000
0.034852 184.888901 168.000000 0.681664 0.526603 0.000000
0.057763 206.222198 180.444397 0.743643 0.433490 0.000000
0.037397 216.888901 185.777802 0.371752 0.185197 0.000000
0.052672 229.333298 189.333298 0.433732 0.123118 0.000000
0.045035 252.444397 191.111099 0.805626 0.061047 1.000000
0.050126 272.000000 189.333298 0.681664 -0.063104 2.000000
0.050126 292.444489 184.000000 0.712655 -0.187250 2.000000
0.039943 319.111115 168.888901 0.929590 -0.528660 2.000000
0.034852 327.111115 163.555603 0.278778 -0.187250 2.000000
0.039943 354.666687 151.111099 0.960583 -0.435551 2.000000
0.037397 363.555511 147.555603 0.309767 -0.125175 2.000000
0.004303 372.444489 143.111099 0.309772 -0.156217 3.000000
0.009394 380.444489 137.777802 0.278778 -0.187250 0.000000
0.014486 387.555511 132.444397 0.247784 -0.187254 0.000000
0.039943 395.555511 114.666702 0.278778 -0.621769 0.000000
0.001757 396.444489 103.111099 0.030852 -0.404514 0.000000
0.017032 394.666687 89.777779 -0.062125 -0.466586 0.000000
0.001757 390.222198 74.666656 -0.155099 -0.528661 0.000000
0.001757 383.111115 61.333328 -0.248070 -0.466586 0.000000
0.014486 375.111115 48.888889 -0.279062 -0.435549 0.000000
0.001757 365.333313 38.222221 -0.341045 -0.373475 0.000000
0.014486 355.555511 30.222219 -0.341045 -0.280363 0.000000
-0.000788 355.555511 30.222219 -0.000142 -0.001029 0.000000
0.004303 344.888885 24.000000 -0.372034 -0.218289 0.000000
0.011940 334.222198 20.444441 -0.372036 -0.125177 0.000000
0.001757 325.333313 18.666670 -0.310053 -0.063103 0.000000
0.014486 319.111115 16.888889 -0.217079 -0.063103 0.000000
-0.000788 313.777802 16.888889 -0.186088 -0.001029 0.000000
0.001757 313.777802 16.888889 -0.000142 -0.001029 0.000000
0.011940 308.444489 19.555559 -0.186088 0.092083 0.000000
-0.000788 308.444489 19.555559 -0.000142 -0.001029 0.000000
0.004303 306.666687 24.888889 -0.062125 0.185194 1.000000
0.011940 306.666687 33.777779 -0.000142 0.309343 1.000000
0.034852 306.666687 63.111111 -0.000142 1.023198 2.000000
0.052672 312.888885 101.333298 0.216795 1.333569 2.000000
0.029760 323.555511 143.111099 0.371750 1.457720 2.000000
0.050126 336.888885 182.222198 0.464726 1.364607 2.000000
0.055218 352.888885 227.555603 0.557698 1.581870 2.000000
0.039943 361.777802 251.555603 0.309770 0.836975 2.000000
0.037397 370.666687 269.333313 0.309769 0.619713 2.000000
-0.000788 370.666687 269.333313 -0.000142 -0.001029 2.000000
0.001757 376.000000 275.555511 0.185804 0.216231 2.000000
0.014486 386.666687 283.555511 0.371752 0.278306 2.000000
0.006849 392.000000 286.222198 0.185804 0.092084 0.000000
0.014486 392.000000 286.222198 -0.000142 -0.001029 0.000000
0.001757 397.333313 288.000000 0.185804 0.061047 0.000000
0.004303 401.777802 288.888885 0.154815 0.030009 0.000000
0.014486 407.111115 289.777802 0.185804 0.030010 0.000000
0.004303 411.555511 289.777802 0.154812 -0.001029 0.000000
0.014486 416.888885 289.777802 0.185806 -0.001029 0.000000
0.004303 422.222198 289.777802 0.185804 -0.001029 0.000000
0.004303 427.555511 288.888885 0.185804 -0.032067 0.000000
0.011940 432.000000 287.111115 0.154815 -0.063103 0.000000
-0.000788 432.000000 287.111115 -0.000142 -0.001029 0.000000
0.011940 436.444489 284.444489 0.154815 -0.094139 0.000000
0.001757 440.888885 280.000000 0.154812 -0.156216 0.000000
0.001757 443.555511 273.777802 0.092830 -0.218288 0.000000
0.011940 444.444489 265.777802 0.030852 -0.280363 0.000000
