0.042489 362.666687 188.444397 -0.093114 -1.459777 0.000000
0.045035 350.222198 165.333298 -0.434019 -0.807995 0.000000
0.019577 341.333313 158.222198 -0.310053 -0.249326 0.000000
0.011940 315.555511 151.111099 -0.898885 -0.249326 0.000000
0.047580 282.666687 157.333298 -1.146811 0.216231 0.000000
0.017032 264.888885 165.333298 -0.619965 0.278306 1.000000
0.009394 248.000000 177.777802 -0.588973 0.433494 2.000000
0.045035 224.000000 208.888901 -0.836902 1.085272 2.000000
0.062855 222.222198 262.222198 -0.062125 1.861201 2.000000
0.034852 246.222198 288.888885 0.836618 0.930087 2.000000
0.057763 311.111115 300.444489 2.262210 0.402456 2.000000
0.024669 338.666687 299.555511 0.960583 -0.032069 2.000000
0.022123 390.222198 293.333313 1.797341 -0.218288 1.000000
0.006849 390.222198 293.333313 -0.000142 -0.001029 1.000000
0.014486 426.666687 285.333313 1.270495 -0.280363 0.000000
0.001757 426.666687 285.333313 -0.000142 -0.001029 0.000000
0.078129 431.111115 256.888885 0.154813 -0.994218 0.000000
0.019577 416.888885 248.000000 -0.496000 -0.311400 0.000000
0.024669 373.333313 236.444397 -1.518707 -0.404514 0.000000
0.019577 346.666687 235.555603 -0.929874 -0.032062 0.000000
0.029760 301.333313 239.111099 -1.580690 0.123118 0.000000
0.062855 280.000000 245.333298 -0.743928 0.216231 2.000000
0.032306 281.777802 249.777802 0.061841 0.154159 2.000000
0.055218 336.000000 242.666702 1.890315 -0.249326 2.000000
0.027215 360.000000 235.555603 0.836618 -0.249326 2.000000
0.022123 401.777802 217.777802 1.456441 -0.621773 2.000000
0.019577 415.111115 207.111099 0.464724 -0.373476 2.000000
0.032306 424.888885 179.555603 0.340760 -0.963179 2.000000
0.022123 408.000000 149.333298 -0.588973 -1.056296 0.000000
0.022123 389.333313 138.666702 -0.650956 -0.373472 0.000000
-0.000788 389.333313 138.666702 -0.000142 -0.001029 0.000000
0.001757 363.555511 132.444397 -0.898885 -0.218292 0.000000
0.017032 297.777802 128.888901 -2.293482 -0.125175 0.000000
0.004303 297.777802 128.888901 -0.000142 -0.001029 0.000000
0.017032 262.222198 129.777802 -1.239788 0.030009 0.000000
0.001757 229.333298 132.444397 -1.146814 0.092080 0.000000
0.004303 200.000000 135.111099 -1.022848 0.092084 0.000000
0.019577 175.111099 137.777802 -0.867894 0.092084 0.000000
0.022123 141.333298 143.111099 -1.177805 0.185193 3.000000
0.004303 141.333298 143.111099 -0.000142 -0.001029 3.000000
0.001757 124.444397 149.333298 -0.588974 0.216231 2.000000
0.024669 123.555603 154.666702 -0.031130 0.185197 2.000000
0.017032 125.333298 163.555603 0.061837 0.309344 2.000000
0.004303 132.444397 175.111099 0.247786 0.402453 2.000000
0.004303 132.444397 175.111099 -0.000142 -0.001029 2.000000
0.042489 169.777802 224.000000 1.301487 1.706017 2.000000
0.045035 200.888901 256.888885 1.084546 1.147347 2.000000
0.042489 226.666702 284.444489 0.898601 0.961126 1.000000
0.014486 236.444397 295.111115 0.340757 0.371416 0.000000
0.039943 248.888901 312.888885 0.433735 0.619715 0.000000
0.037397 255.111099 326.222198 0.216795 0.464528 0.000000
0.024669 259.555511 333.333313 0.154812 0.247269 0.000000
0.019577 262.222198 335.111115 0.092832 0.061047 0.000000
0.004303 266.666687 336.000000 0.154815 0.030009 0.000000
0.017032 271.111115 336.000000 0.154813 -0.001029 0.000000
-0.000788 275.555511 335.111115 0.154812 -0.032066 0.000000
0.004303 275.555511 335.111115 -0.000142 -0.001029 0.000000
0.022123 283.555511 332.444489 0.278778 -0.094139 2.000000
0.019577 286.222198 331.555511 0.092832 -0.032069 2.000000
0.001757 288.000000 330.666687 0.061841 -0.032063 2.000000
0.001757 289.777802 329.777802 0.061841 -0.032066 2.000000
0.019577 291.555511 328.888885 0.061838 -0.032067 2.000000
0.004303 293.333313 328.000000 0.061841 -0.032066 2.000000
0.017032 296.000000 326.222198 0.092832 -0.063104 2.000000
0.001757 299.555511 322.666687 0.123821 -0.125176 2.000000
0.001757 299.555511 322.666687 -0.000142 -0.001029 2.000000
0.017032 308.444489 312.000000 0.309772 -0.373475 2.000000
0.001757 314.666687 304.888885 0.216795 -0.249326 1.000000
0.011940 314.666687 304.888885 -0.000142 -0.001029 1.000000
0.001757 320.888885 298.666687 0.216795 -0.218288 1.000000
-0.000788 327.111115 293.333313 0.216796 -0.187253 1.000000
0.019577 332.444489 289.777802 0.185806 -0.125176 0.000000
-0.000788 336.888885 287.111115 0.154812 -0.094141 0.000000
0.011940 340.444489 286.222198 0.123824 -0.032067 0.000000
0.001757 340.444489 286.222198 -0.000142 -0.001029 0.000000
0.001757 342.222198 286.222198 0.061838 -0.001029 0.000000
0.019577 342.222198 286.222198 -0.000142 -0.001029 0.000000
0.001757 342.222198 288.888885 -0.000142 0.092084 0.000000
0.011940 341.333313 292.444489 -0.031133 0.123122 0.000000
0.017032 338.666687 302.222198 -0.093114 0.340378 0.000000
0.034852 337.777802 306.666687 -0.031133 0.154159 0.000000
0.037397 341.333313 322.666687 0.123821 0.557641 2.000000
0.004303 341.333313 322.666687 -0.000142 -0.001029 2.000000
0.027215 346.666687 335.111115 0.185806 0.433491 2.000000
0.017032 350.222198 340.444489 0.123821 0.185196 2.000000
0.019577 353.777802 345.777802 0.123824 0.185194 2.000000
0.045035 360.000000 352.888885 0.216795 0.247268 2.000000
0.050126 368.888885 355.555511 0.309769 0.092082 2.000000
0.032306 372.444489 353.777802 0.123824 -0.063101 2.000000
0.052672 372.444489 351.111115 -0.000142 -0.094141 1.000000
0.065400 361.777802 346.666687 -0.372036 -0.156214 0.000000
0.017032 357.333313 345.777802 -0.155099 -0.032066 0.000000
0.047580 346.666687 342.222198 -0.372034 -0.125179 0.000000
0.045035 342.222198 336.000000 -0.155099 -0.218288 0.000000
0.052672 339.555511 327.111115 -0.093116 -0.311400 0.000000
0.045035 337.777802 318.222198 -0.062122 -0.311401 0.000000
0.045035 335.111115 309.333313 -0.093116 -0.311400 0.000000
0.042489 333.333313 305.777802 -0.062125 -0.125176 0.000000
0.014486 333.333313 303.111115 -0.000142 -0.094141 3.000000
0.014486 333.333313 299.555511 -0.000142 -0.125179 3.000000
0.045035 335.111115 289.777802 0.061841 -0.342435 3.000000
0.042489 337.777802 264.000000 0.092832 -0.901108 3.000000
0.039943 336.888885 241.777802 -0.031134 -0.776957 3.000000
0.045035 330.666687 222.222198 -0.217079 -0.683848 3.000000
0.047580 317.333313 208.000000 -0.465010 -0.497623 3.000000
0.045035 298.666687 199.111099 -0.650954 -0.311401 3.000000
0.042489 263.111115 198.222198 -1.239787 -0.032066 3.000000
0.045035 239.111099 208.888901 -0.836903 0.371419 3.000000
0.045035 221.333298 227.555603 -0.619965 0.650753 3.000000
0.047580 215.111099 249.777802 -0.217079 0.774900 3.000000
0.039943 218.666702 268.444489 0.123824 0.650753 3.000000
0.042489 239.111099 279.111115 0.712652 0.371416 3.000000
0.042489 254.222198 276.444489 0.526706 -0.094139 3.000000
0.052672 269.333313 266.666687 0.526707 -0.342438 3.000000
0.050126 280.888885 251.555603 0.402743 -0.528660 3.000000
0.062855 281.777802 220.444397 0.030850 -1.087333 3.000000
0.027215 270.222198 200.888901 -0.403028 -0.683844 3.000000
0.039943 255.111099 188.444397 -0.526991 -0.435551 3.000000
0.042489 238.222198 184.000000 -0.588974 -0.156213 3.000000
0.067946 218.666702 184.000000 -0.681944 -0.001029 3.000000
0.037397 212.444397 187.555603 -0.217083 0.123122 3.000000
0.065400 212.444397 192.888901 -0.000142 0.185193 3.000000
0.019577 214.222198 194.666702 0.061841 0.061047 3.000000
0.039943 220.444397 197.333298 0.216795 0.092080 3.000000
0.047580 229.333298 197.333298 0.309769 -0.001029 3.000000
0.039943 231.111099 195.555603 0.061841 -0.063100 3.000000
0.042489 229.333298 192.000000 -0.062125 -0.125179 3.000000
0.045035 222.222198 187.555603 -0.248071 -0.156213 3.000000
0.045035 213.333298 185.777802 -0.310054 -0.063104 3.000000
0.047580 206.222198 185.777802 -0.248071 -0.001029 3.000000
0.050126 206.222198 185.777802 -0.000142 -0.001029 3.000000
0.039943 206.222198 185.777802 -0.000142 -0.001029 3.000000
0.042489 207.111099 185.777802 0.030849 -0.001029 3.000000
0.047580 216.888901 185.777802 0.340761 -0.001029 3.000000
0.057763 225.777802 184.000000 0.309769 -0.063104 3.000000
0.057763 239.111099 177.777802 0.464723 -0.218288 3.000000
0.045035 243.555603 173.333298 0.154815 -0.156217 3.000000
0.042489 245.333298 170.666702 0.061837 -0.094138 3.000000
0.029760 243.555603 168.888901 -0.062121 -0.063104 3.000000
0.057763 237.333298 168.888901 -0.217083 -0.001029 3.000000
0.024669 235.555603 169.777802 -0.062121 0.030009 3.000000
0.045035 234.666702 171.555603 -0.031134 0.061047 3.000000
0.045035 235.555603 175.111099 0.030849 0.123118 3.000000
0.047580 239.111099 177.777802 0.123820 0.092084 3.000000
0.039943 244.444397 178.666702 0.185803 0.030009 3.000000
0.070492 253.333298 178.666702 0.309769 -0.001029 3.000000
0.027215 256.888885 176.888901 0.123823 -0.063104 3.000000
0.057763 257.777802 176.000000 0.030850 -0.032066 3.000000
0.029760 256.000000 176.000000 -0.062125 -0.001029 3.000000
0.039943 249.777802 176.888901 -0.217079 0.030009 3.000000
0.039943 243.555603 179.555603 -0.217079 0.092084 3.000000
0.050126 241.777802 181.333298 -0.062125 0.061043 3.000000
0.075583 245.333298 182.222198 0.123820 0.030009 3.000000
0.039943 249.777802 182.222198 0.154815 -0.001029 3.000000
0.024669 253.333298 181.333298 0.123820 -0.032066 3.000000
0.042489 255.111099 179.555603 0.061841 -0.063100 3.000000
0.042489 255.111099 178.666702 -0.000142 -0.032066 3.000000
0.045035 250.666702 177.777802 -0.155096 -0.032066 3.000000
0.047580 245.333298 176.888901 -0.186091 -0.032066 3.000000
0.045035 241.777802 176.888901 -0.124105 -0.001029 3.000000
0.042489 240.000000 178.666702 -0.062125 0.061047 3.000000
0.045035 240.000000 181.333298 -0.000142 0.092080 3.000000
0.075583 240.000000 184.888901 -0.000142 0.123122 3.000000
0.042489 240.888901 185.777802 0.030849 0.030009 3.000000
0.039943 240.888901 185.777802 -0.000142 -0.001029 3.000000
0.039943 241.777802 185.777802 0.030849 -0.001029 3.000000
0.029760 243.555603 183.111099 0.061841 -0.094141 3.000000
0.047580 245.333298 182.222198 0.061837 -0.032066 3.000000
0.039943 247.111099 181.333298 0.061841 -0.032066 3.000000
0.042489 248.000000 181.333298 0.030849 -0.001029 3.000000
0.075583 248.888901 183.111099 0.030849 0.061047 3.000000
0.042489 248.000000 184.000000 -0.031134 0.030009 3.000000
0.029760 247.111099 184.000000 -0.031134 -0.001029 3.000000
0.032306 247.111099 184.000000 -0.000142 -0.001029 3.000000
0.050126 247.111099 184.000000 -0.000142 -0.001029 3.000000
0.037397 248.000000 184.000000 0.030849 -0.001029 3.000000
0.055218 249.777802 184.000000 0.061841 -0.001029 3.000000
0.037397 250.666702 183.111099 0.030849 -0.032066 3.000000
0.052672 249.777802 183.111099 -0.031134 -0.001029 3.000000
0.055218 246.222198 186.666702 -0.124108 0.123122 3.000000
0.055218 246.222198 189.333298 -0.000142 0.092080 3.000000
0.019577 246.222198 190.222198 -0.000142 0.030009 3.000000
0.055218 247.111099 191.111099 0.030849 0.030009 3.000000
0.032306 248.000000 191.111099 0.030849 -0.001029 3.000000
0.045035 248.000000 191.111099 -0.000142 -0.001029 3.000000
0.062855 250.666702 192.888901 0.092832 0.061047 3.000000
0.034852 253.333298 192.888901 0.092829 -0.001029 3.000000
0.062855 264.888885 192.000000 0.402743 -0.032066 3.000000
0.047580 273.777802 184.888901 0.309770 -0.249326 3.000000
0.017032 276.444489 181.333298 0.092832 -0.125179 3.000000
0.050126 284.444489 176.000000 0.278778 -0.187250 3.000000
0.067946 300.444489 170.666702 0.557698 -0.187250 3.000000
0.050126 320.888885 168.888901 0.712652 -0.063104 3.000000
0.014486 327.111115 168.888901 0.216796 -0.001029 3.000000
0.047580 336.888885 168.888901 0.340760 -0.001029 3.000000
0.037397 344.000000 170.666702 0.247787 0.061047 3.000000
0.014486 349.333313 172.444397 0.185804 0.061043 3.000000
0.006849 349.333313 172.444397 -0.000142 -0.001029 0.000000
0.001757 352.000000 173.333298 0.092832 0.030009 0.000000
0.017032 354.666687 174.222198 0.092832 0.030009 0.000000
-0.003334 356.444489 175.111099 0.061841 0.030009 0.000000
0.011940 359.111115 176.000000 0.092830 0.030009 0.000000
0.001757 359.111115 176.000000 -0.000142 -0.001029 0.000000
-0.000788 361.777802 177.777802 0.092832 0.061047 0.000000
0.022123 368.888885 180.444397 0.247786 0.092080 0.000000
0.006849 368.888885 180.444397 -0.000142 -0.001029 0.000000
0.022123 377.777802 184.888901 0.309770 0.154159 0.000000
0.006849 382.222198 187.555603 0.154812 0.092084 0.000000
0.029760 386.666687 190.222198 0.154815 0.092080 0.000000
0.009394 391.111115 192.888901 0.154813 0.092084 0.000000
0.027215 399.111115 195.555603 0.278778 0.092084 0.000000
0.006849 402.666687 196.444397 0.123823 0.030005 0.000000
0.006849 405.333313 196.444397 0.092830 -0.001029 0.000000
0.011940 407.111115 194.666702 0.061841 -0.063100 0.000000
0.027215 408.888885 192.000000 0.061840 -0.094141 0.000000
0.001757 408.888885 187.555603 -0.000142 -0.156213 0.000000
0.004303 408.888885 183.111099 -0.000142 -0.156217 0.000000
0.011940 408.000000 178.666702 -0.031133 -0.156213 0.000000
0.022123 406.222198 175.111099 -0.062125 -0.125179 0.000000
0.004303 403.555511 171.555603 -0.093116 -0.125175 0.000000
0.019577 396.444489 163.555603 -0.248068 -0.280363 0.000000
0.009394 392.000000 159.111099 -0.155099 -0.156217 0.000000
0.019577 387.555511 154.666702 -0.155099 -0.156213 1.000000
0.024669 375.111115 143.111099 -0.434016 -0.404514 2.000000
0.006849 375.111115 143.111099 -0.000142 -0.001029 2.000000
0.024669 363.555511 131.555603 -0.403028 -0.404510 2.000000
0.027215 358.222198 126.222198 -0.186088 -0.187254 2.000000
0.034852 346.666687 118.222198 -0.403025 -0.280363 2.000000
0.062855 329.777802 108.444397 -0.588973 -0.342438 2.000000
0.047580 316.444489 101.333298 -0.465008 -0.249326 2.000000
0.006849 312.888885 98.666656 -0.124108 -0.094139 0.000000
0.024669 310.222198 96.888893 -0.093116 -0.063102 0.000000
0.042489 307.555511 96.000000 -0.093116 -0.032066 0.000000
0.001757 307.555511 96.000000 -0.000142 -0.001029 0.000000
0.011940 306.666687 96.000000 -0.031131 -0.001029 0.000000
0.050126 306.666687 103.111099 -0.000142 0.247268 0.000000
0.034852 304.888885 114.666702 -0.062125 0.402456 0.000000
0.029760 300.444489 125.333298 -0.155096 0.371415 0.000000
0.024669 298.666687 129.777802 -0.062125 0.154159 2.000000
0.009394 296.000000 133.333298 -0.093116 0.123118 2.000000
0.070492 290.666687 139.555603 -0.186088 0.216235 2.000000
0.050126 286.222198 144.000000 -0.155099 0.154156 2.000000
0.006849 284.444489 145.777802 -0.062122 0.061047 2.000000
0.024669 280.888885 146.666702 -0.124108 0.030009 2.000000
0.065400 276.444489 148.444397 -0.155096 0.061043 2.000000
0.034852 263.111115 152.888901 -0.465010 0.154159 2.000000
0.022123 255.111099 155.555603 -0.279063 0.092084 1.000000
-0.003334 245.333298 158.222198 -0.341045 0.092080 0.000000
-0.059340 224.888901 164.444397 -0.712936 0.216231 0.000000
0.004303 224.888901 164.444397 -0.000142 -0.001029 0.000000
-0.041520 206.222198 170.666702 -0.650957 0.216235 0.000000
0.073038 193.777802 174.222198 -0.434016 0.123118 0.000000
0.006849 193.777802 174.222198 -0.000142 -0.001029 0.000000
0.029760 182.222198 175.111099 -0.403028 0.030009 0.000000
0.004303 182.222198 175.111099 -0.000142 -0.001029 0.000000
0.029760 177.777802 169.777802 -0.155096 -0.187250 0.000000
0.027215 173.333298 164.444397 -0.155100 -0.187254 0.000000
0.029760 171.555603 162.666702 -0.062121 -0.063100 2.000000
0.019577 169.777802 160.888901 -0.062125 -0.063104 2.000000
0.027215 166.222198 159.111099 -0.124108 -0.063104 2.000000
0.034852 162.666702 158.222198 -0.124105 -0.032066 2.000000
0.014486 161.777802 157.333298 -0.031134 -0.032066 2.000000
0.024669 160.000000 153.777802 -0.062125 -0.125175 2.000000
0.034852 159.111099 146.666702 -0.031134 -0.249326 2.000000
0.029760 158.222198 142.222198 -0.031134 -0.156217 2.000000
0.011940 157.333298 137.777802 -0.031134 -0.156213 2.000000
0.034852 157.333298 128.000000 -0.000142 -0.342438 1.000000
0.006849 157.333298 128.000000 -0.000142 -0.001029 1.000000
0.067946 160.000000 118.222198 0.092832 -0.342438 0.000000
0.034852 164.444397 108.444397 0.154812 -0.342438 0.000000
0.052672 173.333298 90.666656 0.309769 -0.621771 0.000000
0.045035 176.888901 81.777779 0.123824 -0.311400 0.000000
0.039943 178.666702 78.222221 0.061841 -0.125177 0.000000
0.004303 178.666702 78.222221 -0.000142 -0.001029 0.000000
0.019577 178.666702 78.222221 -0.000142 -0.001029 2.000000
0.042489 176.888901 81.777779 -0.062125 0.123120 2.000000
0.045035 176.000000 91.555557 -0.031134 0.340380 2.000000
0.045035 185.777802 113.777802 0.340761 0.774902 2.000000
0.057763 195.555603 129.777802 0.340761 0.557641 2.000000
0.039943 210.666702 152.000000 0.526706 0.774900 1.000000
0.037397 219.555603 167.111099 0.309769 0.526603 0.000000
0.006849 219.555603 167.111099 -0.000142 -0.001029 0.000000
-0.005880 223.111099 174.222198 0.123820 0.247268 0.000000
0.014486 225.777802 180.444397 0.092832 0.216231 0.000000
-0.000788 225.777802 180.444397 -0.000142 -0.001029 0.000000
0.004303 229.333298 186.666702 0.123820 0.216235 0.000000
0.019577 234.666702 195.555603 0.185807 0.309344 0.000000
0.006849 234.666702 195.555603 -0.000142 -0.001029 0.000000
0.019577 236.444397 198.222198 0.061837 0.092080 0.000000
0.006849 236.444397 199.111099 -0.000142 0.030009 0.000000
0.022123 236.444397 200.000000 -0.000142 0.030009 0.000000
0.006849 234.666702 201.777802 -0.062121 0.061047 0.000000
0.024669 229.333298 208.000000 -0.186091 0.216231 0.000000
0.027215 225.777802 211.555603 -0.124105 0.123122 0.000000
0.014486 223.111099 216.000000 -0.093117 0.154156 1.000000
0.024669 216.888901 224.000000 -0.217079 0.278306 2.000000
0.019577 214.222198 228.444397 -0.093117 0.154156 2.000000
0.070492 208.000000 243.555603 -0.217079 0.526607 2.000000
0.022123 201.777802 258.666687 -0.217079 0.526603 2.000000
0.052672 192.000000 277.333313 -0.341045 0.650751 2.000000
0.042489 177.777802 296.888885 -0.495999 0.681790 2.000000
0.042489 157.333298 323.555511 -0.712940 0.930085 1.000000
0.039943 146.666702 335.111115 -0.372033 0.402456 0.000000
0.001757 146.666702 335.111115 -0.000142 -0.001029 0.000000
0.001757 143.111099 339.555511 -0.124108 0.154156 0.000000
0.014486 140.444397 342.222198 -0.093117 0.092084 0.000000
0.001757 137.777802 344.000000 -0.093113 0.061047 0.000000
0.014486 136.000000 346.666687 -0.062125 0.092084 0.000000
0.001757 134.222198 348.444489 -0.062125 0.061047 0.000000
0.004303 134.222198 348.444489 -0.000142 -0.001029 0.000000
0.014486 132.444397 350.222198 -0.062125 0.061043 0.000000
0.001757 131.555603 351.111115 -0.031130 0.030010 0.000000
0.014486 129.777802 352.888885 -0.062125 0.061046 0.000000
-0.000788 129.777802 352.888885 -0.000142 -0.001029 0.000000
-0.000788 129.777802 352.888885 -0.000142 -0.001029 0.000000
0.011940 129.777802 352.000000 -0.000142 -0.032066 1.000000
0.001757 129.777802 352.000000 -0.000142 -0.001029 1.000000
-0.000788 129.777802 347.555511 -0.000142 -0.156216 2.000000
0.014486 131.555603 341.333313 0.061841 -0.218288 2.000000
0.001757 134.222198 333.333313 0.092829 -0.280363 2.000000
0.014486 138.666702 323.555511 0.154815 -0.342438 2.000000
0.050126 151.111099 306.666687 0.433732 -0.590733 2.000000
0.032306 166.222198 295.111115 0.526706 -0.404512 2.000000
0.047580 188.444397 285.333313 0.774635 -0.342438 2.000000
0.017032 194.666702 283.555511 0.216799 -0.063104 1.000000
0.014486 201.777802 283.555511 0.247786 -0.001029 1.000000
0.047580 216.000000 283.555511 0.495715 -0.001029 1.000000
0.017032 223.111099 284.444489 0.247786 0.030012 0.000000
0.011940 236.444397 288.888885 0.464723 0.154156 0.000000
0.014486 242.666702 292.444489 0.216799 0.123122 0.000000
0.011940 248.000000 296.000000 0.185803 0.123119 0.000000
-0.003334 248.000000 296.000000 -0.000142 -0.001029 0.000000
0.014486 256.888885 303.111115 0.309769 0.247269 0.000000
-0.003334 256.888885 303.111115 -0.000142 -0.001029 0.000000
-0.000788 261.333313 305.777802 0.154813 0.092084 0.000000
0.011940 264.888885 308.444489 0.123823 0.092084 0.000000
-0.000788 264.888885 308.444489 -0.000142 -0.001029 0.000000
-0.000788 268.444489 310.222198 0.123824 0.061043 0.000000
0.014486 272.888885 311.111115 0.154812 0.030010 0.000000
-0.003334 277.333313 311.111115 0.154813 -0.001029 0.000000
0.001757 277.333313 311.111115 -0.000142 -0.001029 1.000000
0.011940 281.777802 311.111115 0.154815 -0.001029 2.000000
0.001757 287.111115 311.111115 0.185804 -0.001029 2.000000
-0.003334 292.444489 310.222198 0.185806 -0.032067 2.000000
0.017032 296.888885 308.444489 0.154812 -0.063101 2.000000
0.006849 302.222198 307.555511 0.185804 -0.032069 2.000000
0.014486 307.555511 305.777802 0.185804 -0.063101 2.000000
0.006849 312.000000 304.888885 0.154815 -0.032067 2.000000
0.022123 317.333313 303.111115 0.185804 -0.063103 2.000000
0.004303 322.666687 302.222198 0.185806 -0.032067 2.000000
0.022123 332.444489 301.333313 0.340761 -0.032066 2.000000
0.001757 332.444489 301.333313 -0.000142 -0.001029 2.000000
0.017032 340.444489 300.444489 0.278778 -0.032063 2.000000
-0.000788 340.444489 300.444489 -0.000142 -0.001029 2.000000
0.006849 344.888885 300.444489 0.154812 -0.001029 1.000000
0.014486 348.444489 300.444489 0.123824 -0.001029 1.000000
0.006849 352.000000 300.444489 0.123821 -0.001029 0.000000
0.014486 355.555511 301.333313 0.123821 0.030006 0.000000
0.001757 359.111115 302.222198 0.123824 0.030009 0.000000
0.017032 363.555511 302.222198 0.154812 -0.001029 0.000000
0.001757 367.111115 302.222198 0.123824 -0.001029 0.000000
0.006849 371.555511 302.222198 0.154812 -0.001029 0.000000
0.009394 371.555511 302.222198 -0.000142 -0.001029 0.000000
0.004303 381.333313 301.333313 0.340761 -0.032066 0.000000
0.011940 385.777802 299.555511 0.154815 -0.063104 0.000000
-0.003334 385.777802 299.555511 -0.000142 -0.001029 0.000000
0.001757 390.222198 298.666687 0.154812 -0.032063 0.000000
0.011940 393.777802 296.888885 0.123824 -0.063104 0.000000
-0.000788 396.444489 296.000000 0.092832 -0.032066 0.000000
0.004303 396.444489 296.000000 -0.000142 -0.001029 0.000000
0.014486 400.000000 295.111115 0.123821 -0.032066 0.000000
0.001757 402.666687 294.222198 0.092832 -0.032067 0.000000
0.014486 406.222198 293.333313 0.123821 -0.032066 0.000000
0.001757 408.888885 292.444489 0.092832 -0.032063 0.000000
0.001757 412.444489 291.555511 0.123824 -0.032069 0.000000
0.011940 415.111115 289.777802 0.092830 -0.063101 0.000000
-0.003334 415.111115 289.777802 -0.000142 -0.001029 0.000000
0.017032 420.444489 285.333313 0.185806 -0.156216 0.000000
-0.000788 420.444489 285.333313 -0.000142 -0.001029 0.000000
0.006849 422.222198 280.888885 0.061838 -0.156214 0.000000
0.014486 423.111115 274.666687 0.030850 -0.218288 0.000000
0.009394 423.111115 266.666687 -0.000142 -0.280363 0.000000
0.014486 422.222198 257.777802 -0.031134 -0.311400 0.000000
0.045035 415.111115 235.555603 -0.248070 -0.776957 2.000000
0.039943 408.888885 224.888901 -0.217080 -0.373476 2.000000
0.055218 401.777802 215.111099 -0.248070 -0.342438 2.000000
0.037397 392.888885 203.555603 -0.310054 -0.404510 2.000000
0.039943 384.888885 190.222198 -0.279062 -0.466589 2.000000
0.060309 374.222198 174.222198 -0.372036 -0.559698 2.000000
0.009394 371.555511 172.444397 -0.093116 -0.063104 2.000000
0.011940 369.777802 170.666702 -0.062122 -0.063100 2.000000
0.001757 367.111115 170.666702 -0.093116 -0.001029 1.000000
0.014486 365.333313 170.666702 -0.062125 -0.001029 1.000000
0.001757 362.666687 171.555603 -0.093114 0.030009 0.000000
0.004303 362.666687 171.555603 -0.000142 -0.001029 0.000000
0.011940 356.444489 175.111099 -0.217079 0.123118 0.000000
0.004303 356.444489 175.111099 -0.000142 -0.001029 0.000000
0.011940 353.777802 176.888901 -0.093116 0.061047 0.000000
0.004303 351.111115 177.777802 -0.093116 0.030009 0.000000
0.001757 348.444489 178.666702 -0.093114 0.030009 0.000000
0.011940 345.777802 179.555603 -0.093116 0.030009 0.000000
0.006849 344.000000 179.555603 -0.062125 -0.001029 0.000000
0.011940 342.222198 180.444397 -0.062125 0.030005 0.000000
0.001757 341.333313 182.222198 -0.031133 0.061047 0.000000
0.019577 340.444489 184.000000 -0.031131 0.061047 0.000000
0.004303 340.444489 186.666702 -0.000142 0.092084 0.000000
0.022123 342.222198 194.666702 0.061838 0.278306 2.000000
0.045035 345.777802 198.222198 0.123824 0.123118 2.000000
0.065400 360.000000 206.222198 0.495715 0.278306 2.000000
0.037397 372.444489 207.111099 0.433735 0.030009 2.000000
0.042489 387.555511 204.444397 0.526704 -0.094141 2.000000
0.039943 402.666687 197.333298 0.526709 -0.249326 2.000000
0.045035 427.555511 176.888901 0.867607 -0.714882 1.000000
0.001757 427.555511 176.888901 -0.000142 -0.001029 1.000000
0.004303 436.444489 168.000000 0.309772 -0.311401 1.000000
0.011940 444.444489 157.333298 0.278778 -0.373476 0.000000
0.001757 450.666687 147.555603 0.216795 -0.342435 0.000000
0.017032 455.111115 139.555603 0.154813 -0.280363 0.000000
0.004303 457.777802 132.444397 0.092832 -0.249329 0.000000
0.017032 459.555511 127.111099 0.061838 -0.187250 0.000000
0.001757 459.555511 123.555603 -0.000142 -0.125175 0.000000
0.004303 459.555511 120.000000 -0.000142 -0.125179 0.000000
0.011940 457.777802 117.333298 -0.062122 -0.094141 0.000000
0.001757 457.777802 117.333298 -0.000142 -0.001029 0.000000
0.014486 453.333313 113.777802 -0.155099 -0.125175 0.000000
-0.000788 453.333313 113.777802 -0.000142 -0.001029 0.000000
0.004303 451.555511 112.888901 -0.062125 -0.032066 0.000000
0.011940 448.888885 112.000000 -0.093114 -0.032066 0.000000
-0.000788 448.000000 111.111099 -0.031133 -0.032066 0.000000
0.017032 446.222198 110.222198 -0.062125 -0.032066 1.000000
0.001757 444.444489 109.333298 -0.062122 -0.032066 1.000000
0.034852 440.888885 105.777802 -0.124108 -0.125175 2.000000
0.034852 438.222198 104.000000 -0.093116 -0.063104 2.000000
0.055218 426.666687 96.888893 -0.403025 -0.249326 2.000000
0.047580 417.777802 93.333344 -0.310053 -0.125177 2.000000
0.034852 407.111115 89.777779 -0.372036 -0.125178 2.000000
0.001757 400.888885 88.000000 -0.217080 -0.063103 1.000000
0.034852 386.666687 84.444443 -0.495999 -0.125177 1.000000
0.034852 371.555511 82.666656 -0.526993 -0.063103 0.000000
0.001757 371.555511 82.666656 -0.000142 -0.001029 0.000000
0.004303 364.444489 82.666656 -0.248068 -0.001029 0.000000
0.014486 358.222198 82.666656 -0.217082 -0.001029 0.000000
0.001757 353.777802 83.555557 -0.155096 0.030009 0.000000
0.014486 349.333313 84.444443 -0.155099 0.030009 0.000000
0.001757 346.666687 85.333344 -0.093114 0.030009 0.000000
0.001757 346.666687 85.333344 -0.000142 -0.001029 0.000000
0.011940 342.222198 86.222221 -0.155099 0.030008 0.000000
0.004303 342.222198 86.222221 -0.000142 -0.001029 0.000000
0.014486 338.666687 87.111107 -0.124105 0.030009 0.000000
-0.000788 338.666687 87.111107 -0.000142 -0.001029 0.000000
0.004303 336.000000 87.111107 -0.093116 -0.001029 0.000000
0.019577 332.444489 88.000000 -0.124105 0.030009 0.000000
0.009394 324.444489 89.777779 -0.279062 0.061046 1.000000
0.014486 324.444489 89.777779 -0.000142 -0.001029 1.000000
0.006849 320.000000 91.555557 -0.155099 0.061046 1.000000
0.022123 312.000000 93.333344 -0.279062 0.061046 2.000000
0.017032 309.333313 95.111107 -0.093116 0.061045 2.000000
0.011940 306.666687 96.000000 -0.093114 0.030009 2.000000
0.014486 303.111115 97.777779 -0.124107 0.061046 2.000000
0.009394 303.111115 97.777779 -0.000142 -0.001029 2.000000
0.022123 297.777802 99.555557 -0.186088 0.061046 2.000000
0.004303 297.777802 99.555557 -0.000142 -0.001029 2.000000
0.022123 288.888885 102.222198 -0.310054 0.092082 2.000000
0.001757 283.555511 104.000000 -0.186090 0.061047 2.000000
0.024669 276.444489 106.666702 -0.248068 0.092084 1.000000
0.004303 269.333313 109.333298 -0.248073 0.092080 1.000000
0.024669 256.000000 113.777802 -0.465008 0.154159 1.000000
0.006849 256.000000 113.777802 -0.000142 -0.001029 0.000000
0.019577 247.111099 114.666702 -0.310054 0.030009 0.000000
0.039943 242.666702 112.888901 -0.155096 -0.063104 0.000000
0.060309 240.888901 103.111099 -0.062125 -0.342438 0.000000
0.034852 240.000000 98.666656 -0.031134 -0.156214 0.000000
0.039943 234.666702 85.333344 -0.186088 -0.466585 0.000000
0.062855 224.888901 78.222221 -0.341045 -0.249326 0.000000
0.039943 212.444397 72.888893 -0.434020 -0.187251 2.000000
0.001757 205.333298 71.111107 -0.248071 -0.063103 2.000000
0.017032 200.000000 68.444443 -0.186088 -0.094140 2.000000
0.055218 185.777802 63.111111 -0.495999 -0.187252 2.000000
0.039943 177.777802 61.333328 -0.279062 -0.063103 2.000000
0.037397 173.333298 59.555561 -0.155100 -0.063103 2.000000
0.004303 173.333298 59.555561 -0.000142 -0.001029 2.000000
0.037397 172.444397 59.555561 -0.031134 -0.001029 1.000000
0.029760 172.444397 60.444439 -0.000142 0.030008 0.000000
0.055218 179.555603 68.444443 0.247790 0.278306 0.000000
0.004303 182.222198 70.222221 0.092829 0.061046 0.000000
0.014486 184.000000 72.888893 0.061841 0.092083 0.000000
0.001757 184.000000 72.888893 -0.000142 -0.001029 0.000000
0.001757 185.777802 73.777779 0.061841 0.030009 0.000000
0.017032 186.666702 75.555557 0.030849 0.061046 0.000000
0.001757 186.666702 76.444443 -0.000142 0.030009 0.000000
0.014486 187.555603 77.333344 0.030849 0.030009 0.000000
0.001757 187.555603 77.333344 -0.000142 -0.001029 0.000000
0.014486 187.555603 78.222221 -0.000142 0.030008 0.000000
-0.000788 187.555603 78.222221 -0.000142 -0.001029 0.000000
0.004303 187.555603 78.222221 -0.000142 -0.001029 0.000000
0.014486 187.555603 78.222221 -0.000142 -0.001029 1.000000
0.004303 187.555603 78.222221 -0.000142 -0.001029 1.000000
0.019577 187.555603 78.222221 -0.000142 -0.001029 2.000000
0.006849 187.555603 78.222221 -0.000142 -0.001029 2.000000
0.022123 185.777802 78.222221 -0.062125 -0.001029 2.000000
0.006849 182.222198 78.222221 -0.124108 -0.001029 2.000000
0.024669 175.111099 77.333344 -0.248071 -0.032065 2.000000
0.004303 175.111099 77.333344 -0.000142 -0.001029 2.000000
0.019577 168.888901 75.555557 -0.217079 -0.063103 2.000000
0.006849 166.222198 73.777779 -0.093117 -0.063103 2.000000
0.019577 162.666702 72.000000 -0.124105 -0.063103 2.000000
0.006849 159.111099 71.111107 -0.124108 -0.032066 2.000000
0.019577 155.555603 69.333344 -0.124105 -0.063102 2.000000
0.006849 151.111099 68.444443 -0.155100 -0.032066 2.000000
0.022123 140.444397 69.333344 -0.372037 0.030009 1.000000
0.006849 140.444397 69.333344 -0.000142 -0.001029 1.000000
0.017032 132.444397 73.777779 -0.279062 0.154157 0.000000
0.006849 132.444397 73.777779 -0.000142 -0.001029 0.000000
0.017032 128.888901 81.777779 -0.124105 0.278306 0.000000
0.006849 128.888901 86.222221 -0.000142 0.154157 0.000000
0.019577 129.777802 91.555557 0.030849 0.185195 0.000000
0.045035 137.777802 103.111099 0.278778 0.402454 0.000000
0.042489 148.444397 116.444397 0.371749 0.464528 0.000000
0.057763 167.111099 141.333298 0.650672 0.868013 0.000000
0.042489 178.666702 159.111099 0.402744 0.619716 1.000000
0.042489 193.777802 178.666702 0.526706 0.681791 2.000000
0.039943 196.444397 182.222198 0.092829 0.123118 2.000000
0.004303 198.222198 184.000000 0.061841 0.061047 2.000000
0.019577 199.111099 184.888901 0.030849 0.030009 2.000000
0.037397 198.222198 184.888901 -0.031134 -0.001029 2.000000
0.062855 188.444397 178.666702 -0.341045 -0.218288 2.000000
0.037397 177.777802 168.000000 -0.372033 -0.373476 2.000000
0.037397 166.222198 154.666702 -0.403028 -0.466585 1.000000
0.024669 154.666702 143.111099 -0.403025 -0.404514 0.000000
0.017032 147.555603 137.777802 -0.248071 -0.187250 0.000000
0.050126 134.222198 130.666702 -0.465011 -0.249326 0.000000
0.001757 127.111099 128.000000 -0.248071 -0.094141 0.000000
0.011940 120.888901 125.333298 -0.217079 -0.094141 0.000000
0.001757 114.666702 124.444397 -0.217079 -0.032066 0.000000
0.014486 108.444397 122.666702 -0.217083 -0.063100 0.000000
0.001757 108.444397 122.666702 -0.000142 -0.001029 0.000000
0.004303 96.000000 121.777802 -0.434016 -0.032066 0.000000
0.017032 89.777779 120.888901 -0.217080 -0.032066 0.000000
0.001757 89.777779 120.888901 -0.000142 -0.001029 0.000000
0.011940 83.555557 120.888901 -0.217080 -0.001029 0.000000
0.004303 72.888893 120.888901 -0.372035 -0.001029 1.000000
0.004303 72.888893 120.888901 -0.000142 -0.001029 1.000000
0.011940 68.444443 120.888901 -0.155098 -0.001029 1.000000
0.011940 66.666656 120.888901 -0.062125 -0.001029 2.000000
0.017032 65.777779 120.000000 -0.031133 -0.032066 2.000000
0.004303 65.777779 120.000000 -0.000142 -0.001029 2.000000
0.019577 67.555557 117.333298 0.061840 -0.094141 2.000000
0.006849 67.555557 117.333298 -0.000142 -0.001029 2.000000
0.022123 75.555557 111.111099 0.278778 -0.218288 2.000000
0.004303 80.888893 108.444397 0.185805 -0.094141 2.000000
0.019577 86.222221 104.888901 0.185804 -0.125175 2.000000
0.006849 90.666656 102.222198 0.154813 -0.094141 2.000000
0.019577 96.000000 98.666656 0.185805 -0.125177 2.000000
0.006849 101.333298 96.888893 0.185803 -0.063102 2.000000
0.019577 110.222198 93.333344 0.309769 -0.125177 1.000000
0.006849 110.222198 93.333344 -0.000142 -0.001029 1.000000
0.019577 115.555603 93.333344 0.185807 -0.001029 1.000000
0.006849 117.333298 95.111107 0.061837 0.061045 0.000000
0.022123 117.333298 98.666656 -0.000142 0.123120 0.000000
0.001757 115.555603 104.888901 -0.062121 0.216232 0.000000
0.032306 109.333298 119.111099 -0.217083 0.495565 0.000000
0.027215 105.777802 127.111099 -0.124105 0.278306 0.000000
0.045035 101.333298 144.000000 -0.155100 0.588678 0.000000
0.037397 100.444397 161.777802 -0.031134 0.619716 0.000000
0.062855 104.000000 187.555603 0.123824 0.899050 0.000000
0.037397 108.444397 202.666702 0.154812 0.526603 1.000000
0.037397 111.111099 215.111099 0.092832 0.433490 2.000000
0.024669 112.000000 225.777802 0.030849 0.371419 2.000000
0.014486 112.000000 229.333298 -0.000142 0.123118 2.000000
0.034852 112.000000 232.000000 -0.000142 0.092084 2.000000
0.057763 110.222198 234.666702 -0.062125 0.092084 2.000000
0.029760 110.222198 233.777802 -0.000142 -0.032066 2.000000
0.057763 120.000000 218.666702 0.340761 -0.528660 1.000000
0.029760 125.333298 211.555603 0.185803 -0.249326 1.000000
0.052672 150.222198 187.555603 0.867609 -0.839032 0.000000
0.052672 173.333298 170.666702 0.805626 -0.590735 0.000000
-0.003334 185.777802 162.666702 0.433735 -0.280363 0.000000
0.001757 185.777802 162.666702 -0.000142 -0.001029 0.000000
0.011940 198.222198 154.666702 0.433732 -0.280363 0.000000
-0.000788 211.555603 148.444397 0.464727 -0.218292 0.000000
0.011940 224.000000 143.111099 0.433732 -0.187250 0.000000
-0.000788 236.444397 138.666702 0.433732 -0.156213 0.000000
0.001757 247.111099 136.000000 0.371752 -0.094141 0.000000
0.011940 257.777802 135.111099 0.371752 -0.032066 0.000000
-0.000788 257.777802 135.111099 -0.000142 -0.001029 0.000000
0.001757 265.777802 135.111099 0.278778 -0.001029 0.000000
0.014486 272.888885 136.000000 0.247786 0.030009 1.000000
0.004303 278.222198 138.666702 0.185804 0.092084 1.000000
0.006849 282.666687 142.222198 0.154815 0.123118 1.000000
0.006849 284.444489 147.555603 0.061841 0.185197 1.000000
0.019577 285.333313 152.888901 0.030847 0.185193 2.000000
-0.000788 285.333313 159.111099 -0.000142 0.216231 2.000000
0.006849 283.555511 166.222198 -0.062125 0.247268 2.000000
0.014486 280.000000 173.333298 -0.124105 0.247268 2.000000
0.004303 276.444489 180.444397 -0.124105 0.247268 2.000000
0.014486 272.888885 186.666702 -0.124108 0.216235 2.000000
0.001757 272.888885 186.666702 -0.000142 -0.001029 2.000000
0.022123 269.333313 197.333298 -0.124107 0.371415 2.000000
0.001757 269.333313 197.333298 -0.000142 -0.001029 2.000000
0.006849 269.333313 202.666702 -0.000142 0.185197 2.000000
0.014486 269.333313 211.555603 -0.000142 0.309344 2.000000
0.006849 270.222198 216.000000 0.030849 0.154156 2.000000
0.014486 271.111115 220.444397 0.030850 0.154156 2.000000
0.004303 271.111115 224.888901 -0.000142 0.154159 1.000000
0.019577 272.000000 229.333298 0.030849 0.154156 1.000000
0.004303 272.000000 232.888901 -0.000142 0.123122 1.000000
0.019577 272.000000 237.333298 -0.000142 0.154156 0.000000
0.004303 272.000000 240.888901 -0.000142 0.123122 0.000000
0.019577 272.000000 244.444397 -0.000142 0.123118 0.000000
0.050126 271.111115 248.000000 -0.031133 0.123122 0.000000
0.034852 267.555511 247.111099 -0.124108 -0.032066 0.000000
0.050126 261.333313 240.000000 -0.217079 -0.249326 0.000000
0.057763 250.666702 226.666702 -0.372034 -0.466585 0.000000
0.006849 243.555603 218.666702 -0.248071 -0.280363 1.000000
0.011940 236.444397 209.777802 -0.248074 -0.311401 1.000000
0.052672 215.111099 184.000000 -0.743928 -0.901108 1.000000
0.001757 208.888901 176.888901 -0.217079 -0.249326 2.000000
0.014486 203.555603 169.777802 -0.186088 -0.249326 2.000000
0.050126 195.555603 160.888901 -0.279062 -0.311401 2.000000
0.045035 191.111099 156.444397 -0.155100 -0.156217 2.000000
0.037397 190.222198 154.666702 -0.031134 -0.063100 2.000000
0.057763 196.444397 159.111099 0.216795 0.154156 2.000000
0.052672 218.666702 171.555603 0.774638 0.433494 1.000000
0.006849 230.222198 176.888901 0.402740 0.185193 0.000000
0.032306 242.666702 182.222198 0.433735 0.185193 0.000000
0.017032 256.000000 188.444397 0.464723 0.216231 0.000000
0.004303 270.222198 193.777802 0.495715 0.185197 0.000000
0.019577 300.444489 208.888901 1.053558 0.526603 0.000000
0.009394 300.444489 208.888901 -0.000142 -0.001029 0.000000
0.022123 329.777802 224.888901 1.022564 0.557641 0.000000
0.004303 344.000000 232.888901 0.495715 0.278306 0.000000
0.024669 356.444489 240.888901 0.433735 0.278306 0.000000
0.009394 366.222198 247.111099 0.340758 0.216231 0.000000
0.022123 382.222198 256.000000 0.557698 0.309344 0.000000
0.006849 382.222198 256.000000 -0.000142 -0.001029 0.000000
0.027215 391.111115 258.666687 0.309770 0.092084 2.000000
0.014486 392.888885 258.666687 0.061840 -0.001029 2.000000
0.019577 393.777802 256.888885 0.030850 -0.063104 2.000000
0.019577 392.000000 248.000000 -0.062125 -0.311400 2.000000
0.001757 392.000000 248.000000 -0.000142 -0.001029 2.000000
0.019577 386.666687 231.111099 -0.186088 -0.590735 2.000000
0.001757 384.000000 220.444397 -0.093116 -0.373476 2.000000
-0.000788 384.000000 220.444397 -0.000142 -0.001029 2.000000
0.014486 383.111115 208.888901 -0.031133 -0.404510 2.000000
-0.000788 382.222198 199.111099 -0.031134 -0.342438 2.000000
0.014486 382.222198 190.222198 -0.000142 -0.311401 2.000000
0.004303 382.222198 183.111099 -0.000142 -0.249326 2.000000
0.001757 382.222198 183.111099 -0.000142 -0.001029 2.000000
0.011940 382.222198 175.111099 -0.000142 -0.280363 2.000000
0.006849 381.333313 172.444397 -0.031133 -0.094141 1.000000
0.017032 380.444489 170.666702 -0.031131 -0.063100 1.000000
0.001757 380.444489 170.666702 -0.000142 -0.001029 1.000000
0.022123 377.777802 168.888901 -0.093116 -0.063104 0.000000
0.001757 376.000000 168.000000 -0.062125 -0.032066 0.000000
0.022123 375.111115 168.000000 -0.031133 -0.001029 0.000000
0.060309 368.888885 168.000000 -0.217080 -0.001029 0.000000
0.042489 362.666687 168.000000 -0.217079 -0.001029 0.000000
0.042489 353.777802 168.000000 -0.310053 -0.001029 0.000000
0.042489 344.888885 167.111099 -0.310054 -0.032066 0.000000
0.047580 331.555511 161.777802 -0.465010 -0.187250 2.000000
0.050126 319.111115 157.333298 -0.434016 -0.156217 2.000000
0.004303 311.111115 154.666702 -0.279062 -0.094138 2.000000
0.014486 303.111115 153.777802 -0.279062 -0.032066 2.000000
0.001757 294.222198 152.888901 -0.310054 -0.032066 2.000000
0.017032 286.222198 152.000000 -0.279062 -0.032066 2.000000
0.004303 279.111115 151.111099 -0.248070 -0.032066 2.000000
0.019577 272.888885 150.222198 -0.217080 -0.032066 2.000000
0.001757 267.555511 150.222198 -0.186090 -0.001029 2.000000
0.006849 267.555511 150.222198 -0.000142 -0.001029 2.000000
0.014486 258.666687 150.222198 -0.310051 -0.001029 2.000000
0.001757 258.666687 150.222198 -0.000142 -0.001029 2.000000
0.011940 252.444397 155.555603 -0.217082 0.185197 2.000000
0.001757 252.444397 155.555603 -0.000142 -0.001029 1.000000
0.004303 249.777802 160.000000 -0.093113 0.154156 1.000000
0.014486 248.000000 165.333298 -0.062125 0.185193 0.000000
0.004303 248.000000 171.555603 -0.000142 0.216235 0.000000
0.017032 248.000000 177.777802 -0.000142 0.216231 0.000000
0.037397 254.222198 188.444397 0.216795 0.371415 0.000000
0.060309 268.444489 198.222198 0.495718 0.340381 0.000000
0.034852 279.111115 198.222198 0.371750 -0.001029 0.000000
0.037397 290.666687 192.000000 0.402743 -0.218288 0.000000
0.057763 311.111115 171.555603 0.712653 -0.714882 0.000000
0.045035 328.888885 150.222198 0.619680 -0.745923 1.000000
0.050126 346.666687 127.111099 0.619681 -0.807995 2.000000
0.004303 355.555511 116.444397 0.309767 -0.373476 2.000000
0.019577 362.666687 107.555603 0.247789 -0.311397 2.000000
0.004303 368.888885 99.555557 0.216795 -0.280365 2.000000
0.022123 376.888885 86.222221 0.278778 -0.466586 2.000000
0.006849 378.666687 80.888893 0.061841 -0.187251 2.000000
0.022123 380.444489 76.444443 0.061841 -0.156215 2.000000
0.006849 380.444489 72.000000 -0.000142 -0.156214 2.000000
0.019577 380.444489 67.555557 -0.000142 -0.156214 2.000000
0.006849 377.777802 64.000000 -0.093116 -0.125177 2.000000
0.017032 374.222198 61.333328 -0.124108 -0.094140 1.000000
0.004303 368.888885 57.777779 -0.186088 -0.125177 1.000000
0.017032 363.555511 56.000000 -0.186090 -0.063103 1.000000
0.006849 358.222198 54.222221 -0.186088 -0.063103 0.000000
0.017032 352.888885 52.444439 -0.186088 -0.063103 0.000000
0.034852 340.444489 50.666672 -0.434016 -0.063103 0.000000
0.060309 320.000000 53.333328 -0.712939 0.092083 0.000000
0.034852 304.888885 58.666672 -0.526991 0.185195 0.000000
0.050126 292.444489 66.666656 -0.434016 0.278306 0.000000
0.034852 284.444489 74.666656 -0.279062 0.278306 0.000000
0.055218 278.222198 92.444443 -0.217082 0.619715 1.000000
0.019577 278.222198 99.555557 -0.000142 0.247269 1.000000
0.001757 278.222198 108.444397 -0.000142 0.309342 1.000000
0.001757 278.222198 108.444397 -0.000142 -0.001029 2.000000
0.032306 283.555511 125.333298 0.185804 0.588678 2.000000
0.032306 289.777802 140.444397 0.216798 0.526603 2.000000
0.052672 298.666687 153.777802 0.309769 0.464532 2.000000
0.050126 304.000000 159.111099 0.185804 0.185193 2.000000
0.034852 309.333313 164.444397 0.185804 0.185193 2.000000
0.017032 312.888885 166.222198 0.123823 0.061047 1.000000
0.011940 316.444489 168.888901 0.123824 0.092084 1.000000
0.047580 332.444489 173.333298 0.557698 0.154156 0.000000
0.004303 332.444489 173.333298 -0.000142 -0.001029 0.000000
0.011940 338.666687 174.222198 0.216795 0.030009 0.000000
-0.000788 344.888885 174.222198 0.216795 -0.001029 0.000000
0.001757 352.000000 175.111099 0.247787 0.030009 0.000000
0.014486 360.000000 175.111099 0.278778 -0.001029 0.000000
0.001757 360.000000 175.111099 -0.000142 -0.001029 0.000000
-0.000788 368.000000 175.111099 0.278778 -0.001029 0.000000
0.011940 376.000000 175.111099 0.278778 -0.001029 0.000000
-0.000788 384.000000 176.000000 0.278778 0.030009 0.000000
0.014486 392.000000 176.888901 0.278778 0.030009 0.000000
0.001757 400.888885 177.777802 0.309769 0.030009 0.000000
0.001757 400.888885 177.777802 -0.000142 -0.001029 0.000000
0.017032 417.777802 180.444397 0.588690 0.092080 0.000000
0.004303 417.777802 180.444397 -0.000142 -0.001029 0.000000
0.024669 432.888885 182.222198 0.526706 0.061047 1.000000
0.006849 440.000000 183.111099 0.247787 0.030009 1.000000
0.014486 445.333313 183.111099 0.185804 -0.001029 1.000000
0.006849 450.666687 183.111099 0.185806 -0.001029 1.000000
0.019577 455.111115 182.222198 0.154813 -0.032066 2.000000
0.001757 457.777802 181.333298 0.092832 -0.032066 2.000000
0.019577 460.444489 179.555603 0.092832 -0.063100 2.000000
0.001757 461.333313 178.666702 0.030847 -0.032066 2.000000
0.029760 460.444489 176.888901 -0.031131 -0.063104 2.000000
0.006849 456.888885 176.000000 -0.124108 -0.032066 2.000000
0.019577 452.444489 175.111099 -0.155096 -0.032066 2.000000
0.001757 452.444489 175.111099 -0.000142 -0.001029 2.000000
0.019577 440.888885 175.111099 -0.403028 -0.001029 2.000000
0.006849 434.666687 176.888901 -0.217079 0.061047 2.000000
0.022123 427.555511 179.555603 -0.248073 0.092084 2.000000
0.004303 420.444489 182.222198 -0.248068 0.092080 1.000000
0.017032 412.444489 185.777802 -0.279062 0.123122 1.000000
0.055218 387.555511 197.333298 -0.867896 0.402453 0.000000
0.034852 370.666687 205.333298 -0.588971 0.278306 0.000000
0.052672 354.666687 210.666702 -0.557982 0.185197 0.000000
0.052672 330.666687 217.777802 -0.836902 0.247268 0.000000
0.039943 317.333313 222.222198 -0.465010 0.154156 0.000000
0.045035 307.555511 228.444397 -0.341045 0.216231 0.000000
0.004303 303.111115 232.000000 -0.155096 0.123122 0.000000
0.019577 300.444489 236.444397 -0.093114 0.154156 0.000000
0.047580 296.000000 245.333298 -0.155099 0.309344 1.000000
0.042489 292.444489 256.000000 -0.124105 0.371419 2.000000
0.004303 292.444489 256.000000 -0.000142 -0.001029 2.000000
0.017032 288.000000 261.333313 -0.155099 0.185194 2.000000
0.039943 280.888885 264.000000 -0.248071 0.092084 2.000000
0.062855 273.777802 264.888885 -0.248070 0.030009 2.000000
0.042489 268.444489 257.777802 -0.186088 -0.249325 2.000000
0.004303 268.444489 257.777802 -0.000142 -0.001029 2.000000
0.019577 268.444489 249.777802 -0.000142 -0.280363 2.000000
0.004303 268.444489 246.222198 -0.000142 -0.125179 2.000000
0.017032 268.444489 243.555603 -0.000142 -0.094138 1.000000
0.001757 268.444489 243.555603 -0.000142 -0.001029 1.000000
0.017032 268.444489 240.888901 -0.000142 -0.094141 0.000000
0.004303 268.444489 240.000000 -0.000142 -0.032066 0.000000
0.001757 268.444489 240.000000 -0.000142 -0.001029 0.000000
0.014486 267.555511 240.000000 -0.031136 -0.001029 0.000000
0.004303 265.777802 240.000000 -0.062122 -0.001029 0.000000
0.014486 262.222198 244.444397 -0.124108 0.154156 0.000000
0.001757 262.222198 244.444397 -0.000142 -0.001029 0.000000
0.019577 260.444489 248.000000 -0.062122 0.123122 0.000000
0.004303 259.555511 252.444397 -0.031136 0.154156 0.000000
0.017032 256.888885 262.222198 -0.093114 0.340381 0.000000
0.001757 256.888885 262.222198 -0.000142 -0.001029 0.000000
0.042489 253.333298 269.333313 -0.124108 0.247269 0.000000
0.006849 251.555603 272.000000 -0.062121 0.092084 1.000000
0.022123 248.000000 273.777802 -0.124108 0.061047 1.000000
0.042489 244.444397 273.777802 -0.124108 -0.001029 1.000000
0.039943 239.111099 267.555511 -0.186088 -0.218291 2.000000
0.042489 233.777802 256.000000 -0.186088 -0.404510 2.000000
0.042489 225.777802 238.222198 -0.279062 -0.621773 2.000000
0.065400 208.000000 203.555603 -0.619965 -1.211476 2.000000
0.004303 201.777802 192.888901 -0.217079 -0.373476 2.000000
0.014486 194.666702 183.111099 -0.248071 -0.342438 2.000000
0.001757 194.666702 183.111099 -0.000142 -0.001029 2.000000
0.014486 180.444397 169.777802 -0.496003 -0.466585 2.000000
0.004303 173.333298 165.333298 -0.248071 -0.156217 2.000000
0.017032 166.222198 161.777802 -0.248071 -0.125175 1.000000
0.004303 166.222198 161.777802 -0.000142 -0.001029 1.000000
0.004303 154.666702 157.333298 -0.403025 -0.156217 0.000000
0.014486 154.666702 157.333298 -0.000142 -0.001029 0.000000
0.001757 150.222198 156.444397 -0.155100 -0.032066 0.000000
0.017032 146.666702 155.555603 -0.124105 -0.032062 0.000000
0.001757 144.888901 155.555603 -0.062125 -0.001029 0.000000
0.011940 144.000000 154.666702 -0.031134 -0.032066 0.000000
0.001757 143.111099 154.666702 -0.031134 -0.001029 0.000000
0.004303 143.111099 154.666702 -0.000142 -0.001029 0.000000
0.011940 143.111099 154.666702 -0.000142 -0.001029 0.000000
0.052672 142.222198 155.555603 -0.031134 0.030009 0.000000
0.004303 140.444397 159.111099 -0.062125 0.123118 1.000000
0.017032 136.000000 168.888901 -0.155096 0.340381 1.000000
0.037397 134.222198 174.222198 -0.062125 0.185193 2.000000
-0.000788 132.444397 179.555603 -0.062125 0.185197 2.000000
0.032306 129.777802 188.444397 -0.093113 0.309340 2.000000
0.050126 126.222198 198.222198 -0.124108 0.340381 2.000000
0.052672 119.111099 215.111099 -0.248071 0.588678 2.000000
0.009394 117.333298 221.333298 -0.062125 0.216231 2.000000
0.029760 114.666702 227.555603 -0.093113 0.216235 2.000000
0.029760 112.000000 240.000000 -0.093117 0.433490 1.000000
0.004303 112.000000 245.333298 -0.000142 0.185193 0.000000
0.019577 112.000000 249.777802 -0.000142 0.154159 0.000000
0.006849 112.000000 252.444397 -0.000142 0.092080 0.000000
0.024669 117.333298 255.111099 0.185803 0.092084 0.000000
0.006849 117.333298 255.111099 -0.000142 -0.001029 0.000000
0.022123 125.333298 255.111099 0.278778 -0.001029 0.000000
0.006849 131.555603 255.111099 0.216799 -0.001029 0.000000
0.019577 138.666702 253.333298 0.247786 -0.063104 0.000000
0.011940 146.666702 251.555603 0.278778 -0.063100 0.000000
0.027215 164.444397 248.000000 0.619677 -0.125179 0.000000
0.024669 173.333298 246.222198 0.309769 -0.063104 0.000000
0.014486 189.333298 241.777802 0.557698 -0.156213 0.000000
0.024669 197.333298 239.111099 0.278778 -0.094141 1.000000
0.029760 203.555603 235.555603 0.216799 -0.125175 1.000000
0.017032 215.111099 226.666702 0.402740 -0.311401 2.000000
0.032306 224.888901 214.222198 0.340761 -0.435551 2.000000
0.032306 228.444397 208.000000 0.123820 -0.218288 2.000000
0.029760 232.000000 199.111099 0.123824 -0.311401 2.000000
0.004303 232.000000 195.555603 -0.000142 -0.125175 2.000000
0.022123 229.333298 191.111099 -0.093117 -0.156217 2.000000
0.006849 224.000000 187.555603 -0.186088 -0.125175 2.000000
0.019577 217.777802 184.000000 -0.217079 -0.125179 2.000000
0.042489 192.888901 169.777802 -0.867894 -0.497623 1.000000
0.004303 192.888901 169.777802 -0.000142 -0.001029 1.000000
0.032306 176.888901 160.000000 -0.557982 -0.342438 1.000000
0.006849 168.888901 155.555603 -0.279062 -0.156213 0.000000
0.011940 160.888901 152.000000 -0.279062 -0.125179 0.000000
0.057763 132.444397 146.666702 -0.991860 -0.187250 0.000000
0.037397 110.222198 145.777802 -0.774919 -0.032066 0.000000
0.057763 80.888893 145.777802 -1.022848 -0.001029 0.000000
0.006849 80.888893 145.777802 -0.000142 -0.001029 0.000000
0.009394 72.888893 145.777802 -0.279062 -0.001029 0.000000
0.039943 53.333328 147.555603 -0.681947 0.061047 0.000000
0.004303 53.333328 147.555603 -0.000142 -0.001029 2.000000
0.034852 45.333328 151.111099 -0.279062 0.123118 2.000000
0.034852 40.888889 152.888901 -0.155098 0.061047 2.000000
0.052672 40.000000 152.888901 -0.031133 -0.001029 2.000000
0.029760 40.000000 152.888901 -0.000142 -0.001029 2.000000
0.050126 40.000000 152.888901 -0.000142 -0.001029 2.000000
0.034852 40.888889 152.888901 0.030849 -0.001029 2.000000
0.001757 41.777779 152.888901 0.030849 -0.001029 1.000000
0.004303 41.777779 152.888901 -0.000142 -0.001029 1.000000
0.014486 41.777779 152.888901 -0.000142 -0.001029 1.000000
0.004303 41.777779 153.777802 -0.000142 0.030009 0.000000
0.011940 41.777779 154.666702 -0.000142 0.030009 0.000000
0.001757 41.777779 156.444397 -0.000142 0.061043 0.000000
0.001757 41.777779 156.444397 -0.000142 -0.001029 0.000000
0.014486 41.777779 160.000000 -0.000142 0.123122 0.000000
0.001757 41.777779 160.000000 -0.000142 -0.001029 0.000000
0.014486 41.777779 160.888901 -0.000142 0.030009 0.000000
0.001757 42.666672 161.777802 0.030849 0.030009 0.000000
0.022123 44.444439 161.777802 0.061840 -0.001029 0.000000
0.004303 44.444439 161.777802 -0.000142 -0.001029 0.000000
0.019577 46.222221 161.777802 0.061840 -0.001029 0.000000
0.004303 46.222221 161.777802 -0.000142 -0.001029 0.000000
0.004303 47.111111 160.888901 0.030849 -0.032066 0.000000
0.017032 47.111111 160.888901 -0.000142 -0.001029 0.000000
0.004303 47.111111 160.888901 -0.000142 -0.001029 0.000000
0.019577 47.111111 160.888901 -0.000142 -0.001029 1.000000
0.006849 47.111111 160.888901 -0.000142 -0.001029 1.000000
0.019577 48.000000 160.888901 0.030849 -0.001029 2.000000
0.006849 49.777779 162.666702 0.061840 0.061047 2.000000
0.019577 52.444439 165.333298 0.092831 0.092080 2.000000
0.006849 56.000000 167.111099 0.123822 0.061047 2.000000
0.017032 59.555561 167.111099 0.123822 -0.001029 2.000000
0.004303 64.888893 167.111099 0.185804 -0.001029 2.000000
0.019577 70.222221 167.111099 0.185804 -0.001029 2.000000
0.004303 77.333344 163.555603 0.247787 -0.125175 2.000000
0.017032 84.444443 160.000000 0.247786 -0.125179 2.000000
0.004303 92.444443 154.666702 0.278778 -0.187250 2.000000
0.034852 108.444397 144.000000 0.557696 -0.373476 2.000000
0.042489 124.444397 130.666702 0.557698 -0.466585 1.000000
0.006849 130.666702 123.555603 0.216799 -0.249326 0.000000
0.017032 136.888901 115.555603 0.216795 -0.280363 0.000000
0.055218 151.111099 96.000000 0.495715 -0.683848 0.000000
0.034852 152.888901 88.888893 0.061841 -0.249326 0.000000
0.039943 152.000000 84.444443 -0.031134 -0.156215 0.000000
0.037397 148.444397 82.666656 -0.124108 -0.063103 0.000000
0.001757 148.444397 82.666656 -0.000142 -0.001029 0.000000
0.039943 146.666702 81.777779 -0.062121 -0.032065 0.000000
0.052672 146.666702 82.666656 -0.000142 0.030008 1.000000
0.034852 151.111099 88.000000 0.154812 0.185195 1.000000
0.004303 153.777802 91.555557 0.092832 0.123120 2.000000
0.034852 156.444397 95.111107 0.092829 0.123120 2.000000
0.032306 160.000000 104.888901 0.123824 0.340381 2.000000
0.050126 162.666702 123.555603 0.092832 0.650753 2.000000
0.042489 164.444397 140.444397 0.061837 0.588674 2.000000
-0.000788 164.444397 140.444397 -0.000142 -0.001029 2.000000
0.011940 168.000000 157.333298 0.123824 0.588678 2.000000
-0.003334 168.000000 157.333298 -0.000142 -0.001029 2.000000
0.001757 171.555603 164.444397 0.123824 0.247268 2.000000
0.011940 175.111099 170.666702 0.123820 0.216235 1.000000
0.004303 179.555603 176.000000 0.154815 0.185193 1.000000
-0.003334 179.555603 176.000000 -0.000142 -0.001029 1.000000
0.014486 188.444397 180.444397 0.309766 0.154156 0.000000
0.004303 188.444397 180.444397 -0.000142 -0.001029 0.000000
-0.003334 192.000000 180.444397 0.123824 -0.001029 0.000000
0.009394 196.444397 180.444397 0.154812 -0.001029 0.000000
-0.000788 196.444397 180.444397 -0.000142 -0.001029 0.000000
0.011940 206.222198 176.888901 0.340761 -0.125175 0.000000
0.004303 206.222198 176.888901 -0.000142 -0.001029 0.000000
0.006849 211.555603 173.333298 0.185807 -0.125179 0.000000
0.011940 217.777802 168.888901 0.216795 -0.156213 0.000000
0.004303 224.000000 164.444397 0.216795 -0.156217 0.000000
0.017032 231.111099 160.000000 0.247786 -0.156213 0.000000
0.004303 238.222198 155.555603 0.247786 -0.156213 0.000000
0.019577 245.333298 152.000000 0.247786 -0.125179 0.000000
0.001757 251.555603 148.444397 0.216799 -0.125179 0.000000
0.019577 257.777802 145.777802 0.216795 -0.094138 0.000000
0.001757 264.000000 143.111099 0.216795 -0.094141 0.000000
0.004303 269.333313 140.444397 0.185804 -0.094141 1.000000
0.017032 274.666687 138.666702 0.185806 -0.063100 1.000000
0.004303 280.000000 136.888901 0.185804 -0.063104 1.000000
0.019577 285.333313 136.000000 0.185804 -0.032066 1.000000
0.004303 290.666687 135.111099 0.185806 -0.032066 2.000000
0.019577 295.111115 135.111099 0.154813 -0.001029 2.000000
0.004303 299.555511 135.111099 0.154812 -0.001029 2.000000
0.017032 304.000000 135.111099 0.154815 -0.001029 2.000000
-0.000788 309.333313 136.000000 0.185804 0.030009 2.000000
0.006849 313.777802 138.666702 0.154815 0.092084 2.000000
0.009394 319.111115 140.444397 0.185804 0.061043 2.000000
0.001757 322.666687 143.111099 0.123823 0.092084 2.000000
0.014486 326.222198 145.777802 0.123821 0.092084 2.000000
0.001757 326.222198 145.777802 -0.000142 -0.001029 2.000000
0.001757 328.888885 149.333298 0.092832 0.123118 2.000000
0.014486 330.666687 152.000000 0.061841 0.092084 2.000000
0.001757 331.555511 155.555603 0.030847 0.123122 2.000000
0.014486 331.555511 159.111099 -0.000142 0.123118 2.000000
0.001757 331.555511 163.555603 -0.000142 0.154159 2.000000
0.004303 328.888885 167.111099 -0.093114 0.123118 2.000000
0.011940 325.333313 170.666702 -0.124107 0.123122 1.000000
0.001757 325.333313 170.666702 -0.000142 -0.001029 1.000000
0.011940 320.888885 174.222198 -0.155097 0.123118 1.000000
0.006849 307.555511 183.111099 -0.465010 0.309344 1.000000
0.019577 299.555511 188.444397 -0.279062 0.185193 1.000000
0.001757 299.555511 188.444397 -0.000142 -0.001029 0.000000
0.004303 290.666687 193.777802 -0.310051 0.185197 0.000000
0.022123 276.444489 205.333298 -0.495999 0.402453 0.000000
0.042489 266.666687 216.888901 -0.341045 0.402456 0.000000
0.042489 263.111115 227.555603 -0.124107 0.371419 0.000000
0.042489 262.222198 239.111099 -0.031134 0.402453 0.000000
0.042489 262.222198 253.333298 -0.000142 0.495565 0.000000
0.050126 255.111099 277.333313 -0.248071 0.836976 3.000000
0.045035 247.111099 290.666687 -0.279062 0.464531 2.000000
0.004303 247.111099 290.666687 -0.000142 -0.001029 2.000000
0.017032 239.111099 297.777802 -0.279062 0.247269 2.000000
0.001757 236.444397 298.666687 -0.093117 0.030009 2.000000
0.014486 233.777802 298.666687 -0.093113 -0.001029 2.000000
0.001757 233.777802 298.666687 -0.000142 -0.001029 2.000000
0.001757 232.000000 298.666687 -0.062125 -0.001029 2.000000
0.014486 230.222198 291.555511 -0.062125 -0.249328 2.000000
0.004303 230.222198 291.555511 -0.000142 -0.001029 2.000000
0.014486 230.222198 285.333313 -0.000142 -0.218288 2.000000
0.004303 230.222198 277.333313 -0.000142 -0.280363 2.000000
0.019577 232.888901 256.000000 0.092832 -0.745920 1.000000
0.001757 232.888901 256.000000 -0.000142 -0.001029 1.000000
-0.000788 235.555603 245.333298 0.092832 -0.373476 1.000000
0.029760 238.222198 234.666702 0.092829 -0.373472 0.000000
0.009394 246.222198 216.888901 0.278778 -0.621773 0.000000
0.029760 250.666702 209.777802 0.154815 -0.249326 0.000000
0.017032 255.111099 203.555603 0.154812 -0.218288 0.000000
0.070492 264.888885 192.000000 0.340760 -0.404514 0.000000
0.042489 266.666687 190.222198 0.061841 -0.063104 0.000000
0.037397 265.777802 190.222198 -0.031133 -0.001029 0.000000
0.045035 255.111099 193.777802 -0.372037 0.123122 0.000000
0.039943 242.666702 200.888901 -0.434016 0.247268 0.000000
0.039943 224.888901 209.777802 -0.619965 0.309344 0.000000
0.006849 214.222198 216.000000 -0.372037 0.216231 2.000000
0.014486 200.888901 221.333298 -0.465008 0.185193 2.000000
0.001757 200.888901 221.333298 -0.000142 -0.001029 2.000000
0.011940 173.333298 232.000000 -0.960868 0.371419 2.000000
0.001757 173.333298 232.000000 -0.000142 -0.001029 2.000000
0.004303 158.222198 236.444397 -0.526991 0.154156 2.000000
0.014486 143.111099 240.000000 -0.526991 0.123122 2.000000
0.001757 128.888901 244.444397 -0.495999 0.154156 2.000000
0.014486 115.555603 248.000000 -0.465008 0.123122 2.000000
0.001757 102.222198 252.444397 -0.465011 0.154156 2.000000
0.004303 89.777779 256.888885 -0.434017 0.154159 2.000000
0.011940 79.111107 261.333313 -0.372036 0.154157 2.000000
0.001757 70.222221 266.666687 -0.310053 0.185196 2.000000
0.011940 62.222221 271.111115 -0.279062 0.154157 2.000000
-0.003334 62.222221 271.111115 -0.000142 -0.001029 2.000000
0.004303 56.000000 275.555511 -0.217080 0.154156 1.000000
0.011940 52.444439 280.000000 -0.124107 0.154159 1.000000
-0.000788 51.555561 284.444489 -0.031133 0.154159 1.000000
0.001757 51.555561 284.444489 -0.000142 -0.001029 0.000000
0.011940 51.555561 288.000000 -0.000142 0.123119 0.000000
0.050126 59.555561 298.666687 0.278778 0.371418 0.000000
