0.001757 68.444443 85.333344 -0.155098 -0.001029 0.000000
0.014486 65.777779 85.333344 -0.093115 -0.001029 0.000000
-0.000788 64.000000 85.333344 -0.062124 -0.001029 0.000000
0.014486 63.111111 85.333344 -0.031133 -0.001029 0.000000
-0.003334 62.222221 85.333344 -0.031133 -0.001029 0.000000
0.001757 62.222221 85.333344 -0.000142 -0.001029 0.000000
0.009394 62.222221 85.333344 -0.000142 -0.001029 0.000000
-0.003334 62.222221 85.333344 -0.000142 -0.001029 0.000000
-0.000788 62.222221 85.333344 -0.000142 -0.001029 0.000000
0.011940 62.222221 85.333344 -0.000142 -0.001029 0.000000
-0.003334 62.222221 85.333344 -0.000142 -0.001029 0.000000
0.001757 63.111111 86.222221 0.030849 0.030008 0.000000
0.014486 64.888893 88.000000 0.061840 0.061046 0.000000
0.001757 64.888893 88.000000 -0.000142 -0.001029 0.000000
0.001757 67.555557 89.777779 0.092831 0.061046 0.000000
0.011940 70.222221 93.333344 0.092831 0.123120 0.000000
0.001757 73.777779 96.888893 0.123822 0.123120 0.000000
0.011940 78.222221 100.444397 0.154813 0.123118 0.000000
-0.000788 81.777779 104.000000 0.123822 0.123122 0.000000
-0.003334 81.777779 104.000000 -0.000142 -0.001029 0.000000
0.011940 86.222221 106.666702 0.154813 0.092084 0.000000
-0.000788 90.666656 109.333298 0.154813 0.092080 0.000000
-0.000788 95.111107 111.111099 0.154814 0.061047 0.000000
0.014486 98.666656 112.888901 0.123822 0.061047 0.000000
-0.000788 98.666656 112.888901 -0.000142 -0.001029 0.000000
0.001757 103.111099 114.666702 0.154813 0.061047 0.000000
0.011940 106.666702 116.444397 0.123824 0.061043 0.000000
0.001757 111.111099 118.222198 0.154812 0.061047 0.000000
0.014486 115.555603 120.888901 0.154815 0.092084 0.000000
-0.000788 120.000000 123.555603 0.154812 0.092084 0.000000
0.001757 120.000000 123.555603 -0.000142 -0.001029 0.000000
0.009394 125.333298 126.222198 0.185803 0.092080 0.000000
-0.000788 130.666702 129.777802 0.185807 0.123122 0.000000
-0.000788 130.666702 129.777802 -0.000142 -0.001029 0.000000
0.014486 141.333298 136.888901 0.371749 0.247268 0.000000
-0.000788 141.333298 136.888901 -0.000142 -0.001029 0.000000
0.014486 151.111099 142.222198 0.340761 0.185193 0.000000
0.001757 151.111099 142.222198 -0.000142 -0.001029 0.000000
0.001757 154.666702 144.000000 0.123824 0.061047 0.000000
0.011940 158.222198 144.888901 0.123820 0.030009 0.000000
0.001757 160.888901 146.666702 0.092832 0.061047 0.000000
0.001757 160.888901 146.666702 -0.000142 -0.001029 0.000000
0.014486 163.555603 147.555603 0.092832 0.030009 0.000000
0.001757 165.333298 148.444397 0.061837 0.030005 0.000000
0.014486 167.111099 150.222198 0.061841 0.061047 0.000000
-0.000788 169.777802 151.111099 0.092832 0.030009 0.000000
0.004303 172.444397 152.888901 0.092829 0.061047 0.000000
0.014486 176.000000 154.666702 0.123824 0.061047 0.000000
0.001757 180.444397 155.555603 0.154812 0.030009 0.000000
0.014486 184.888901 155.555603 0.154815 -0.001029 0.000000
0.004303 190.222198 155.555603 0.185803 -0.001029 0.000000
0.019577 194.666702 155.555603 0.154815 -0.001029 0.000000
0.011940 199.111099 154.666702 0.154812 -0.032066 0.000000
0.017032 201.777802 152.888901 0.092832 -0.063104 0.000000
0.004303 205.333298 150.222198 0.123820 -0.094141 0.000000
0.019577 209.777802 143.111099 0.154815 -0.249326 0.000000
0.004303 209.777802 143.111099 -0.000142 -0.001029 0.000000
0.022123 212.444397 133.333298 0.092829 -0.342438 0.000000
0.001757 212.444397 133.333298 -0.000142 -0.001029 0.000000
0.022123 216.000000 125.333298 0.123824 -0.280363 0.000000
0.006849 217.777802 122.666702 0.061841 -0.094138 0.000000
0.022123 220.444397 120.000000 0.092829 -0.094141 0.000000
0.004303 223.111099 117.333298 0.092832 -0.094141 0.000000
0.022123 225.777802 115.555603 0.092832 -0.063100 0.000000
0.001757 227.555603 113.777802 0.061841 -0.063104 0.000000
0.017032 229.333298 111.111099 0.061837 -0.094141 0.000000
0.004303 231.111099 110.222198 0.061841 -0.032066 0.000000
0.009394 232.000000 108.444397 0.030849 -0.063104 0.000000
0.014486 233.777802 105.777802 0.061841 -0.094138 0.000000
0.009394 234.666702 103.111099 0.030849 -0.094141 0.000000
0.022123 239.111099 95.111107 0.154812 -0.280363 3.000000
0.006849 239.111099 95.111107 -0.000142 -0.001029 3.000000
0.039943 244.444397 88.000000 0.185803 -0.249326 3.000000
0.065400 256.888885 78.222221 0.433735 -0.342438 3.000000
0.029760 259.555511 76.444443 0.092830 -0.063103 3.000000
0.039943 263.111115 72.888893 0.123824 -0.125177 3.000000
0.075583 265.777802 67.555557 0.092832 -0.187252 3.000000
0.004303 265.777802 67.555557 -0.000142 -0.001029 3.000000
0.014486 266.666687 66.666656 0.030849 -0.032066 3.000000
0.022123 268.444489 64.888893 0.061841 -0.063102 0.000000
0.075583 272.888885 64.000000 0.154812 -0.032066 0.000000
0.001757 273.777802 64.000000 0.030850 -0.001029 0.000000
0.019577 274.666687 64.000000 0.030849 -0.001029 0.000000
0.019577 274.666687 64.000000 -0.000142 -0.001029 0.000000
0.067946 274.666687 64.000000 -0.000142 -0.001029 0.000000
0.027215 274.666687 64.000000 -0.000142 -0.001029 0.000000
0.011940 274.666687 64.000000 -0.000142 -0.001029 0.000000
0.006849 275.555511 64.888893 0.030847 0.030009 0.000000
0.017032 276.444489 65.777779 0.030852 0.030009 0.000000
0.009394 279.111115 66.666656 0.092830 0.030008 0.000000
0.017032 283.555511 69.333344 0.154812 0.092084 1.000000
0.009394 283.555511 69.333344 -0.000142 -0.001029 1.000000
0.017032 288.888885 72.888893 0.185806 0.123120 2.000000
0.006849 290.666687 74.666656 0.061841 0.061045 2.000000
0.014486 292.444489 77.333344 0.061841 0.092084 2.000000
0.001757 292.444489 77.333344 -0.000142 -0.001029 2.000000
0.022123 297.777802 81.777779 0.185804 0.154157 2.000000
-0.000788 301.333313 83.555557 0.123821 0.061046 2.000000
0.019577 304.888885 86.222221 0.123823 0.092083 2.000000
0.004303 309.333313 88.000000 0.154813 0.061046 2.000000
0.006849 309.333313 88.000000 -0.000142 -0.001029 2.000000
0.017032 322.666687 92.444443 0.464726 0.154157 2.000000
0.001757 322.666687 92.444443 -0.000142 -0.001029 2.000000
0.014486 336.888885 96.000000 0.495715 0.123120 2.000000
-0.000788 336.888885 96.000000 -0.000142 -0.001029 2.000000
0.004303 343.111115 97.777779 0.216796 0.061046 1.000000
0.014486 349.333313 98.666656 0.216795 0.030008 1.000000
0.001757 353.777802 100.444397 0.154815 0.061044 1.000000
0.014486 358.222198 101.333298 0.154812 0.030009 1.000000
0.001757 361.777802 102.222198 0.123824 0.030009 1.000000
0.006849 365.333313 103.111099 0.123821 0.030009 0.000000
0.011940 368.888885 104.000000 0.123823 0.030009 0.000000
0.001757 368.888885 104.000000 -0.000142 -0.001029 0.000000
0.017032 376.888885 107.555603 0.278778 0.123122 0.000000
0.001757 376.888885 107.555603 -0.000142 -0.001029 0.000000
0.014486 384.888885 111.111099 0.278778 0.123118 0.000000
0.001757 384.888885 111.111099 -0.000142 -0.001029 0.000000
-0.000788 388.444489 113.777802 0.123824 0.092084 0.000000
0.014486 392.000000 116.444397 0.123821 0.092080 0.000000
0.037397 398.222198 121.777802 0.216795 0.185197 0.000000
0.022123 400.888885 124.444397 0.092832 0.092080 0.000000
0.070492 411.555511 138.666702 0.371750 0.495569 0.000000
0.022123 415.111115 143.111099 0.123824 0.154156 3.000000
0.067946 426.666687 159.111099 0.402743 0.557641 3.000000
0.042489 432.888885 168.888901 0.216795 0.340381 3.000000
0.042489 436.444489 175.111099 0.123824 0.216231 3.000000
0.004303 437.333313 176.888901 0.030847 0.061047 3.000000
0.022123 436.444489 178.666702 -0.031131 0.061047 3.000000
0.006849 436.444489 178.666702 -0.000142 -0.001029 3.000000
0.006849 434.666687 179.555603 -0.062125 0.030009 3.000000
0.017032 427.555511 180.444397 -0.248073 0.030005 3.000000
0.011940 424.000000 180.444397 -0.124105 -0.001029 0.000000
0.011940 420.444489 180.444397 -0.124105 -0.001029 0.000000
0.024669 416.888885 180.444397 -0.124108 -0.001029 0.000000
0.004303 412.444489 180.444397 -0.155096 -0.001029 0.000000
0.009394 407.111115 178.666702 -0.186090 -0.063100 0.000000
0.014486 401.777802 176.888901 -0.186088 -0.063104 0.000000
0.009394 395.555511 175.111099 -0.217082 -0.063104 0.000000
0.017032 391.111115 172.444397 -0.155096 -0.094141 0.000000
0.006849 386.666687 170.666702 -0.155097 -0.063100 0.000000
0.070492 376.000000 164.444397 -0.372036 -0.218292 0.000000
0.022123 371.555511 160.000000 -0.155099 -0.156213 0.000000
0.070492 367.111115 152.000000 -0.155096 -0.280363 0.000000
0.022123 366.222198 149.333298 -0.031134 -0.094141 0.000000
0.067946 371.555511 135.111099 0.185804 -0.497623 0.000000
0.039943 396.444489 116.444397 0.867612 -0.652811 0.000000
0.042489 417.777802 105.777802 0.743644 -0.373472 0.000000
0.004303 417.777802 105.777802 -0.000142 -0.001029 2.000000
0.022123 439.111115 98.666656 0.743644 -0.249327 2.000000
0.039943 457.777802 95.111107 0.650672 -0.125177 2.000000
0.001757 457.777802 95.111107 -0.000142 -0.001029 2.000000
0.006849 471.111115 94.222221 0.464724 -0.032066 2.000000
0.073038 475.555511 98.666656 0.154812 0.154157 2.000000
0.039943 469.333313 107.555603 -0.217079 0.309345 2.000000
0.039943 449.777802 120.888901 -0.681945 0.464528 2.000000
0.029760 436.444489 128.888901 -0.465008 0.278306 2.000000
0.029760 405.333313 144.888901 -1.084833 0.557641 1.000000
0.024669 376.000000 163.555603 -1.022848 0.650753 1.000000
0.006849 362.666687 174.222198 -0.465008 0.371415 0.000000
0.011940 362.666687 174.222198 -0.000142 -0.001029 0.000000
0.001757 351.111115 184.888901 -0.403027 0.371419 0.000000
0.004303 340.444489 195.555603 -0.372034 0.371419 0.000000
0.011940 331.555511 205.333298 -0.310056 0.340378 0.000000
0.004303 323.555511 215.111099 -0.279062 0.340381 0.000000
0.014486 316.444489 223.111099 -0.248068 0.278306 0.000000
0.001757 308.444489 232.000000 -0.279062 0.309344 0.000000
0.001757 300.444489 239.111099 -0.279062 0.247268 0.000000
0.014486 292.444489 247.111099 -0.279062 0.278306 0.000000
0.001757 292.444489 247.111099 -0.000142 -0.001029 0.000000
0.014486 282.666687 253.333298 -0.341045 0.216231 0.000000
0.001757 274.666687 257.777802 -0.279062 0.154159 0.000000
0.001757 268.444489 261.333313 -0.217079 0.123119 0.000000
0.014486 264.000000 264.000000 -0.155099 0.092084 0.000000
0.004303 261.333313 265.777802 -0.093116 0.061047 0.000000
0.014486 260.444489 265.777802 -0.031131 -0.001029 1.000000
0.001757 259.555511 264.888885 -0.031136 -0.032067 1.000000
0.006849 259.555511 260.444489 -0.000142 -0.156213 2.000000
0.011940 259.555511 254.222198 -0.000142 -0.218291 2.000000
0.001757 259.555511 254.222198 -0.000142 -0.001029 2.000000
0.011940 261.333313 236.444397 0.061841 -0.621773 2.000000
0.022123 263.111115 224.888901 0.061841 -0.404510 2.000000
0.070492 265.777802 191.111099 0.092832 -1.180442 2.000000
0.039943 265.777802 175.111099 -0.000142 -0.559698 2.000000
0.004303 265.777802 168.888901 -0.000142 -0.218288 2.000000
0.001757 264.000000 163.555603 -0.062125 -0.187250 2.000000
0.011940 261.333313 159.111099 -0.093116 -0.156217 2.000000
0.004303 258.666687 155.555603 -0.093114 -0.125175 1.000000
0.017032 255.111099 152.000000 -0.124108 -0.125179 1.000000
0.001757 252.444397 148.444397 -0.093117 -0.125179 1.000000
0.017032 248.888901 145.777802 -0.124105 -0.094138 0.000000
-0.000788 248.888901 145.777802 -0.000142 -0.001029 0.000000
0.004303 244.444397 143.111099 -0.155100 -0.094141 0.000000
0.014486 240.888901 141.333298 -0.124105 -0.063104 0.000000
0.001757 237.333298 139.555603 -0.124108 -0.063100 0.000000
0.017032 232.888901 138.666702 -0.155096 -0.032066 0.000000
0.004303 228.444397 137.777802 -0.155100 -0.032066 0.000000
0.019577 224.888901 137.777802 -0.124105 -0.001029 0.000000
0.004303 219.555603 137.777802 -0.186088 -0.001029 0.000000
0.019577 210.666702 137.777802 -0.310054 -0.001029 0.000000
0.004303 210.666702 137.777802 -0.000142 -0.001029 0.000000
0.022123 201.777802 139.555603 -0.310054 0.061047 0.000000
0.004303 197.333298 140.444397 -0.155100 0.030005 0.000000
0.022123 192.888901 142.222198 -0.155096 0.061047 0.000000
0.004303 188.444397 144.000000 -0.155100 0.061047 0.000000
0.022123 183.111099 146.666702 -0.186088 0.092084 0.000000
0.004303 178.666702 149.333298 -0.155096 0.092080 0.000000
0.019577 173.333298 152.888901 -0.186091 0.123122 1.000000
0.004303 168.000000 155.555603 -0.186088 0.092084 1.000000
0.019577 155.555603 160.000000 -0.434016 0.154156 2.000000
0.004303 155.555603 160.000000 -0.000142 -0.001029 2.000000
0.006849 148.444397 161.777802 -0.248074 0.061047 2.000000
0.014486 141.333298 163.555603 -0.248071 0.061047 2.000000
0.006849 134.222198 165.333298 -0.248071 0.061043 2.000000
0.014486 127.111099 165.333298 -0.248071 -0.001029 2.000000
0.042489 111.111099 162.666702 -0.557982 -0.094138 2.000000
0.022123 106.666702 160.000000 -0.155096 -0.094141 2.000000
0.067946 96.000000 150.222198 -0.372037 -0.342438 2.000000
0.037397 87.111107 144.000000 -0.310053 -0.218288 2.000000
0.004303 82.666656 140.444397 -0.155098 -0.125179 1.000000
0.004303 82.666656 140.444397 -0.000142 -0.001029 1.000000
0.017032 73.777779 132.444397 -0.310053 -0.280363 0.000000
0.009394 73.777779 132.444397 -0.000142 -0.001029 0.000000
0.042489 63.111111 122.666702 -0.372036 -0.342435 0.000000
0.014486 59.555561 120.000000 -0.124106 -0.094141 0.000000
0.011940 56.888889 117.333298 -0.093116 -0.094141 0.000000
0.045035 50.666672 115.555603 -0.217080 -0.063100 0.000000
0.065400 42.666672 114.666702 -0.279062 -0.032066 0.000000
0.032306 38.222221 115.555603 -0.155098 0.030009 0.000000
0.039943 36.444439 120.000000 -0.062125 0.154156 0.000000
0.022123 36.444439 129.777802 -0.000142 0.340381 1.000000
0.019577 36.444439 137.777802 -0.000142 0.278306 1.000000
0.029760 36.444439 156.444397 -0.000142 0.650750 2.000000
0.017032 37.333328 166.222198 0.030849 0.340381 2.000000
0.009394 37.333328 166.222198 -0.000142 -0.001029 2.000000
0.011940 37.333328 187.555603 -0.000142 0.743866 2.000000
0.004303 37.333328 187.555603 -0.000142 -0.001029 2.000000
0.014486 36.444439 206.222198 -0.031133 0.650750 2.000000
0.001757 36.444439 206.222198 -0.000142 -0.001029 2.000000
0.004303 36.444439 214.222198 -0.000142 0.278306 2.000000
0.014486 36.444439 229.333298 -0.000142 0.526603 2.000000
0.004303 36.444439 229.333298 -0.000142 -0.001029 2.000000
0.014486 38.222221 235.555603 0.061840 0.216235 2.000000
0.001757 40.000000 241.777802 0.061840 0.216231 2.000000
0.017032 42.666672 252.444397 0.092831 0.371415 1.000000
0.009394 42.666672 252.444397 -0.000142 -0.001029 1.000000
0.019577 46.222221 264.000000 0.123822 0.402456 0.000000
0.009394 46.222221 264.000000 -0.000142 -0.001029 0.000000
0.014486 48.888889 273.777802 0.092831 0.340381 0.000000
0.042489 51.555561 281.777802 0.092831 0.278306 0.000000
0.055218 56.000000 285.333313 0.154813 0.123119 0.000000
0.052672 66.666656 288.888885 0.371751 0.123121 0.000000
0.009394 72.000000 289.777802 0.185805 0.030010 0.000000
0.067946 94.222221 288.888885 0.774636 -0.032067 0.000000
0.050126 109.333298 284.444489 0.526706 -0.156213 0.000000
0.004303 117.333298 281.777802 0.278778 -0.094141 0.000000
0.019577 132.444397 275.555511 0.526706 -0.218291 0.000000
0.004303 132.444397 275.555511 -0.000142 -0.001029 1.000000
0.014486 140.444397 272.888885 0.278778 -0.094139 1.000000
0.004303 147.555603 271.111115 0.247790 -0.063103 2.000000
0.001757 154.666702 270.222198 0.247786 -0.032067 2.000000
0.017032 160.888901 270.222198 0.216795 -0.001029 2.000000
-0.000788 166.222198 270.222198 0.185803 -0.001029 2.000000
0.014486 170.666702 271.111115 0.154815 0.030010 2.000000
-0.000788 170.666702 271.111115 -0.000142 -0.001029 2.000000
0.004303 174.222198 272.888885 0.123820 0.061046 2.000000
0.011940 177.777802 278.222198 0.123824 0.185194 2.000000
0.001757 177.777802 278.222198 -0.000142 -0.001029 2.000000
0.014486 177.777802 281.777802 -0.000142 0.123122 2.000000
-0.000788 176.888901 285.333313 -0.031134 0.123119 2.000000
0.001757 173.333298 289.777802 -0.124108 0.154159 2.000000
0.014486 169.777802 294.222198 -0.124105 0.154156 2.000000
0.004303 169.777802 294.222198 -0.000142 -0.001029 2.000000
0.004303 166.222198 298.666687 -0.124108 0.154159 1.000000
0.034852 159.111099 306.666687 -0.248071 0.278306 0.000000
0.062855 154.666702 316.444489 -0.155096 0.340381 0.000000
0.050126 157.333298 322.666687 0.092829 0.216231 0.000000
0.050126 162.666702 323.555511 0.185807 0.030006 0.000000
0.019577 166.222198 323.555511 0.123820 -0.001029 0.000000
0.045035 175.111099 321.777802 0.309769 -0.063101 0.000000
0.060309 192.000000 316.444489 0.588689 -0.187251 0.000000
-0.000788 199.111099 314.666687 0.247786 -0.063104 0.000000
0.001757 206.222198 313.777802 0.247786 -0.032066 0.000000
0.011940 213.333298 312.888885 0.247786 -0.032067 0.000000
-0.000788 213.333298 312.888885 -0.000142 -0.001029 1.000000
0.001757 221.333298 312.000000 0.278778 -0.032066 1.000000
0.014486 228.444397 312.000000 0.247786 -0.001029 2.000000
0.001757 235.555603 311.111115 0.247790 -0.032066 2.000000
-0.003334 235.555603 311.111115 -0.000142 -0.001029 2.000000
0.009394 241.777802 311.111115 0.216795 -0.001029 2.000000
-0.000788 247.111099 310.222198 0.185803 -0.032067 2.000000
-0.003334 247.111099 310.222198 -0.000142 -0.001029 2.000000
0.011940 258.666687 310.222198 0.402743 -0.001029 2.000000
-0.003334 258.666687 310.222198 -0.000142 -0.001029 2.000000
-0.003334 264.000000 309.333313 0.185804 -0.032066 2.000000
0.011940 270.222198 309.333313 0.216795 -0.001029 2.000000
-0.003334 270.222198 309.333313 -0.000142 -0.001029 2.000000
-0.000788 276.444489 309.333313 0.216798 -0.001029 2.000000
0.014486 281.777802 309.333313 0.185804 -0.001029 2.000000
-0.003334 281.777802 309.333313 -0.000142 -0.001029 2.000000
-0.000788 288.888885 309.333313 0.247786 -0.001029 2.000000
0.011940 295.111115 309.333313 0.216796 -0.001029 2.000000
0.001757 301.333313 309.333313 0.216795 -0.001029 1.000000
-0.000788 306.666687 309.333313 0.185806 -0.001029 1.000000
0.006849 306.666687 309.333313 -0.000142 -0.001029 1.000000
-0.000788 312.000000 309.333313 0.185804 -0.001029 1.000000
0.001757 318.222198 310.222198 0.216795 0.030009 0.000000
0.024669 323.555511 311.111115 0.185804 0.030010 0.000000
0.004303 328.888885 312.000000 0.185806 0.030009 0.000000
0.014486 334.222198 312.000000 0.185804 -0.001029 0.000000
0.004303 340.444489 312.000000 0.216798 -0.001029 0.000000
0.017032 346.666687 312.000000 0.216795 -0.001029 0.000000
0.009394 353.777802 312.000000 0.247787 -0.001029 0.000000
0.022123 365.333313 311.111115 0.402741 -0.032066 0.000000
0.001757 365.333313 311.111115 -0.000142 -0.001029 0.000000
0.019577 374.222198 310.222198 0.309769 -0.032067 0.000000
0.001757 374.222198 310.222198 -0.000142 -0.001029 0.000000
0.017032 382.222198 310.222198 0.278778 -0.001029 0.000000
0.004303 382.222198 310.222198 -0.000142 -0.001029 0.000000
0.019577 389.333313 310.222198 0.247787 -0.001029 0.000000
0.011940 392.000000 309.333313 0.092832 -0.032066 0.000000
-0.000788 392.000000 309.333313 -0.000142 -0.001029 0.000000
0.019577 395.555511 308.444489 0.123821 -0.032063 0.000000
0.001757 395.555511 308.444489 -0.000142 -0.001029 0.000000
0.014486 398.222198 307.555511 0.092832 -0.032069 0.000000
-0.003334 398.222198 307.555511 -0.000142 -0.001029 0.000000
0.014486 399.111115 307.555511 0.030850 -0.001029 0.000000
-0.003334 400.000000 306.666687 0.030849 -0.032063 0.000000
-0.000788 400.000000 306.666687 -0.000142 -0.001029 0.000000
0.014486 400.000000 306.666687 -0.000142 -0.001029 0.000000
-0.003334 400.000000 306.666687 -0.000142 -0.001029 0.000000
-0.003334 400.000000 306.666687 -0.000142 -0.001029 0.000000
0.017032 400.000000 306.666687 -0.000142 -0.001029 0.000000
0.004303 398.222198 306.666687 -0.062125 -0.001029 0.000000
0.006849 395.555511 306.666687 -0.093116 -0.001029 0.000000
0.019577 392.000000 306.666687 -0.124105 -0.001029 0.000000
0.001757 392.000000 306.666687 -0.000142 -0.001029 0.000000
0.011940 383.111115 305.777802 -0.310053 -0.032066 0.000000
0.004303 378.666687 305.777802 -0.155097 -0.001029 0.000000
0.014486 375.111115 304.888885 -0.124107 -0.032067 0.000000
-0.000788 375.111115 304.888885 -0.000142 -0.001029 0.000000
-0.000788 370.666687 303.111115 -0.155097 -0.063103 0.000000
0.011940 367.111115 302.222198 -0.124107 -0.032067 0.000000
-0.000788 361.777802 301.333313 -0.186088 -0.032066 0.000000
0.011940 356.444489 300.444489 -0.186088 -0.032063 0.000000
-0.000788 356.444489 300.444489 -0.000142 -0.001029 0.000000
0.001757 350.222198 299.555511 -0.217082 -0.032069 0.000000
0.009394 343.111115 298.666687 -0.248070 -0.032063 0.000000
-0.003334 335.111115 298.666687 -0.279062 -0.001029 0.000000
-0.000788 335.111115 298.666687 -0.000142 -0.001029 0.000000
0.009394 326.222198 297.777802 -0.310054 -0.032066 0.000000
-0.005880 317.333313 297.777802 -0.310053 -0.001029 0.000000
-0.000788 317.333313 297.777802 -0.000142 -0.001029 0.000000
0.011940 308.444489 297.777802 -0.310051 -0.001029 0.000000
-0.003334 300.444489 297.777802 -0.279062 -0.001029 0.000000
-0.003334 300.444489 297.777802 -0.000142 -0.001029 0.000000
-0.000788 294.222198 297.777802 -0.217082 -0.001029 0.000000
0.009394 288.888885 296.888885 -0.186088 -0.032067 0.000000
-0.000788 284.444489 296.888885 -0.155096 -0.001029 0.000000
0.001757 284.444489 296.888885 -0.000142 -0.001029 0.000000
0.009394 280.888885 296.000000 -0.124108 -0.032066 0.000000
-0.000788 277.333313 296.000000 -0.124107 -0.001029 0.000000
0.001757 277.333313 296.000000 -0.000142 -0.001029 0.000000
0.009394 271.111115 295.111115 -0.217079 -0.032066 0.000000
-0.000788 271.111115 295.111115 -0.000142 -0.001029 0.000000
-0.003334 267.555511 295.111115 -0.124108 -0.001029 0.000000
0.017032 264.000000 294.222198 -0.124105 -0.032067 0.000000
-0.000788 260.444489 294.222198 -0.124105 -0.001029 0.000000
0.011940 256.000000 294.222198 -0.155099 -0.001029 0.000000
0.006849 251.555603 294.222198 -0.155096 -0.001029 0.000000
-0.003334 251.555603 294.222198 -0.000142 -0.001029 0.000000
0.011940 248.000000 294.222198 -0.124108 -0.001029 0.000000
0.006849 244.444397 293.333313 -0.124108 -0.032066 0.000000
0.011940 241.777802 293.333313 -0.093113 -0.001029 0.000000
0.006849 239.111099 292.444489 -0.093117 -0.032063 0.000000
0.011940 237.333298 292.444489 -0.062125 -0.001029 0.000000
0.001757 236.444397 291.555511 -0.031134 -0.032069 0.000000
0.004303 236.444397 291.555511 -0.000142 -0.001029 0.000000
0.011940 235.555603 290.666687 -0.031130 -0.032063 0.000000
0.004303 235.555603 290.666687 -0.000142 -0.001029 0.000000
0.011940 232.000000 289.777802 -0.124108 -0.032066 0.000000
-0.000788 232.000000 289.777802 -0.000142 -0.001029 0.000000
0.006849 229.333298 288.888885 -0.093117 -0.032067 0.000000
0.017032 226.666702 288.000000 -0.093113 -0.032066 0.000000
0.004303 224.000000 287.111115 -0.093117 -0.032066 0.000000
0.019577 218.666702 284.444489 -0.186088 -0.094139 0.000000
0.001757 218.666702 284.444489 -0.000142 -0.001029 0.000000
0.017032 216.000000 283.555511 -0.093117 -0.032069 0.000000
0.050126 212.444397 278.222198 -0.124108 -0.187251 0.000000
0.047580 211.555603 274.666687 -0.031130 -0.125176 0.000000
0.019577 211.555603 271.111115 -0.000142 -0.125178 0.000000
0.065400 214.222198 267.555511 0.092829 -0.125179 0.000000
0.052672 229.333298 258.666687 0.526706 -0.311398 0.000000
0.014486 237.333298 255.111099 0.278778 -0.125178 0.000000
0.060309 265.777802 244.444397 0.991575 -0.373476 0.000000
-0.000788 265.777802 244.444397 -0.000142 -0.001029 3.000000
0.032306 283.555511 238.222198 0.619678 -0.218288 3.000000
0.047580 312.000000 229.333298 0.991575 -0.311401 3.000000
0.047580 333.333313 224.000000 0.743644 -0.187250 3.000000
0.045035 355.555511 219.555603 0.774635 -0.156213 3.000000
0.047580 373.333313 216.000000 0.619681 -0.125179 3.000000
0.019577 386.666687 213.333298 0.464726 -0.094141 3.000000
0.027215 392.000000 212.444397 0.185804 -0.032066 3.000000
0.014486 395.555511 212.444397 0.123821 -0.001029 3.000000
-0.000788 398.222198 212.444397 0.092832 -0.001029 3.000000
-0.000788 400.000000 212.444397 0.061841 -0.001029 0.000000
0.009394 400.000000 212.444397 -0.000142 -0.001029 0.000000
-0.003334 400.000000 212.444397 -0.000142 -0.001029 0.000000
-0.003334 399.111115 212.444397 -0.031133 -0.001029 0.000000
0.009394 396.444489 212.444397 -0.093114 -0.001029 0.000000
-0.000788 396.444489 212.444397 -0.000142 -0.001029 0.000000
-0.000788 392.000000 213.333298 -0.155099 0.030009 0.000000
0.011940 386.666687 215.111099 -0.186088 0.061047 0.000000
-0.000788 379.555511 216.000000 -0.248073 0.030009 0.000000
-0.000788 379.555511 216.000000 -0.000142 -0.001029 0.000000
0.011940 372.444489 217.777802 -0.248068 0.061047 0.000000
-0.003334 364.444489 218.666702 -0.279062 0.030009 0.000000
0.004303 364.444489 218.666702 -0.000142 -0.001029 0.000000
0.011940 345.777802 219.555603 -0.650956 0.030009 0.000000
-0.000788 345.777802 219.555603 -0.000142 -0.001029 0.000000
-0.000788 336.888885 219.555603 -0.310054 -0.001029 0.000000
0.011940 328.888885 219.555603 -0.279062 -0.001029 0.000000
-0.000788 328.888885 219.555603 -0.000142 -0.001029 0.000000
-0.000788 320.888885 219.555603 -0.279062 -0.001029 0.000000
0.011940 313.777802 219.555603 -0.248070 -0.001029 0.000000
-0.000788 306.666687 219.555603 -0.248071 -0.001029 0.000000
0.017032 300.444489 219.555603 -0.217079 -0.001029 0.000000
-0.000788 293.333313 218.666702 -0.248073 -0.032066 0.000000
0.001757 287.111115 218.666702 -0.217079 -0.001029 0.000000
0.011940 280.000000 218.666702 -0.248071 -0.001029 0.000000
-0.003334 280.000000 218.666702 -0.000142 -0.001029 0.000000
0.001757 273.777802 218.666702 -0.217079 -0.001029 0.000000
0.011940 267.555511 218.666702 -0.217082 -0.001029 0.000000
-0.003334 267.555511 218.666702 -0.000142 -0.001029 0.000000
-0.000788 261.333313 218.666702 -0.217079 -0.001029 0.000000
0.011940 256.000000 219.555603 -0.186088 0.030009 0.000000
-0.003334 251.555603 220.444397 -0.155096 0.030005 0.000000
-0.000788 251.555603 220.444397 -0.000142 -0.001029 0.000000
0.011940 244.444397 220.444397 -0.248074 -0.001029 0.000000
-0.000788 244.444397 220.444397 -0.000142 -0.001029 0.000000
-0.000788 242.666702 221.333298 -0.062121 0.030009 0.000000
0.011940 240.888901 221.333298 -0.062125 -0.001029 0.000000
-0.003334 240.888901 221.333298 -0.000142 -0.001029 0.000000
0.001757 239.111099 221.333298 -0.062125 -0.001029 0.000000
0.009394 237.333298 221.333298 -0.062125 -0.001029 0.000000
-0.003334 237.333298 221.333298 -0.000142 -0.001029 0.000000
0.001757 235.555603 221.333298 -0.062121 -0.001029 0.000000
0.009394 233.777802 222.222198 -0.062125 0.030009 0.000000
-0.003334 233.777802 222.222198 -0.000142 -0.001029 0.000000
-0.000788 231.111099 222.222198 -0.093117 -0.001029 0.000000
0.009394 228.444397 223.111099 -0.093117 0.030009 0.000000
-0.000788 224.888901 224.000000 -0.124105 0.030009 0.000000
0.014486 221.333298 225.777802 -0.124108 0.061047 0.000000
-0.003334 221.333298 225.777802 -0.000142 -0.001029 0.000000
-0.000788 217.777802 226.666702 -0.124105 0.030009 0.000000
0.009394 215.111099 227.555603 -0.093117 0.030009 0.000000
-0.000788 213.333298 228.444397 -0.062125 0.030005 0.000000
-0.000788 213.333298 228.444397 -0.000142 -0.001029 0.000000
0.009394 212.444397 228.444397 -0.031134 -0.001029 0.000000
-0.000788 211.555603 229.333298 -0.031130 0.030009 0.000000
-0.000788 211.555603 229.333298 -0.000142 -0.001029 0.000000
-0.000788 211.555603 229.333298 -0.000142 -0.001029 0.000000
0.009394 211.555603 229.333298 -0.000142 -0.001029 0.000000
-0.003334 211.555603 230.222198 -0.000142 0.030009 0.000000
-0.000788 211.555603 230.222198 -0.000142 -0.001029 0.000000
0.009394 211.555603 230.222198 -0.000142 -0.001029 0.000000
-0.003334 211.555603 230.222198 -0.000142 -0.001029 0.000000
-0.000788 211.555603 230.222198 -0.000142 -0.001029 0.000000
0.009394 211.555603 230.222198 -0.000142 -0.001029 0.000000
-0.000788 211.555603 230.222198 -0.000142 -0.001029 0.000000
-0.000788 211.555603 230.222198 -0.000142 -0.001029 0.000000
0.009394 211.555603 230.222198 -0.000142 -0.001029 0.000000
-0.003334 211.555603 230.222198 -0.000142 -0.001029 0.000000
-0.000788 213.333298 230.222198 0.061837 -0.001029 0.000000
0.011940 216.000000 230.222198 0.092832 -0.001029 0.000000
-0.000788 216.000000 230.222198 -0.000142 -0.001029 0.000000
-0.000788 219.555603 229.333298 0.123824 -0.032066 0.000000
0.009394 223.111099 228.444397 0.123820 -0.032066 0.000000
-0.003334 227.555603 227.555603 0.154815 -0.032062 0.000000
-0.000788 227.555603 227.555603 -0.000142 -0.001029 0.000000
0.011940 232.000000 226.666702 0.154812 -0.032066 0.000000
-0.003334 237.333298 224.888901 0.185803 -0.063104 0.000000
0.001757 242.666702 224.000000 0.185807 -0.032066 0.000000
0.011940 248.000000 223.111099 0.185803 -0.032066 0.000000
-0.000788 248.000000 223.111099 -0.000142 -0.001029 0.000000
0.001757 254.222198 222.222198 0.216795 -0.032066 0.000000
0.011940 259.555511 221.333298 0.185804 -0.032066 0.000000
-0.000788 264.888885 220.444397 0.185806 -0.032066 0.000000
0.011940 269.333313 219.555603 0.154813 -0.032062 0.000000
-0.000788 269.333313 219.555603 -0.000142 -0.001029 0.000000
-0.000788 274.666687 218.666702 0.185806 -0.032066 0.000000
0.009394 278.222198 217.777802 0.123821 -0.032066 0.000000
-0.005880 282.666687 217.777802 0.154815 -0.001029 0.000000
-0.000788 282.666687 217.777802 -0.000142 -0.001029 0.000000
-0.000788 287.111115 216.888901 0.154813 -0.032066 0.000000
0.009394 291.555511 216.888901 0.154812 -0.001029 0.000000
-0.003334 291.555511 216.888901 -0.000142 -0.001029 0.000000
0.001757 296.888885 216.000000 0.185806 -0.032066 0.000000
0.017032 301.333313 216.000000 0.154813 -0.001029 0.000000
0.011940 306.666687 216.000000 0.185806 -0.001029 0.000000
0.024669 317.333313 216.000000 0.371750 -0.001029 0.000000
0.024669 321.777802 216.000000 0.154815 -0.001029 0.000000
0.004303 327.111115 216.000000 0.185804 -0.001029 0.000000
0.027215 336.000000 217.777802 0.309769 0.061047 0.000000
0.004303 336.000000 217.777802 -0.000142 -0.001029 0.000000
0.024669 344.000000 218.666702 0.278778 0.030009 0.000000
0.006849 348.444489 219.555603 0.154815 0.030009 0.000000
0.024669 359.111115 220.444397 0.371750 0.030005 0.000000
0.006849 359.111115 220.444397 -0.000142 -0.001029 0.000000
0.027215 369.777802 221.333298 0.371752 0.030009 0.000000
0.017032 374.222198 221.333298 0.154812 -0.001029 0.000000
0.006849 377.777802 222.222198 0.123824 0.030009 0.000000
0.014486 381.333313 222.222198 0.123821 -0.001029 0.000000
0.004303 384.000000 223.111099 0.092832 0.030009 0.000000
0.006849 385.777802 223.111099 0.061841 -0.001029 0.000000
0.011940 385.777802 224.000000 -0.000142 0.030009 0.000000
0.034852 386.666687 224.000000 0.030849 -0.001029 0.000000
0.055218 386.666687 224.000000 -0.000142 -0.001029 0.000000
0.032306 386.666687 224.000000 -0.000142 -0.001029 0.000000
-0.000788 386.666687 224.000000 -0.000142 -0.001029 3.000000
0.032306 386.666687 224.000000 -0.000142 -0.001029 3.000000
0.047580 385.777802 224.000000 -0.031133 -0.001029 3.000000
0.034852 381.333313 221.333298 -0.155099 -0.094141 3.000000
0.055218 369.777802 216.000000 -0.403025 -0.187250 3.000000
0.034852 352.888885 209.777802 -0.588974 -0.218288 3.000000
0.050126 314.666687 197.333298 -1.332759 -0.435551 3.000000
0.052672 285.333313 189.333298 -1.022850 -0.280363 3.000000
0.034852 255.111099 179.555603 -1.053840 -0.342435 3.000000
0.047580 230.222198 167.111099 -0.867894 -0.435551 3.000000
0.050126 209.777802 144.000000 -0.712936 -0.807995 3.000000
0.029760 206.222198 136.888901 -0.124108 -0.249326 3.000000
-0.000788 203.555603 129.777802 -0.093113 -0.249326 3.000000
0.001757 200.888901 125.333298 -0.093117 -0.156217 3.000000
0.014486 197.333298 122.666702 -0.124108 -0.094138 0.000000
-0.000788 197.333298 122.666702 -0.000142 -0.001029 0.000000
0.004303 193.777802 121.777802 -0.124105 -0.032066 0.000000
0.011940 190.222198 121.777802 -0.124108 -0.001029 0.000000
0.001757 185.777802 121.777802 -0.155096 -0.001029 0.000000
0.014486 181.333298 124.444397 -0.155100 0.092080 0.000000
0.001757 177.777802 128.000000 -0.124105 0.123122 0.000000
0.001757 177.777802 128.000000 -0.000142 -0.001029 0.000000
0.011940 172.444397 134.222198 -0.186091 0.216231 0.000000
-0.000788 172.444397 134.222198 -0.000142 -0.001029 0.000000
0.001757 170.666702 136.888901 -0.062121 0.092084 0.000000
0.019577 168.888901 140.444397 -0.062125 0.123118 0.000000
0.022123 163.555603 146.666702 -0.186088 0.216235 0.000000
0.001757 163.555603 146.666702 -0.000142 -0.001029 0.000000
0.006849 160.000000 150.222198 -0.124108 0.123118 0.000000
0.022123 151.111099 158.222198 -0.310054 0.278306 0.000000
0.009394 144.888901 162.666702 -0.217079 0.154159 0.000000
0.014486 138.666702 167.111099 -0.217079 0.154156 0.000000
0.004303 131.555603 171.555603 -0.248071 0.154159 0.000000
0.017032 124.444397 175.111099 -0.248074 0.123118 0.000000
0.006849 118.222198 177.777802 -0.217079 0.092084 0.000000
0.019577 113.777802 180.444397 -0.155096 0.092080 0.000000
0.006849 109.333298 181.333298 -0.155100 0.030009 0.000000
0.019577 104.888901 183.111099 -0.155096 0.061047 0.000000
0.004303 104.888901 183.111099 -0.000142 -0.001029 0.000000
0.019577 104.000000 183.111099 -0.031134 -0.001029 0.000000
0.004303 103.111099 183.111099 -0.031134 -0.001029 0.000000
0.017032 102.222198 183.111099 -0.031134 -0.001029 0.000000
0.001757 102.222198 183.111099 -0.000142 -0.001029 0.000000
0.017032 102.222198 183.111099 -0.000142 -0.001029 0.000000
0.055218 105.777802 183.111099 0.123824 -0.001029 0.000000
0.037397 117.333298 179.555603 0.402740 -0.125175 0.000000
0.057763 146.666702 172.444397 1.022567 -0.249329 0.000000
0.034852 158.222198 171.555603 0.402740 -0.032062 0.000000
0.055218 193.777802 175.111099 1.239504 0.123118 0.000000
0.001757 206.222198 179.555603 0.433732 0.154159 3.000000
0.017032 216.888901 184.888901 0.371752 0.185193 3.000000
0.037397 235.555603 196.444397 0.650672 0.402453 2.000000
0.060309 246.222198 214.222198 0.371749 0.619716 2.000000
0.004303 246.222198 219.555603 -0.000142 0.185197 2.000000
0.011940 245.333298 224.888901 -0.031134 0.185193 2.000000
0.055218 240.888901 235.555603 -0.155096 0.371419 2.000000
0.037397 237.333298 241.777802 -0.124108 0.216231 2.000000
0.052672 236.444397 243.555603 -0.031134 0.061047 2.000000
0.037397 239.111099 241.777802 0.092832 -0.063104 1.000000
0.022123 242.666702 237.333298 0.123824 -0.156217 0.000000
0.014486 247.111099 231.111099 0.154812 -0.218288 0.000000
-0.000788 253.333298 222.222198 0.216795 -0.311401 0.000000
0.014486 258.666687 211.555603 0.185806 -0.373472 0.000000
0.004303 265.777802 197.333298 0.247787 -0.497626 0.000000
-0.000788 265.777802 197.333298 -0.000142 -0.001029 0.000000
0.014486 280.888885 161.777802 0.526706 -1.242514 0.000000
0.001757 280.888885 161.777802 -0.000142 -0.001029 0.000000
0.017032 299.555511 124.444397 0.650670 -1.304592 0.000000
0.004303 299.555511 124.444397 -0.000142 -0.001029 0.000000
0.001757 308.444489 108.444397 0.309772 -0.559698 0.000000
0.014486 317.333313 96.000000 0.309767 -0.435547 0.000000
-0.000788 324.444489 88.000000 0.247789 -0.280363 0.000000
0.019577 328.888885 82.666656 0.154812 -0.187252 0.000000
0.009394 332.444489 80.000000 0.123824 -0.094140 0.000000
0.019577 334.222198 79.111107 0.061838 -0.032066 0.000000
0.006849 335.111115 79.111107 0.030850 -0.001029 0.000000
0.022123 336.000000 84.444443 0.030849 0.185195 2.000000
0.047580 336.000000 97.777779 -0.000142 0.464529 2.000000
0.039943 334.222198 115.555603 -0.062125 0.619717 2.000000
0.045035 330.666687 134.222198 -0.124105 0.650750 2.000000
0.042489 323.555511 164.444397 -0.248073 1.054235 2.000000
0.042489 322.666687 180.444397 -0.031131 0.557641 2.000000
0.045035 322.666687 190.222198 -0.000142 0.340381 1.000000
0.039943 322.666687 194.666702 -0.000142 0.154159 0.000000
0.055218 324.444489 194.666702 0.061841 -0.001029 0.000000
0.037397 329.777802 191.111099 0.185804 -0.125179 0.000000
0.052672 344.888885 164.444397 0.526706 -0.932145 0.000000
0.032306 358.222198 136.888901 0.464724 -0.963179 0.000000
0.001757 358.222198 136.888901 -0.000142 -0.001029 0.000000
0.034852 371.555511 109.333298 0.464724 -0.963183 0.000000
0.037397 383.111115 89.777779 0.402744 -0.683845 0.000000
0.039943 392.000000 78.222221 0.309769 -0.404512 0.000000
0.029760 399.111115 74.666656 0.247787 -0.125178 1.000000
0.014486 401.777802 74.666656 0.092832 -0.001029 1.000000
0.006849 404.444489 76.444443 0.092832 0.061046 2.000000
0.017032 406.222198 80.888893 0.061838 0.154158 2.000000
0.037397 409.777802 98.666656 0.123824 0.619714 2.000000
-0.000788 410.666687 109.333298 0.030849 0.371417 2.000000
0.006849 410.666687 120.000000 -0.000142 0.371419 2.000000
0.011940 411.555511 130.666702 0.030847 0.371419 2.000000
0.037397 412.444489 152.000000 0.030852 0.743862 2.000000
0.039943 413.333313 171.555603 0.030847 0.681791 2.000000
-0.000788 413.333313 171.555603 -0.000142 -0.001029 2.000000
0.004303 413.333313 180.444397 -0.000142 0.309340 2.000000
0.011940 413.333313 188.444397 -0.000142 0.278306 1.000000
0.001757 413.333313 195.555603 -0.000142 0.247272 1.000000
0.011940 413.333313 203.555603 -0.000142 0.278306 1.000000
0.001757 412.444489 209.777802 -0.031131 0.216231 0.000000
0.004303 412.444489 209.777802 -0.000142 -0.001029 0.000000
0.011940 410.666687 220.444397 -0.062125 0.371415 0.000000
0.001757 410.666687 220.444397 -0.000142 -0.001029 0.000000
0.014486 409.777802 228.444397 -0.031133 0.278306 0.000000
0.001757 409.777802 228.444397 -0.000142 -0.001029 0.000000
0.004303 408.888885 232.000000 -0.031134 0.123122 0.000000
0.014486 408.888885 236.444397 -0.000142 0.154156 0.000000
0.009394 408.000000 241.777802 -0.031133 0.185197 0.000000
0.014486 407.111115 247.111099 -0.031133 0.185193 0.000000
0.006849 406.222198 253.333298 -0.031134 0.216231 0.000000
0.019577 402.666687 266.666687 -0.124105 0.464531 0.000000
0.047580 397.333313 280.000000 -0.186090 0.464528 0.000000
0.047580 392.888885 289.777802 -0.155097 0.340381 0.000000
0.045035 387.555511 299.555511 -0.186090 0.340378 0.000000
0.006849 384.888885 304.000000 -0.093114 0.154159 1.000000
0.019577 376.000000 313.777802 -0.310053 0.340381 1.000000
0.004303 376.000000 313.777802 -0.000142 -0.001029 2.000000
0.019577 362.666687 324.444489 -0.465008 0.371418 2.000000
0.042489 347.555511 335.111115 -0.526993 0.371416 2.000000
0.042489 335.111115 344.888885 -0.434016 0.340380 2.000000
0.001757 331.555511 349.333313 -0.124108 0.154157 2.000000
0.017032 328.000000 352.000000 -0.124105 0.092084 2.000000
0.001757 328.000000 352.000000 -0.000142 -0.001029 2.000000
0.001757 326.222198 353.777802 -0.062125 0.061047 2.000000
0.014486 325.333313 355.555511 -0.031133 0.061043 2.000000
0.001757 325.333313 355.555511 -0.000142 -0.001029 2.000000
0.014486 325.333313 355.555511 -0.000142 -0.001029 2.000000
0.001757 325.333313 355.555511 -0.000142 -0.001029 2.000000
0.006849 325.333313 355.555511 -0.000142 -0.001029 1.000000
0.014486 325.333313 356.444489 -0.000142 0.030012 1.000000
0.001757 327.111115 356.444489 0.061841 -0.001029 1.000000
0.017032 328.000000 356.444489 0.030849 -0.001029 0.000000
0.001757 329.777802 356.444489 0.061841 -0.001029 0.000000
0.014486 330.666687 353.777802 0.030849 -0.094141 0.000000
0.001757 330.666687 353.777802 -0.000142 -0.001029 0.000000
0.001757 332.444489 350.222198 0.061841 -0.125179 0.000000
0.011940 332.444489 334.222198 -0.000142 -0.559698 0.000000
0.052672 332.444489 310.222198 -0.000142 -0.839032 0.000000
0.034852 326.222198 279.111115 -0.217082 -1.087329 0.000000
0.052672 314.666687 248.888901 -0.403025 -1.056292 0.000000
0.034852 294.222198 223.111099 -0.712939 -0.901108 0.000000
0.047580 266.666687 201.777802 -0.960865 -0.745920 0.000000
0.052672 226.666702 177.777802 -1.394742 -0.839032 0.000000
0.004303 216.888901 173.333298 -0.341045 -0.156217 1.000000
0.014486 209.777802 169.777802 -0.248071 -0.125175 1.000000
0.001757 204.444397 167.111099 -0.186091 -0.094141 2.000000
0.004303 204.444397 167.111099 -0.000142 -0.001029 2.000000
0.011940 200.888901 166.222198 -0.124105 -0.032066 2.000000
0.004303 197.333298 165.333298 -0.124108 -0.032066 2.000000
0.011940 194.666702 165.333298 -0.093113 -0.001029 2.000000
-0.000788 192.888901 165.333298 -0.062125 -0.001029 2.000000
0.001757 189.333298 166.222198 -0.124108 0.030009 2.000000
0.014486 186.666702 168.888901 -0.093113 0.092084 2.000000
-0.000788 186.666702 168.888901 -0.000142 -0.001029 2.000000
0.017032 180.444397 176.888901 -0.217083 0.278306 2.000000
-0.000788 180.444397 176.888901 -0.000142 -0.001029 2.000000
0.001757 176.888901 182.222198 -0.124105 0.185193 2.000000
0.019577 175.111099 188.444397 -0.062125 0.216231 2.000000
0.009394 174.222198 194.666702 -0.031134 0.216235 2.000000
0.014486 173.333298 207.111099 -0.031134 0.433490 2.000000
0.004303 173.333298 207.111099 -0.000142 -0.001029 2.000000
0.019577 173.333298 218.666702 -0.000142 0.402456 0.000000
0.009394 174.222198 224.888901 0.030849 0.216231 0.000000
0.011940 176.000000 231.111099 0.061841 0.216231 0.000000
0.001757 176.000000 231.111099 -0.000142 -0.001029 0.000000
0.019577 180.444397 243.555603 0.154812 0.433494 0.000000
0.004303 183.111099 249.777802 0.092832 0.216231 0.000000
0.004303 183.111099 249.777802 -0.000142 -0.001029 0.000000
0.017032 189.333298 261.333313 0.216795 0.402453 0.000000
0.006849 189.333298 261.333313 -0.000142 -0.001029 0.000000
0.014486 197.333298 271.111115 0.278778 0.340381 0.000000
0.004303 197.333298 271.111115 -0.000142 -0.001029 0.000000
0.019577 206.222198 276.444489 0.309769 0.185196 0.000000
0.001757 206.222198 276.444489 -0.000142 -0.001029 0.000000
0.017032 216.888901 277.333313 0.371752 0.030006 0.000000
-0.000788 216.888901 277.333313 -0.000142 -0.001029 0.000000
0.009394 223.111099 274.666687 0.216795 -0.094139 0.000000
0.014486 230.222198 270.222198 0.247786 -0.156216 0.000000
0.037397 244.444397 257.777802 0.495715 -0.435547 0.000000
0.034852 256.888885 238.222198 0.433735 -0.683848 0.000000
0.052672 272.000000 200.000000 0.526707 -1.335626 0.000000
0.047580 280.000000 177.777802 0.278778 -0.776957 0.000000
0.042489 285.333313 163.555603 0.185804 -0.497623 0.000000
0.045035 289.777802 150.222198 0.154815 -0.466589 0.000000
0.004303 289.777802 150.222198 -0.000142 -0.001029 0.000000
0.022123 290.666687 146.666702 0.030849 -0.125175 2.000000
0.039943 288.888885 146.666702 -0.062125 -0.001029 2.000000
0.039943 282.666687 150.222198 -0.217079 0.123118 2.000000
0.065400 268.444489 164.444397 -0.495999 0.495565 2.000000
0.042489 258.666687 180.444397 -0.341045 0.557641 2.000000
0.039943 247.111099 200.000000 -0.403028 0.681791 2.000000
0.034852 232.000000 221.333298 -0.526991 0.743862 2.000000
0.001757 224.000000 232.000000 -0.279062 0.371419 1.000000
0.004303 224.000000 232.000000 -0.000142 -0.001029 1.000000
0.014486 206.222198 253.333298 -0.619965 0.743862 0.000000
0.004303 206.222198 253.333298 -0.000142 -0.001029 0.000000
0.011940 197.333298 263.111115 -0.310054 0.340382 0.000000
0.001757 190.222198 273.777802 -0.248071 0.371418 0.000000
0.004303 182.222198 282.666687 -0.279062 0.309343 0.000000
0.014486 176.000000 290.666687 -0.217079 0.278306 0.000000
0.001757 176.000000 290.666687 -0.000142 -0.001029 0.000000
0.011940 164.444397 303.111115 -0.403028 0.433491 0.000000
-0.000788 164.444397 303.111115 -0.000142 -0.001029 0.000000
0.001757 158.222198 309.333313 -0.217079 0.216231 0.000000
0.014486 152.000000 314.666687 -0.217079 0.185196 0.000000
0.006849 145.777802 319.111115 -0.217079 0.154157 0.000000
0.017032 138.666702 322.666687 -0.248071 0.123121 0.000000
0.001757 131.555603 326.222198 -0.248071 0.123119 0.000000
0.022123 124.444397 329.777802 -0.248074 0.123122 0.000000
0.004303 118.222198 331.555511 -0.217079 0.061043 0.000000
0.024669 108.444397 332.444489 -0.341045 0.030012 0.000000
0.039943 102.222198 325.333313 -0.217079 -0.249328 1.000000
0.039943 96.888893 309.333313 -0.186088 -0.559698 1.000000
0.006849 93.333344 298.666687 -0.124106 -0.373473 2.000000
0.039943 85.333344 274.666687 -0.279062 -0.839032 2.000000
0.042489 73.777779 249.777802 -0.403027 -0.870069 2.000000
0.042489 60.444439 227.555603 -0.465009 -0.776957 2.000000
0.037397 44.444439 208.888901 -0.557982 -0.652811 2.000000
0.001757 36.444439 202.666702 -0.279062 -0.218288 2.000000
0.017032 28.444441 197.333298 -0.279062 -0.187254 2.000000
0.001757 20.444441 194.666702 -0.279062 -0.094138 2.000000
0.001757 20.444441 194.666702 -0.000142 -0.001029 2.000000
0.014486 6.222222 192.888901 -0.496000 -0.063104 2.000000
0.004303 6.222222 192.888901 -0.000142 -0.001029 2.000000
0.014486 -7.111111 196.444397 -0.465009 0.123118 1.000000
0.009394 -7.111111 196.444397 -0.000142 -0.001029 1.000000
0.001757 -13.333330 200.000000 -0.217080 0.123122 1.000000
0.014486 -21.333330 206.222198 -0.279062 0.216231 0.000000
0.001757 -21.333330 206.222198 -0.000142 -0.001029 0.000000
0.011940 -23.111111 208.888901 -0.062124 0.092084 0.000000
-0.000788 -23.111111 212.444397 -0.000142 0.123118 0.000000
0.001757 -23.111111 212.444397 -0.000142 -0.001029 0.000000
0.014486 -19.555559 219.555603 0.123822 0.247272 0.000000
-0.000788 -19.555559 219.555603 -0.000142 -0.001029 0.000000
0.014486 -15.111110 224.000000 0.154814 0.154156 0.000000
0.001757 -8.888889 227.555603 0.216796 0.123122 0.000000
0.034852 4.444445 233.777802 0.464725 0.216231 0.000000
0.034852 21.333330 234.666702 0.588689 0.030009 0.000000
0.045035 42.666672 232.888901 0.743645 -0.063104 0.000000
0.050126 64.888893 230.222198 0.774636 -0.094141 0.000000
-0.000788 76.444443 230.222198 0.402742 -0.001029 1.000000
0.034852 98.666656 232.000000 0.774635 0.061047 1.000000
0.034852 122.666702 236.444397 0.836619 0.154156 2.000000
0.052672 144.888901 241.777802 0.774635 0.185197 2.000000
-0.000788 153.777802 245.333298 0.309769 0.123118 2.000000
0.001757 153.777802 245.333298 -0.000142 -0.001029 2.000000
0.009394 168.000000 252.444397 0.495715 0.247268 2.000000
0.001757 168.000000 252.444397 -0.000142 -0.001029 2.000000
0.011940 172.444397 257.777802 0.154812 0.185197 2.000000
0.001757 176.888901 263.111115 0.154815 0.185194 2.000000
0.001757 182.222198 268.444489 0.185803 0.185196 2.000000
0.014486 186.666702 273.777802 0.154815 0.185194 2.000000
0.001757 192.000000 279.111115 0.185803 0.185194 2.000000
0.014486 197.333298 284.444489 0.185803 0.185196 2.000000
0.001757 197.333298 284.444489 -0.000142 -0.001029 2.000000
-0.000788 202.666702 288.888885 0.185807 0.154156 2.000000
0.014486 209.777802 293.333313 0.247786 0.154157 1.000000
0.004303 216.000000 296.888885 0.216795 0.123121 1.000000
0.014486 223.111099 300.444489 0.247786 0.123122 0.000000
-0.000788 229.333298 304.000000 0.216795 0.123119 0.000000
0.006849 235.555603 306.666687 0.216799 0.092084 0.000000
0.011940 240.888901 309.333313 0.185803 0.092082 0.000000
0.006849 245.333298 312.000000 0.154812 0.092084 0.000000
0.011940 249.777802 314.666687 0.154815 0.092084 0.000000
0.001757 249.777802 314.666687 -0.000142 -0.001029 0.000000
0.019577 255.111099 317.333313 0.185803 0.092082 0.000000
0.001757 255.111099 317.333313 -0.000142 -0.001029 0.000000
0.004303 257.777802 317.333313 0.092832 -0.001029 0.000000
0.011940 263.111115 316.444489 0.185804 -0.032063 0.000000
0.004303 263.111115 316.444489 -0.000142 -0.001029 0.000000
0.014486 266.666687 312.888885 0.123823 -0.125179 0.000000
-0.000788 272.000000 308.444489 0.185804 -0.156213 0.000000
0.009394 277.333313 303.111115 0.185804 -0.187253 0.000000
0.011940 283.555511 296.000000 0.216795 -0.249326 0.000000
0.009394 289.777802 288.000000 0.216798 -0.280363 0.000000
0.011940 296.000000 280.888885 0.216795 -0.249326 0.000000
0.004303 302.222198 273.777802 0.216795 -0.249325 0.000000
0.017032 307.555511 267.555511 0.185804 -0.218291 0.000000
0.019577 317.333313 259.555511 0.340761 -0.280363 1.000000
0.014486 317.333313 259.555511 -0.000142 -0.001029 1.000000
0.032306 330.666687 256.888885 0.464726 -0.094139 2.000000
0.055218 337.777802 257.777802 0.247787 0.030010 2.000000
0.037397 345.777802 262.222198 0.278778 0.154156 2.000000
0.055218 356.444489 279.111115 0.371752 0.588679 2.000000
0.029760 359.111115 286.222198 0.092830 0.247268 2.000000
0.050126 368.888885 307.555511 0.340760 0.743863 2.000000
0.052672 376.000000 316.444489 0.247787 0.309346 0.000000
0.009394 379.555511 319.111115 0.123821 0.092082 0.000000
-0.003334 382.222198 320.888885 0.092832 0.061046 0.000000
0.009394 382.222198 320.888885 -0.000142 -0.001029 0.000000
0.032306 384.888885 322.666687 0.092832 0.061047 0.000000
0.045035 385.777802 323.555511 0.030850 0.030006 0.000000
0.045035 386.666687 321.777802 0.030849 -0.063101 0.000000
0.047580 388.444489 311.111115 0.061841 -0.373475 0.000000
0.019577 391.111115 303.111115 0.092830 -0.280363 0.000000
0.011940 396.444489 278.222198 0.185806 -0.870070 0.000000
-0.000788 396.444489 278.222198 -0.000142 -0.001029 0.000000
-0.003334 399.111115 262.222198 0.092830 -0.559698 0.000000
0.009394 402.666687 244.444397 0.123823 -0.621773 0.000000
-0.003334 402.666687 244.444397 -0.000142 -0.001029 0.000000
0.001757 406.222198 226.666702 0.123821 -0.621769 0.000000
0.009394 408.888885 209.777802 0.092832 -0.590735 0.000000
-0.000788 410.666687 194.666702 0.061841 -0.528660 0.000000
0.011940 412.444489 181.333298 0.061841 -0.466589 0.000000
-0.000788 412.444489 181.333298 -0.000142 -0.001029 0.000000
0.001757 413.333313 170.666702 0.030847 -0.373472 1.000000
0.011940 413.333313 161.777802 -0.000142 -0.311401 1.000000
0.001757 413.333313 153.777802 -0.000142 -0.280363 2.000000
0.001757 413.333313 153.777802 -0.000142 -0.001029 2.000000
0.011940 413.333313 146.666702 -0.000142 -0.249326 2.000000
0.001757 412.444489 140.444397 -0.031131 -0.218292 2.000000
-0.000788 411.555511 135.111099 -0.031136 -0.187250 2.000000
0.011940 411.555511 130.666702 -0.000142 -0.156213 2.000000
-0.003334 411.555511 130.666702 -0.000142 -0.001029 2.000000
0.009394 411.555511 126.222198 -0.000142 -0.156217 2.000000
-0.000788 411.555511 122.666702 -0.000142 -0.125175 2.000000
-0.000788 411.555511 119.111099 -0.000142 -0.125179 2.000000
0.014486 411.555511 116.444397 -0.000142 -0.094141 2.000000
-0.003334 411.555511 116.444397 -0.000142 -0.001029 2.000000
0.001757 412.444489 114.666702 0.030852 -0.063100 2.000000
0.011940 413.333313 112.888901 0.030847 -0.063104 2.000000
-0.000788 413.333313 112.888901 -0.000142 -0.001029 2.000000
-0.000788 413.333313 112.888901 -0.000142 -0.001029 2.000000
0.011940 413.333313 112.000000 -0.000142 -0.032066 2.000000
-0.003334 413.333313 112.000000 -0.000142 -0.001029 2.000000
-0.000788 413.333313 112.000000 -0.000142 -0.001029 2.000000
0.011940 412.444489 110.222198 -0.031131 -0.063104 1.000000
0.001757 412.444489 110.222198 -0.000142 -0.001029 1.000000
-0.003334 411.555511 110.222198 -0.031136 -0.001029 1.000000
0.014486 410.666687 110.222198 -0.031131 -0.001029 0.000000
-0.003334 410.666687 110.222198 -0.000142 -0.001029 0.000000
-0.000788 410.666687 110.222198 -0.000142 -0.001029 0.000000
0.011940 410.666687 109.333298 -0.000142 -0.032066 0.000000
-0.003334 410.666687 109.333298 -0.000142 -0.001029 0.000000
-0.000788 410.666687 109.333298 -0.000142 -0.001029 0.000000
0.011940 410.666687 109.333298 -0.000142 -0.001029 0.000000
-0.000788 410.666687 110.222198 -0.000142 0.030009 0.000000
-0.000788 410.666687 112.888901 -0.000142 0.092084 0.000000
0.009394 410.666687 117.333298 -0.000142 0.154156 0.000000
-0.003334 410.666687 117.333298 -0.000142 -0.001029 0.000000
-0.000788 410.666687 122.666702 -0.000142 0.185197 0.000000
0.009394 410.666687 129.777802 -0.000142 0.247268 0.000000
-0.000788 410.666687 137.777802 -0.000142 0.278306 0.000000
-0.000788 410.666687 137.777802 -0.000142 -0.001029 0.000000
0.011940 410.666687 146.666702 -0.000142 0.309344 0.000000
-0.000788 410.666687 158.222198 -0.000142 0.402453 0.000000
-0.000788 410.666687 158.222198 -0.000142 -0.001029 0.000000
0.011940 410.666687 182.222198 -0.000142 0.836975 0.000000
0.006849 410.666687 182.222198 -0.000142 -0.001029 0.000000
0.014486 409.777802 206.222198 -0.031133 0.836975 0.000000
0.006849 409.777802 206.222198 -0.000142 -0.001029 0.000000
0.022123 408.000000 226.666702 -0.062125 0.712829 0.000000
0.001757 408.000000 226.666702 -0.000142 -0.001029 0.000000
0.014486 407.111115 241.777802 -0.031133 0.526603 0.000000
0.004303 407.111115 241.777802 -0.000142 -0.001029 0.000000
0.019577 407.111115 254.222198 -0.000142 0.433490 0.000000
-0.000788 407.111115 254.222198 -0.000142 -0.001029 0.000000
0.006849 407.111115 259.555511 -0.000142 0.185194 0.000000
0.014486 407.111115 264.000000 -0.000142 0.154159 0.000000
0.006849 407.111115 273.777802 -0.000142 0.340381 0.000000
0.014486 407.111115 273.777802 -0.000142 -0.001029 0.000000
0.004303 408.000000 278.222198 0.030849 0.154156 0.000000
0.017032 408.000000 281.777802 -0.000142 0.123122 0.000000
-0.000788 408.000000 283.555511 -0.000142 0.061043 0.000000
0.009394 408.888885 285.333313 0.030849 0.061047 0.000000
0.014486 408.888885 286.222198 -0.000142 0.030009 0.000000
0.006849 408.888885 286.222198 -0.000142 -0.001029 0.000000
0.011940 408.888885 286.222198 -0.000142 -0.001029 0.000000
0.001757 408.888885 286.222198 -0.000142 -0.001029 0.000000
0.017032 408.888885 286.222198 -0.000142 -0.001029 0.000000
0.057763 408.888885 272.000000 -0.000142 -0.497623 0.000000
0.032306 408.888885 254.222198 -0.000142 -0.621773 0.000000
0.060309 403.555511 224.000000 -0.186090 -1.056292 0.000000
0.037397 398.222198 214.222198 -0.186088 -0.342438 0.000000
0.039943 376.000000 187.555603 -0.774919 -0.932141 0.000000
0.045035 359.111115 168.888901 -0.588973 -0.652811 0.000000
0.039943 344.888885 147.555603 -0.496000 -0.745920 0.000000
0.042489 334.222198 123.555603 -0.372036 -0.839032 2.000000
0.004303 329.777802 110.222198 -0.155096 -0.466589 2.000000
0.045035 320.888885 88.000000 -0.310054 -0.776957 2.000000
0.042489 309.333313 71.111107 -0.403027 -0.590735 2.000000
0.042489 296.000000 60.444439 -0.465008 -0.373475 2.000000
0.039943 284.444489 55.111111 -0.403025 -0.187251 2.000000
0.042489 277.333313 51.555561 -0.248073 -0.125177 2.000000
0.001757 276.444489 50.666672 -0.031131 -0.032066 2.000000
0.017032 275.555511 49.777779 -0.031136 -0.032066 2.000000
0.001757 275.555511 49.777779 -0.000142 -0.001029 2.000000
0.004303 275.555511 49.777779 -0.000142 -0.001029 2.000000
0.019577 275.555511 51.555561 -0.000142 0.061046 0.000000
0.006849 274.666687 55.111111 -0.031131 0.123120 0.000000
0.011940 273.777802 60.444439 -0.031133 0.185194 0.000000
0.001757 272.888885 67.555557 -0.031134 0.247269 0.000000
0.014486 272.000000 74.666656 -0.031133 0.247268 0.000000
0.004303 271.111115 82.666656 -0.031133 0.278306 0.000000
0.004303 270.222198 91.555557 -0.031134 0.309344 0.000000
0.014486 270.222198 100.444397 -0.000142 0.309342 0.000000
0.004303 270.222198 100.444397 -0.000142 -0.001029 0.000000
0.014486 270.222198 119.111099 -0.000142 0.650753 0.000000
0.001757 270.222198 119.111099 -0.000142 -0.001029 0.000000
0.017032 271.111115 138.666702 0.030850 0.681791 0.000000
0.060309 272.888885 159.111099 0.061840 0.712825 0.000000
0.039943 272.888885 178.666702 -0.000142 0.681791 0.000000
0.037397 272.888885 193.777802 -0.000142 0.526603 0.000000
0.001757 272.888885 200.000000 -0.000142 0.216231 0.000000
0.039943 272.888885 208.888901 -0.000142 0.309344 1.000000
0.039943 273.777802 213.333298 0.030850 0.154156 2.000000
0.037397 276.444489 216.000000 0.092832 0.092084 2.000000
0.024669 278.222198 216.888901 0.061838 0.030009 2.000000
0.017032 279.111115 216.888901 0.030850 -0.001029 2.000000
0.006849 279.111115 217.777802 -0.000142 0.030009 2.000000
0.014486 280.000000 217.777802 0.030849 -0.001029 2.000000
0.004303 280.000000 218.666702 -0.000142 0.030009 2.000000
0.017032 280.000000 218.666702 -0.000142 -0.001029 2.000000
0.004303 280.000000 218.666702 -0.000142 -0.001029 2.000000
0.022123 280.000000 218.666702 -0.000142 -0.001029 2.000000
0.001757 280.000000 218.666702 -0.000142 -0.001029 2.000000
0.014486 278.222198 218.666702 -0.062125 -0.001029 2.000000
0.001757 274.666687 218.666702 -0.124105 -0.001029 2.000000
0.004303 270.222198 217.777802 -0.155099 -0.032066 1.000000
0.019577 264.000000 214.222198 -0.217079 -0.125179 0.000000
0.009394 256.000000 208.888901 -0.279062 -0.187250 0.000000
0.014486 246.222198 201.777802 -0.341045 -0.249326 0.000000
0.006849 235.555603 192.000000 -0.372033 -0.342438 0.000000
0.019577 224.888901 181.333298 -0.372037 -0.373476 0.000000
0.006849 215.111099 170.666702 -0.341045 -0.373472 0.000000
0.017032 206.222198 159.111099 -0.310054 -0.404514 0.000000
0.004303 198.222198 148.444397 -0.279062 -0.373476 0.000000
0.019577 190.222198 138.666702 -0.279062 -0.342435 0.000000
0.001757 183.111099 129.777802 -0.248071 -0.311401 0.000000
0.019577 168.888901 115.555603 -0.495999 -0.497623 0.000000
0.004303 168.888901 115.555603 -0.000142 -0.001029 0.000000
0.019577 154.666702 106.666702 -0.495999 -0.311401 0.000000
0.004303 154.666702 106.666702 -0.000142 -0.001029 0.000000
0.019577 144.000000 102.222198 -0.372037 -0.156217 0.000000
0.006849 141.333298 102.222198 -0.093117 -0.001029 0.000000
0.029760 139.555603 101.333298 -0.062121 -0.032066 0.000000
0.009394 139.555603 101.333298 -0.000142 -0.001029 0.000000
0.022123 141.333298 107.555603 0.061837 0.216235 1.000000
0.039943 152.000000 120.000000 0.371752 0.433490 2.000000
0.034852 168.888901 133.333298 0.588689 0.464528 2.000000
0.057763 193.777802 144.888901 0.867609 0.402456 2.000000
0.034852 228.444397 151.111099 1.208509 0.216231 2.000000
0.052672 285.333313 149.333298 1.983290 -0.063104 2.000000
0.034852 318.222198 141.333298 1.146529 -0.280363 2.000000
0.057763 349.333313 132.444397 1.084547 -0.311401 2.000000
0.004303 362.666687 128.888901 0.464726 -0.125175 2.000000
0.014486 372.444489 127.111099 0.340761 -0.063104 2.000000
0.006849 379.555511 126.222198 0.247784 -0.032066 0.000000
0.014486 384.888885 126.222198 0.185806 -0.001029 0.000000
0.065400 389.333313 132.444397 0.154813 0.216231 0.000000
0.039943 379.555511 139.555603 -0.341045 0.247272 0.000000
0.034852 357.333313 148.444397 -0.774919 0.309340 0.000000
0.055218 305.777802 165.333298 -1.797625 0.588678 0.000000
0.006849 305.777802 165.333298 -0.000142 -0.001029 0.000000
0.009394 259.555511 184.000000 -1.611682 0.650753 0.000000
-0.003334 259.555511 184.000000 -0.000142 -0.001029 0.000000
0.001757 235.555603 196.444397 -0.836899 0.433490 0.000000
0.014486 211.555603 208.888901 -0.836902 0.433494 0.000000
-0.000788 211.555603 208.888901 -0.000142 -0.001029 0.000000
0.017032 170.666702 232.888901 -1.425734 0.836975 0.000000
-0.000788 170.666702 232.888901 -0.000142 -0.001029 0.000000
0.004303 153.777802 243.555603 -0.588974 0.371419 0.000000
0.019577 126.222198 261.333313 -0.960868 0.619713 2.000000
0.011940 117.333298 269.333313 -0.310054 0.278306 2.000000
0.006849 117.333298 269.333313 -0.000142 -0.001029 2.000000
0.001757 111.111099 275.555511 -0.217079 0.216231 2.000000
0.017032 107.555603 281.777802 -0.124105 0.216234 2.000000
0.004303 107.555603 286.222198 -0.000142 0.154156 2.000000
0.019577 111.111099 293.333313 0.123820 0.247269 2.000000
0.004303 111.111099 293.333313 -0.000142 -0.001029 2.000000
0.022123 125.333298 296.000000 0.495715 0.092084 2.000000
0.004303 135.111099 295.111115 0.340761 -0.032066 2.000000
0.042489 162.666702 285.333313 0.960584 -0.342438 2.000000
0.042489 196.444397 271.111115 1.177517 -0.497623 3.000000
