0.022123 43.555561 244.444397 0.557698 -0.063104 0.000000
0.004303 43.555561 244.444397 -0.000142 -0.001029 0.000000
0.022123 62.222221 232.000000 0.650671 -0.435547 0.000000
0.006849 73.777779 223.111099 0.402742 -0.311401 0.000000
0.017032 87.111107 213.333298 0.464724 -0.342438 0.000000
0.001757 103.111099 202.666702 0.557698 -0.373472 0.000000
0.017032 120.888901 192.888901 0.619681 -0.342438 1.000000
0.006849 138.666702 184.000000 0.619681 -0.311401 1.000000
0.014486 156.444397 176.888901 0.619677 -0.249326 1.000000
0.001757 173.333298 171.555603 0.588689 -0.187250 1.000000
0.022123 187.555603 168.000000 0.495719 -0.125179 2.000000
0.001757 201.777802 167.111099 0.495715 -0.032066 2.000000
0.017032 213.333298 167.111099 0.402740 -0.001029 2.000000
0.006849 224.000000 170.666702 0.371752 0.123122 2.000000
0.039943 239.111099 182.222198 0.526706 0.402453 2.000000
0.039943 248.000000 199.111099 0.309769 0.588678 2.000000
0.057763 248.000000 232.888901 -0.000142 1.178385 2.000000
0.037397 236.444397 258.666687 -0.403028 0.899050 1.000000
0.039943 219.555603 282.666687 -0.588970 0.836975 0.000000
0.055218 202.666702 301.333313 -0.588974 0.650751 0.000000
0.034852 190.222198 312.888885 -0.434020 0.402455 0.000000
0.047580 182.222198 318.222198 -0.279062 0.185194 0.000000
0.047580 177.777802 319.111115 -0.155096 0.030010 0.000000
0.050126 177.777802 317.333313 -0.000142 -0.063104 0.000000
0.047580 184.888901 309.333313 0.247786 -0.280363 0.000000
0.032306 200.000000 295.111115 0.526706 -0.497623 0.000000
0.029760 223.111099 270.222198 0.805626 -0.870070 1.000000
-0.003334 223.111099 270.222198 -0.000142 -0.001029 1.000000
0.045035 269.333313 216.000000 1.611395 -1.894296 1.000000
0.034852 295.111115 179.555603 0.898601 -1.273551 2.000000
0.001757 295.111115 179.555603 -0.000142 -0.001029 2.000000
-0.003334 304.000000 163.555603 0.309769 -0.559698 2.000000
0.014486 311.111115 152.000000 0.247787 -0.404514 2.000000
-0.000788 311.111115 152.000000 -0.000142 -0.001029 2.000000
0.032306 320.888885 137.777802 0.340760 -0.497623 2.000000
0.052672 329.777802 131.555603 0.309770 -0.218288 2.000000
0.052672 336.888885 132.444397 0.247786 0.030005 2.000000
0.037397 346.666687 143.111099 0.340761 0.371419 2.000000
0.004303 352.888885 152.000000 0.216795 0.309344 3.000000
0.019577 359.111115 164.444397 0.216796 0.433490 3.000000
0.004303 365.333313 178.666702 0.216795 0.495569 0.000000
0.017032 371.555511 195.555603 0.216795 0.588678 0.000000
0.001757 377.777802 213.333298 0.216798 0.619712 0.000000
0.017032 384.000000 232.888901 0.216795 0.681791 0.000000
0.001757 389.333313 253.333298 0.185804 0.712825 0.000000
0.017032 394.666687 272.888885 0.185806 0.681790 0.000000
-0.000788 398.222198 290.666687 0.123821 0.619716 0.000000
0.004303 402.666687 306.666687 0.154815 0.557641 0.000000
0.017032 405.333313 319.111115 0.092830 0.433491 0.000000
0.001757 407.111115 329.777802 0.061841 0.371418 0.000000
0.017032 408.888885 336.888885 0.061840 0.247268 0.000000
0.004303 409.777802 342.222198 0.030850 0.185194 0.000000
0.017032 410.666687 344.000000 0.030849 0.061047 0.000000
0.001757 410.666687 345.777802 -0.000142 0.061047 0.000000
0.034852 410.666687 344.888885 -0.000142 -0.032067 1.000000
0.004303 410.666687 344.888885 -0.000142 -0.001029 1.000000
0.029760 409.777802 333.333313 -0.031133 -0.404512 1.000000
0.032306 409.777802 306.666687 -0.000142 -0.932142 2.000000
0.009394 409.777802 288.000000 -0.000142 -0.652810 2.000000
0.045035 411.555511 242.666702 0.061838 -1.583923 2.000000
0.029760 415.111115 196.444397 0.123824 -1.614965 2.000000
0.047580 416.888885 160.888901 0.061840 -1.242514 2.000000
0.052672 417.777802 138.666702 0.030850 -0.776957 2.000000
0.032306 416.000000 129.777802 -0.062125 -0.311401 2.000000
0.052672 414.222198 127.111099 -0.062125 -0.094141 2.000000
0.032306 408.000000 135.111099 -0.217079 0.278306 1.000000
0.001757 408.000000 135.111099 -0.000142 -0.001029 1.000000
0.011940 395.555511 160.000000 -0.434019 0.868013 0.000000
0.001757 395.555511 160.000000 -0.000142 -0.001029 0.000000
0.029760 379.555511 199.111099 -0.557982 1.364607 0.000000
0.004303 369.777802 220.444397 -0.341042 0.743862 0.000000
0.037397 360.000000 243.555603 -0.341045 0.805941 0.000000
0.042489 329.777802 309.333313 -1.053839 2.295720 0.000000
0.001757 329.777802 309.333313 -0.000142 -0.001029 0.000000
0.017032 316.444489 337.777802 -0.465008 0.992163 0.000000
0.001757 316.444489 337.777802 -0.000142 -0.001029 0.000000
0.019577 310.222198 353.777802 -0.217082 0.557641 0.000000
-0.000788 310.222198 353.777802 -0.000142 -0.001029 0.000000
0.001757 308.444489 358.222198 -0.062122 0.154156 0.000000
0.019577 307.555511 364.444489 -0.031136 0.216234 0.000000
0.004303 307.555511 364.444489 -0.000142 -0.001029 0.000000
0.019577 307.555511 367.111115 -0.000142 0.092082 0.000000
0.004303 307.555511 369.777802 -0.000142 0.092084 1.000000
0.017032 307.555511 373.333313 -0.000142 0.123119 1.000000
-0.000788 307.555511 373.333313 -0.000142 -0.001029 1.000000
0.017032 307.555511 376.000000 -0.000142 0.092084 2.000000
0.004303 307.555511 376.000000 -0.000142 -0.001029 2.000000
-0.000788 307.555511 376.000000 -0.000142 -0.001029 2.000000
0.014486 307.555511 376.000000 -0.000142 -0.001029 2.000000
0.001757 307.555511 374.222198 -0.000142 -0.063104 2.000000
0.032306 306.666687 360.000000 -0.031131 -0.497623 2.000000
0.052672 308.444489 331.555511 0.061841 -0.994220 2.000000
0.055218 312.888885 288.000000 0.154812 -1.521849 2.000000
0.029760 316.444489 234.666702 0.123824 -1.863258 2.000000
0.047580 314.666687 171.555603 -0.062125 -2.204668 2.000000
0.037397 307.555511 148.444397 -0.248073 -0.807998 0.000000
0.011940 304.000000 140.444397 -0.124105 -0.280363 0.000000
0.006849 304.000000 140.444397 -0.000142 -0.001029 0.000000
0.001757 300.444489 134.222198 -0.124105 -0.218288 0.000000
0.052672 295.111115 123.555603 -0.186090 -0.373472 0.000000
0.027215 295.111115 122.666702 -0.000142 -0.032066 0.000000
0.045035 295.111115 127.111099 -0.000142 0.154156 0.000000
0.050126 302.222198 160.000000 0.247786 1.147347 0.000000
0.052672 311.111115 184.888901 0.309770 0.868013 0.000000
0.045035 338.666687 208.888901 0.960583 0.836975 1.000000
0.014486 350.222198 212.444397 0.402741 0.123118 1.000000
-0.000788 350.222198 212.444397 -0.000142 -0.001029 1.000000
0.001757 362.666687 214.222198 0.433735 0.061047 1.000000
0.014486 375.111115 214.222198 0.433733 -0.001029 1.000000
0.001757 385.777802 212.444397 0.371752 -0.063104 2.000000
0.017032 397.333313 208.888901 0.402741 -0.125175 2.000000
0.001757 407.111115 204.444397 0.340761 -0.156217 2.000000
0.004303 416.888885 200.000000 0.340760 -0.156213 2.000000
0.011940 425.777802 194.666702 0.309770 -0.187250 2.000000
0.004303 425.777802 194.666702 -0.000142 -0.001029 2.000000
0.014486 441.777802 183.111099 0.557698 -0.404514 2.000000
-0.000788 441.777802 183.111099 -0.000142 -0.001029 2.000000
0.004303 448.000000 177.777802 0.216795 -0.187250 2.000000
0.019577 457.777802 171.555603 0.340761 -0.218288 2.000000
0.004303 457.777802 171.555603 -0.000142 -0.001029 2.000000
0.019577 464.000000 168.888901 0.216795 -0.094141 2.000000
0.006849 464.000000 168.888901 -0.000142 -0.001029 2.000000
0.019577 465.777802 168.000000 0.061841 -0.032066 2.000000
0.011940 464.888885 168.000000 -0.031134 -0.001029 0.000000
0.019577 461.333313 169.777802 -0.124107 0.061047 0.000000
0.042489 446.222198 176.888901 -0.526991 0.247268 0.000000
0.047580 416.888885 193.777802 -1.022848 0.588678 0.000000
0.042489 400.000000 206.222198 -0.588973 0.433490 0.000000
0.045035 383.111115 217.777802 -0.588973 0.402456 0.000000
0.065400 351.111115 241.777802 -1.115822 0.836975 0.000000
0.037397 326.222198 266.666687 -0.867894 0.868012 0.000000
0.039943 306.666687 296.000000 -0.681945 1.023198 0.000000
0.001757 299.555511 309.333313 -0.248073 0.464528 0.000000
0.014486 295.111115 320.888885 -0.155096 0.402455 1.000000
0.004303 292.444489 329.777802 -0.093114 0.309344 1.000000
0.037397 291.555511 337.777802 -0.031136 0.278306 2.000000
0.050126 290.666687 347.555511 -0.031131 0.340378 2.000000
0.032306 290.666687 348.444489 -0.000142 0.030012 2.000000
0.055218 290.666687 340.444489 -0.000142 -0.280363 2.000000
0.034852 291.555511 320.888885 0.030847 -0.683848 2.000000
0.057763 291.555511 262.222198 -0.000142 -2.049483 2.000000
0.032306 291.555511 234.666702 -0.000142 -0.963179 2.000000
0.001757 285.333313 177.777802 -0.217079 -1.987408 3.000000
0.037397 280.888885 152.000000 -0.155097 -0.901108 0.000000
0.037397 269.333313 117.333298 -0.403027 -1.211480 0.000000
0.037397 255.111099 98.666656 -0.496000 -0.652808 0.000000
0.004303 246.222198 93.333344 -0.310054 -0.187251 0.000000
0.032306 227.555603 88.888893 -0.650953 -0.156215 0.000000
0.014486 219.555603 88.888893 -0.279062 -0.001029 0.000000
0.004303 212.444397 92.444443 -0.248074 0.123120 0.000000
0.004303 212.444397 92.444443 -0.000142 -0.001029 0.000000
0.011940 200.000000 108.444397 -0.434016 0.557639 0.000000
0.004303 200.000000 108.444397 -0.000142 -0.001029 0.000000
0.014486 193.777802 136.000000 -0.217079 0.961126 0.000000
0.004303 193.777802 136.000000 -0.000142 -0.001029 0.000000
0.017032 192.888901 168.000000 -0.031134 1.116310 0.000000
0.001757 192.888901 168.000000 -0.000142 -0.001029 0.000000
0.006849 193.777802 183.111099 0.030849 0.526603 0.000000
0.011940 195.555603 196.444397 0.061841 0.464528 1.000000
0.009394 197.333298 209.777802 0.061837 0.464532 1.000000
0.024669 200.000000 235.555603 0.092832 0.899050 2.000000
0.019577 200.888901 248.000000 0.030849 0.433490 2.000000
0.004303 202.666702 259.555511 0.061841 0.402453 2.000000
0.050126 205.333298 276.444489 0.092829 0.588681 2.000000
0.052672 210.666702 287.111115 0.185807 0.371416 2.000000
0.045035 214.222198 287.111115 0.123820 -0.001029 2.000000
0.042489 220.444397 280.888885 0.216795 -0.218289 2.000000
0.042489 234.666702 256.000000 0.495719 -0.870069 2.000000
0.022123 242.666702 243.555603 0.278778 -0.435547 0.000000
0.009394 250.666702 229.333298 0.278778 -0.497626 0.000000
0.042489 272.000000 198.222198 0.743643 -1.087329 0.000000
0.034852 296.888885 167.111099 0.867609 -1.087329 0.000000
0.055218 325.333313 138.666702 0.991573 -0.994217 0.000000
0.032306 352.000000 114.666702 0.929592 -0.839032 0.000000
0.060309 380.444489 87.111107 0.991575 -0.963182 0.000000
0.014486 386.666687 80.888893 0.216795 -0.218288 0.000000
-0.000788 386.666687 80.888893 -0.000142 -0.001029 0.000000
0.050126 392.888885 72.000000 0.216795 -0.311400 0.000000
0.032306 392.888885 72.000000 -0.000142 -0.001029 1.000000
0.001757 392.000000 75.555557 -0.031133 0.123120 1.000000
0.014486 390.222198 81.777779 -0.062125 0.216232 2.000000
0.001757 390.222198 81.777779 -0.000142 -0.001029 2.000000
0.052672 385.777802 114.666702 -0.155096 1.147348 2.000000
0.047580 387.555511 148.444397 0.061838 1.178381 2.000000
0.027215 393.777802 184.000000 0.216798 1.240460 2.000000
0.001757 397.333313 200.000000 0.123821 0.557641 2.000000
0.039943 400.888885 213.333298 0.123823 0.464528 2.000000
0.045035 409.777802 234.666702 0.309770 0.743866 2.000000
0.014486 411.555511 236.444397 0.061838 0.061043 2.000000
0.009394 412.444489 236.444397 0.030852 -0.001029 2.000000
0.017032 413.333313 234.666702 0.030847 -0.063100 0.000000
0.006849 414.222198 228.444397 0.030849 -0.218292 0.000000
0.017032 415.111115 218.666702 0.030850 -0.342435 0.000000
0.006849 416.888885 206.222198 0.061840 -0.435551 0.000000
0.017032 420.444489 171.555603 0.123824 -1.211476 0.000000
0.006849 420.444489 171.555603 -0.000142 -0.001029 0.000000
0.017032 425.777802 129.777802 0.185804 -1.459777 0.000000
0.006849 425.777802 129.777802 -0.000142 -0.001029 0.000000
0.006849 428.444489 111.111099 0.092832 -0.652811 0.000000
0.022123 429.333313 85.333344 0.030847 -0.901106 0.000000
0.017032 427.555511 76.444443 -0.062125 -0.311401 0.000000
0.006849 424.888885 68.444443 -0.093114 -0.280363 0.000000
0.004303 421.333313 61.333328 -0.124107 -0.249326 0.000000
0.019577 418.666687 56.000000 -0.093114 -0.187251 0.000000
0.065400 413.333313 46.222221 -0.186090 -0.342438 0.000000
0.017032 412.444489 45.333328 -0.031131 -0.032066 1.000000
0.004303 412.444489 45.333328 -0.000142 -0.001029 1.000000
0.017032 412.444489 45.333328 -0.000142 -0.001029 2.000000
0.004303 412.444489 45.333328 -0.000142 -0.001029 2.000000
0.057763 416.000000 58.666672 0.123821 0.464529 2.000000
0.034852 417.777802 75.555557 0.061841 0.588678 2.000000
0.037397 421.333313 100.444397 0.123821 0.868011 2.000000
0.062855 427.555511 133.333298 0.216795 1.147347 2.000000
0.037397 437.333313 170.666702 0.340761 1.302535 2.000000
0.034852 448.000000 203.555603 0.371752 1.147347 2.000000
0.004303 453.333313 217.777802 0.185804 0.495565 0.000000
0.014486 457.777802 230.222198 0.154815 0.433490 0.000000
0.006849 461.333313 240.888901 0.123821 0.371419 0.000000
0.034852 465.777802 256.000000 0.154815 0.526603 0.000000
0.037397 466.666687 260.444489 0.030849 0.154159 0.000000
0.060309 461.333313 258.666687 -0.186090 -0.063104 0.000000
0.014486 447.111115 247.111099 -0.495999 -0.404513 0.000000
-0.000788 447.111115 247.111099 -0.000142 -0.001029 0.000000
0.014486 424.888885 224.000000 -0.774920 -0.807995 0.000000
0.001757 424.888885 224.000000 -0.000142 -0.001029 0.000000
0.004303 412.444489 208.888901 -0.434016 -0.528660 0.000000
0.014486 399.111115 190.222198 -0.465010 -0.652811 0.000000
0.001757 384.888885 169.777802 -0.496000 -0.714882 0.000000
0.017032 371.555511 148.444397 -0.465010 -0.745923 0.000000
0.001757 358.222198 128.888901 -0.465008 -0.683844 1.000000
0.004303 345.777802 111.111099 -0.434016 -0.621773 1.000000
0.011940 332.444489 96.000000 -0.465008 -0.528660 1.000000
0.001757 332.444489 96.000000 -0.000142 -0.001029 1.000000
0.017032 309.333313 75.555557 -0.805913 -0.714884 2.000000
0.001757 309.333313 75.555557 -0.000142 -0.001029 2.000000
0.001757 299.555511 69.333344 -0.341045 -0.218288 2.000000
0.014486 290.666687 64.888893 -0.310051 -0.156215 2.000000
0.004303 283.555511 61.333328 -0.248073 -0.125178 2.000000
0.037397 273.777802 60.444439 -0.341042 -0.032066 2.000000
0.037397 268.444489 68.444443 -0.186088 0.278306 2.000000
0.060309 267.555511 103.111099 -0.031136 1.209421 2.000000
0.032306 267.555511 120.888901 -0.000142 0.619716 2.000000
0.057763 276.444489 182.222198 0.309772 2.140535 2.000000
0.024669 284.444489 221.333298 0.278778 1.364607 0.000000
0.006849 288.888885 240.000000 0.154812 0.650753 0.000000
0.045035 296.888885 276.444489 0.278778 1.271497 0.000000
0.034852 305.777802 305.777802 0.309770 1.023198 0.000000
0.042489 316.444489 328.000000 0.371752 0.774900 0.000000
0.042489 329.777802 342.222198 0.464724 0.495565 0.000000
0.060309 342.222198 349.333313 0.433732 0.247269 0.000000
0.037397 353.777802 351.111115 0.402744 0.061047 0.000000
0.034852 362.666687 349.333313 0.309769 -0.063104 0.000000
0.055218 379.555511 334.222198 0.588687 -0.528661 1.000000
0.032306 393.777802 312.000000 0.495718 -0.776957 1.000000
0.034852 409.777802 280.888885 0.557698 -1.087330 2.000000
0.001757 409.777802 280.888885 -0.000142 -0.001029 2.000000
0.047580 429.333313 239.111099 0.681661 -1.459776 2.000000
0.042489 432.888885 218.666702 0.123823 -0.714882 2.000000
0.050126 426.666687 200.888901 -0.217079 -0.621773 2.000000
0.029760 411.555511 184.888901 -0.526993 -0.559698 2.000000
0.052672 392.888885 172.444397 -0.650954 -0.435551 2.000000
0.047580 358.222198 165.333298 -1.208796 -0.249326 2.000000
0.014486 344.888885 164.444397 -0.465008 -0.032066 0.000000
0.011940 330.666687 164.444397 -0.495999 -0.001029 0.000000
0.022123 315.555511 166.222198 -0.526993 0.061047 0.000000
-0.000788 299.555511 169.777802 -0.557982 0.123122 0.000000
0.050126 271.111115 180.444397 -0.991856 0.371415 0.000000
0.055218 248.000000 204.444397 -0.805911 0.836975 0.000000
0.029760 246.222198 226.666702 -0.062125 0.774904 0.000000
0.029760 252.444397 251.555603 0.216795 0.868013 0.000000
0.001757 252.444397 251.555603 -0.000142 -0.001029 0.000000
0.014486 259.555511 263.111115 0.247787 0.402453 0.000000
-0.000788 266.666687 274.666687 0.247789 0.402455 0.000000
0.004303 275.555511 286.222198 0.309767 0.402453 0.000000
0.014486 285.333313 296.000000 0.340761 0.340381 0.000000
0.004303 296.000000 304.888885 0.371752 0.309343 0.000000
0.014486 307.555511 312.888885 0.402741 0.278306 0.000000
0.001757 307.555511 312.888885 -0.000142 -0.001029 1.000000
0.001757 319.111115 320.000000 0.402744 0.247269 1.000000
0.014486 342.222198 330.666687 0.805626 0.371418 2.000000
0.006849 342.222198 330.666687 -0.000142 -0.001029 2.000000
0.009394 352.888885 333.333313 0.371752 0.092082 2.000000
0.004303 361.777802 335.111115 0.309770 0.061047 2.000000
0.019577 370.666687 335.111115 0.309769 -0.001029 2.000000
0.009394 377.777802 335.111115 0.247787 -0.001029 2.000000
0.017032 390.222198 329.777802 0.433732 -0.187251 2.000000
0.006849 390.222198 329.777802 -0.000142 -0.001029 2.000000
0.019577 397.333313 319.111115 0.247787 -0.373475 2.000000
0.006849 397.333313 319.111115 -0.000142 -0.001029 2.000000
0.014486 399.111115 300.444489 0.061841 -0.652808 2.000000
0.006849 399.111115 287.111115 -0.000142 -0.466588 2.000000
0.001757 399.111115 287.111115 -0.000142 -0.001029 2.000000
0.017032 397.333313 256.000000 -0.062125 -1.087330 2.000000
0.004303 397.333313 256.000000 -0.000142 -0.001029 2.000000
0.022123 394.666687 224.000000 -0.093114 -1.118367 0.000000
0.009394 394.666687 208.888901 -0.000142 -0.528660 0.000000
0.039943 393.777802 182.222198 -0.031133 -0.932145 0.000000
0.034852 389.333313 161.777802 -0.155099 -0.714882 0.000000
0.060309 372.444489 147.555603 -0.588971 -0.497623 0.000000
0.032306 364.444489 146.666702 -0.279062 -0.032066 0.000000
0.057763 341.333313 156.444397 -0.805913 0.340378 0.000000
0.034852 328.888885 173.333298 -0.434017 0.588678 0.000000
0.057763 320.888885 193.777802 -0.279062 0.712829 0.000000
0.011940 314.666687 213.333298 -0.217079 0.681787 0.000000
0.004303 314.666687 213.333298 -0.000142 -0.001029 0.000000
0.014486 305.777802 232.888901 -0.310053 0.681791 1.000000
0.001757 305.777802 232.888901 -0.000142 -0.001029 1.000000
0.004303 300.444489 242.666702 -0.186088 0.340381 2.000000
0.022123 293.333313 251.555603 -0.248073 0.309344 2.000000
0.057763 267.555511 280.000000 -0.898885 0.992159 2.000000
0.050126 253.333298 294.222198 -0.496000 0.495565 2.000000
0.029760 240.888901 302.222198 -0.434016 0.278306 2.000000
0.050126 220.444397 306.666687 -0.712940 0.154159 2.000000
0.017032 212.444397 307.555511 -0.279062 0.030006 2.000000
0.009394 204.444397 308.444489 -0.279062 0.030012 2.000000
0.014486 195.555603 310.222198 -0.310050 0.061043 0.000000
0.006849 187.555603 312.888885 -0.279062 0.092084 0.000000
0.014486 179.555603 316.444489 -0.279062 0.123122 0.000000
0.006849 173.333298 319.111115 -0.217083 0.092082 0.000000
0.001757 168.000000 321.777802 -0.186088 0.092084 0.000000
0.019577 165.333298 322.666687 -0.093117 0.030009 0.000000
0.004303 162.666702 323.555511 -0.093113 0.030006 0.000000
0.017032 160.888901 323.555511 -0.062125 -0.001029 0.000000
0.009394 160.000000 321.777802 -0.031134 -0.063101 0.000000
0.017032 158.222198 318.222198 -0.062125 -0.125179 0.000000
0.009394 157.333298 313.777802 -0.031134 -0.156213 0.000000
0.017032 152.888901 303.111115 -0.155096 -0.373475 0.000000
0.011940 150.222198 296.000000 -0.093117 -0.249326 0.000000
0.014486 148.444397 288.000000 -0.062125 -0.280363 0.000000
0.009394 145.777802 280.000000 -0.093113 -0.280363 0.000000
0.014486 143.111099 271.111115 -0.093117 -0.311400 0.000000
0.009394 141.333298 261.333313 -0.062125 -0.342438 1.000000
0.017032 140.444397 251.555603 -0.031134 -0.342435 1.000000
0.006849 139.555603 240.000000 -0.031130 -0.404514 1.000000
0.042489 139.555603 216.888901 -0.000142 -0.807995 2.000000
0.037397 139.555603 192.000000 -0.000142 -0.870070 2.000000
0.055218 131.555603 153.777802 -0.279062 -1.335626 2.000000
0.032306 128.000000 143.111099 -0.124108 -0.373476 2.000000
0.057763 112.888901 122.666702 -0.526991 -0.714882 2.000000
0.037397 102.222198 118.222198 -0.372037 -0.156217 2.000000
0.034852 91.555557 118.222198 -0.372035 -0.001029 2.000000
0.004303 85.333344 121.777802 -0.217080 0.123122 2.000000
0.014486 78.222221 127.111099 -0.248071 0.185193 0.000000
0.011940 70.222221 135.111099 -0.279062 0.278306 0.000000
0.024669 62.222221 145.777802 -0.279062 0.371419 0.000000
0.060309 37.333328 183.111099 -0.867893 1.302532 0.000000
0.034852 23.111111 215.111099 -0.496000 1.116310 0.000000
0.050126 14.222220 252.444397 -0.310053 1.302532 0.000000
0.037397 12.444440 286.222198 -0.062124 1.178385 0.000000
0.001757 12.444440 301.333313 -0.000142 0.526604 0.000000
0.014486 14.222220 314.666687 0.061840 0.464531 0.000000
0.004303 16.888889 327.111115 0.092831 0.433491 0.000000
0.011940 20.444441 338.666687 0.123822 0.402455 0.000000
0.004303 24.000000 348.444489 0.123822 0.340381 0.000000
0.017032 28.444441 356.444489 0.154813 0.278306 1.000000
0.004303 32.000000 362.666687 0.123822 0.216231 1.000000
0.004303 36.444439 367.111115 0.154813 0.154157 1.000000
0.011940 40.888889 368.888885 0.154814 0.061046 1.000000
0.001757 45.333328 368.888885 0.154813 -0.001029 2.000000
0.014486 49.777779 368.000000 0.154814 -0.032066 2.000000
-0.000788 49.777779 368.000000 -0.000142 -0.001029 2.000000
0.001757 54.222221 364.444489 0.154813 -0.125176 2.000000
0.017032 58.666672 359.111115 0.154814 -0.187253 2.000000
0.001757 63.111111 352.000000 0.154813 -0.249326 2.000000
0.017032 66.666656 344.000000 0.123822 -0.280363 2.000000
0.001757 69.333344 333.333313 0.092832 -0.373475 2.000000
0.060309 76.444443 287.111115 0.247786 -1.614961 2.000000
0.029760 78.222221 267.555511 0.061840 -0.683848 2.000000
0.055218 85.333344 208.000000 0.247787 -2.080518 2.000000
0.042489 89.777779 174.222198 0.154813 -1.180442 0.000000
0.075583 91.555557 131.555603 0.061840 -1.490811 0.000000
0.037397 90.666656 111.111099 -0.031134 -0.714886 0.000000
0.045035 88.000000 88.000000 -0.093115 -0.807995 0.000000
0.045035 88.000000 77.333344 -0.000142 -0.373474 0.000000
0.032306 88.888893 73.777779 0.030849 -0.125178 0.000000
0.045035 94.222221 67.555557 0.185804 -0.218289 0.000000
0.042489 99.555557 66.666656 0.185805 -0.032066 1.000000
0.014486 104.888901 69.333344 0.185805 0.092084 1.000000
0.009394 111.111099 72.888893 0.216795 0.123120 1.000000
0.067946 138.666702 87.111107 0.960584 0.495566 2.000000
0.050126 170.666702 99.555557 1.115538 0.433492 2.000000
0.001757 170.666702 99.555557 -0.000142 -0.001029 2.000000
0.022123 190.222198 108.444397 0.681660 0.309342 2.000000
0.037397 207.111099 120.000000 0.588689 0.402456 2.000000
0.029760 214.222198 127.111099 0.247786 0.247268 2.000000
0.014486 221.333298 135.111099 0.247786 0.278306 2.000000
0.009394 227.555603 142.222198 0.216799 0.247268 2.000000
0.047580 246.222198 159.111099 0.650669 0.588678 0.000000
0.047580 256.000000 161.777802 0.340761 0.092084 0.000000
0.014486 260.444489 161.777802 0.154815 -0.001029 0.000000
0.006849 264.000000 160.000000 0.123821 -0.063104 0.000000
0.037397 272.000000 153.777802 0.278778 -0.218288 0.000000
0.042489 279.111115 145.777802 0.247787 -0.280363 0.000000
0.039943 288.000000 136.000000 0.309769 -0.342438 0.000000
0.019577 299.555511 125.333298 0.402741 -0.373476 0.000000
0.029760 306.666687 120.000000 0.247789 -0.187250 0.000000
0.037397 324.444489 108.444397 0.619681 -0.404514 0.000000
0.019577 341.333313 99.555557 0.588687 -0.311399 1.000000
0.006849 348.444489 96.000000 0.247789 -0.125177 1.000000
0.019577 355.555511 93.333344 0.247784 -0.094140 2.000000
0.006849 361.777802 90.666656 0.216798 -0.094141 2.000000
0.014486 368.000000 88.000000 0.216795 -0.094140 2.000000
0.006849 368.000000 88.000000 -0.000142 -0.001029 2.000000
0.017032 380.444489 83.555557 0.433735 -0.156214 2.000000
0.004303 386.666687 81.777779 0.216795 -0.063103 2.000000
0.024669 392.888885 79.111107 0.216795 -0.094140 2.000000
0.014486 408.000000 75.555557 0.526707 -0.125177 2.000000
0.062855 424.888885 73.777779 0.588689 -0.063103 2.000000
0.032306 441.777802 74.666656 0.588690 0.030008 2.000000
0.019577 448.888885 77.333344 0.247786 0.092084 0.000000
0.006849 455.111115 80.888893 0.216796 0.123120 0.000000
0.019577 464.000000 90.666656 0.309769 0.340380 0.000000
0.004303 464.000000 90.666656 -0.000142 -0.001029 0.000000
0.014486 470.222198 103.111099 0.216795 0.433492 0.000000
0.006849 470.222198 103.111099 -0.000142 -0.001029 0.000000
0.019577 475.555511 117.333298 0.185804 0.495565 0.000000
0.006849 477.333313 125.333298 0.061841 0.278306 0.000000
0.017032 478.222198 132.444397 0.030849 0.247268 0.000000
0.006849 478.222198 140.444397 -0.000142 0.278306 0.000000
0.042489 476.444489 155.555603 -0.062122 0.526607 0.000000
0.037397 471.111115 170.666702 -0.186090 0.526603 0.000000
0.042489 465.777802 185.777802 -0.186088 0.526603 1.000000
0.047580 459.555511 204.444397 -0.217082 0.650750 2.000000
0.062855 454.222198 212.444397 -0.186088 0.278306 2.000000
0.034852 444.444489 216.888901 -0.341042 0.154159 2.000000
0.037397 428.444489 217.777802 -0.557982 0.030009 2.000000
0.014486 417.777802 216.000000 -0.372036 -0.063104 2.000000
0.001757 408.000000 213.333298 -0.341045 -0.094141 2.000000
0.004303 398.222198 210.666702 -0.341045 -0.094138 2.000000
0.037397 384.000000 208.000000 -0.495999 -0.094141 2.000000
0.039943 375.111115 208.000000 -0.310053 -0.001029 2.000000
0.014486 372.444489 210.666702 -0.093114 0.092084 3.000000
0.027215 371.555511 213.333298 -0.031136 0.092080 0.000000
0.029760 371.555511 223.111099 -0.000142 0.340381 0.000000
0.029760 376.000000 235.555603 0.154815 0.433494 0.000000
0.004303 378.666687 243.555603 0.092832 0.278306 0.000000
0.052672 385.777802 262.222198 0.247787 0.650750 0.000000
0.037397 393.777802 286.222198 0.278778 0.836975 0.000000
0.017032 397.333313 297.777802 0.123821 0.402456 0.000000
0.001757 400.888885 309.333313 0.123823 0.402453 0.000000
0.029760 405.333313 328.000000 0.154813 0.650753 0.000000
0.006849 406.222198 335.111115 0.030849 0.247269 0.000000
0.032306 406.222198 340.444489 -0.000142 0.185196 0.000000
0.014486 403.555511 348.444489 -0.093116 0.278306 1.000000
0.024669 400.888885 352.000000 -0.093114 0.123119 1.000000
0.034852 394.666687 358.222198 -0.217079 0.216231 2.000000
0.004303 391.111115 360.888885 -0.124107 0.092084 2.000000
0.011940 388.444489 362.666687 -0.093114 0.061047 2.000000
-0.000788 388.444489 362.666687 -0.000142 -0.001029 2.000000
0.050126 377.777802 369.777802 -0.372036 0.247269 2.000000
0.042489 368.888885 372.444489 -0.310054 0.092084 2.000000
0.014486 363.555511 373.333313 -0.186090 0.030006 2.000000
0.004303 356.444489 374.222198 -0.248068 0.030009 2.000000
0.062855 328.888885 370.666687 -0.960868 -0.125176 2.000000
0.032306 312.000000 360.000000 -0.588973 -0.373475 1.000000
0.034852 299.555511 340.444489 -0.434019 -0.683845 0.000000
0.006849 299.555511 340.444489 -0.000142 -0.001029 0.000000
0.027215 289.777802 312.888885 -0.341042 -0.963183 0.000000
0.050126 278.222198 283.555511 -0.403028 -1.025257 0.000000
0.052672 265.777802 254.222198 -0.434016 -1.025255 0.000000
0.011940 252.444397 225.777802 -0.465011 -0.994217 0.000000
0.006849 246.222198 211.555603 -0.217079 -0.497623 0.000000
0.039943 236.444397 185.777802 -0.341045 -0.901108 0.000000
0.045035 229.333298 168.000000 -0.248071 -0.621773 0.000000
0.032306 220.444397 163.555603 -0.310054 -0.156213 1.000000
0.004303 214.222198 163.555603 -0.217079 -0.001029 1.000000
0.027215 208.000000 168.000000 -0.217079 0.154156 2.000000
-0.000788 200.000000 173.333298 -0.279062 0.185193 2.000000
0.039943 184.000000 187.555603 -0.557982 0.495569 2.000000
0.042489 168.000000 204.444397 -0.557982 0.588674 2.000000
0.045035 156.444397 228.444397 -0.403028 0.836975 2.000000
0.045035 149.333298 265.777802 -0.248071 1.302535 2.000000
0.045035 147.555603 332.444489 -0.062121 2.326761 2.000000
0.011940 150.222198 352.888885 0.092829 0.712825 2.000000
0.014486 154.666702 370.666687 0.154815 0.619716 0.000000
0.042489 166.222198 397.333313 0.402740 0.930085 0.000000
0.042489 178.666702 408.000000 0.433735 0.371418 0.000000
0.045035 191.111099 408.000000 0.433732 -0.001029 0.000000
0.057763 217.777802 384.000000 0.929592 -0.839032 0.000000
0.039943 243.555603 353.777802 0.898601 -1.056292 0.000000
0.039943 273.777802 316.444489 1.053555 -1.304589 0.000000
0.014486 302.222198 286.222198 0.991572 -1.056295 2.000000
0.011940 302.222198 286.222198 -0.000142 -0.001029 2.000000
0.045035 327.111115 266.666687 0.867610 -0.683845 2.000000
0.037397 346.666687 254.222198 0.681663 -0.435551 2.000000
0.042489 363.555511 241.777802 0.588687 -0.435547 2.000000
0.062855 366.222198 232.000000 0.092832 -0.342438 2.000000
0.032306 363.555511 229.333298 -0.093116 -0.094141 1.000000
0.050126 353.777802 224.000000 -0.341042 -0.187250 0.000000
0.050126 326.222198 216.000000 -0.960868 -0.280363 0.000000
0.042489 308.444489 211.555603 -0.619962 -0.156213 0.000000
0.047580 296.888885 207.111099 -0.403028 -0.156217 0.000000
0.034852 290.666687 202.666702 -0.217079 -0.156213 0.000000
0.065400 287.111115 196.444397 -0.124107 -0.218292 0.000000
0.027215 286.222198 193.777802 -0.031134 -0.094138 0.000000
0.045035 286.222198 192.888901 -0.000142 -0.032066 0.000000
-0.000788 286.222198 192.888901 -0.000142 -0.001029 3.000000
0.027215 284.444489 192.000000 -0.062122 -0.032066 3.000000
0.050126 275.555511 192.000000 -0.310056 -0.001029 3.000000
0.042489 265.777802 192.888901 -0.341042 0.030009 3.000000
0.042489 256.888885 196.444397 -0.310054 0.123118 3.000000
0.045035 250.666702 199.111099 -0.217079 0.092084 3.000000
0.047580 248.000000 200.000000 -0.093117 0.030009 3.000000
0.047580 246.222198 201.777802 -0.062125 0.061047 3.000000
0.042489 244.444397 201.777802 -0.062125 -0.001029 3.000000
0.045035 240.888901 201.777802 -0.124105 -0.001029 3.000000
0.045035 236.444397 202.666702 -0.155100 0.030009 3.000000
0.050126 226.666702 204.444397 -0.341041 0.061043 3.000000
0.050126 220.444397 207.111099 -0.217083 0.092084 3.000000
0.042489 213.333298 209.777802 -0.248071 0.092084 3.000000
0.047580 200.000000 216.888901 -0.465008 0.247268 3.000000
0.029760 195.555603 220.444397 -0.155096 0.123118 3.000000
0.045035 186.666702 228.444397 -0.310054 0.278306 3.000000
0.050126 176.000000 238.222198 -0.372037 0.340381 3.000000
0.039943 174.222198 240.000000 -0.062125 0.061047 3.000000
0.045035 176.000000 240.000000 0.061841 -0.001029 3.000000
0.047580 184.888901 235.555603 0.309769 -0.156213 3.000000
0.047580 204.444397 220.444397 0.681660 -0.528664 3.000000
0.050126 216.888901 207.111099 0.433735 -0.466585 3.000000
0.037397 225.777802 192.000000 0.309769 -0.528660 3.000000
0.055218 231.111099 169.777802 0.185803 -0.776957 3.000000
0.032306 231.111099 163.555603 -0.000142 -0.218288 3.000000
0.052672 222.222198 151.111099 -0.310054 -0.435551 3.000000
0.052672 214.222198 145.777802 -0.279062 -0.187250 3.000000
0.042489 203.555603 144.888901 -0.372033 -0.032066 3.000000
0.057763 195.555603 153.777802 -0.279062 0.309344 3.000000
0.017032 192.888901 158.222198 -0.093117 0.154156 3.000000
0.078129 191.111099 176.000000 -0.062125 0.619716 3.000000
0.014486 191.111099 182.222198 -0.000142 0.216231 3.000000
0.055218 199.111099 195.555603 0.278778 0.464532 3.000000
0.042489 207.111099 199.111099 0.278778 0.123118 3.000000
0.047580 215.111099 200.000000 0.278778 0.030009 3.000000
0.050126 222.222198 197.333298 0.247786 -0.094141 3.000000
0.042489 229.333298 189.333298 0.247786 -0.280363 3.000000
0.045035 232.888901 182.222198 0.123824 -0.249326 3.000000
0.045035 234.666702 173.333298 0.061841 -0.311401 3.000000
0.045035 235.555603 166.222198 0.030849 -0.249326 3.000000
0.047580 235.555603 161.777802 -0.000142 -0.156213 3.000000
0.045035 233.777802 159.111099 -0.062125 -0.094141 3.000000
0.032306 229.333298 158.222198 -0.155100 -0.032066 3.000000
0.045035 223.111099 158.222198 -0.217079 -0.001029 3.000000
0.047580 216.000000 160.888901 -0.248071 0.092084 3.000000
0.047580 209.777802 162.666702 -0.217079 0.061047 3.000000
0.042489 203.555603 164.444397 -0.217079 0.061043 3.000000
0.045035 200.888901 165.333298 -0.093117 0.030009 3.000000
0.042489 199.111099 167.111099 -0.062125 0.061047 3.000000
0.045035 197.333298 168.888901 -0.062125 0.061047 3.000000
0.050126 193.777802 171.555603 -0.124105 0.092084 3.000000
0.045035 193.777802 171.555603 -0.000142 -0.001029 3.000000
0.034852 193.777802 171.555603 -0.000142 -0.001029 3.000000
0.047580 193.777802 171.555603 -0.000142 -0.001029 3.000000
0.055218 193.777802 171.555603 -0.000142 -0.001029 3.000000
0.047580 192.888901 171.555603 -0.031134 -0.001029 3.000000
0.029760 191.111099 171.555603 -0.062125 -0.001029 3.000000
0.070492 189.333298 171.555603 -0.062125 -0.001029 3.000000
0.029760 188.444397 171.555603 -0.031134 -0.001029 3.000000
0.050126 185.777802 166.222198 -0.093113 -0.187254 3.000000
0.039943 183.111099 161.777802 -0.093117 -0.156213 3.000000
0.039943 179.555603 157.333298 -0.124105 -0.156217 3.000000
0.042489 176.888901 154.666702 -0.093117 -0.094138 3.000000
0.045035 176.000000 152.888901 -0.031134 -0.063104 3.000000
0.073038 167.111099 150.222198 -0.310054 -0.094141 3.000000
0.027215 162.666702 150.222198 -0.155096 -0.001029 3.000000
0.039943 150.222198 150.222198 -0.434020 -0.001029 3.000000
0.037397 138.666702 147.555603 -0.403025 -0.094138 3.000000
0.075583 125.333298 142.222198 -0.465011 -0.187254 3.000000
0.024669 119.111099 136.888901 -0.217079 -0.187250 3.000000
0.034852 113.777802 130.666702 -0.186088 -0.218288 3.000000
0.057763 106.666702 123.555603 -0.248071 -0.249326 3.000000
0.062855 90.666656 112.888901 -0.557984 -0.373476 3.000000
0.004303 85.333344 110.222198 -0.186088 -0.094141 3.000000
0.001757 80.000000 109.333298 -0.186089 -0.032066 3.000000
0.042489 72.000000 109.333298 -0.279062 -0.001029 3.000000
0.073038 68.444443 118.222198 -0.124107 0.309344 3.000000
0.001757 69.333344 123.555603 0.030849 0.185197 0.000000
0.006849 69.333344 123.555603 -0.000142 -0.001029 0.000000
0.017032 78.222221 137.777802 0.309769 0.495565 0.000000
0.004303 83.555557 145.777802 0.185805 0.278306 0.000000
0.039943 96.000000 160.000000 0.433733 0.495565 1.000000
0.037397 108.444397 172.444397 0.433732 0.433490 1.000000
0.014486 116.444397 177.777802 0.278778 0.185197 2.000000
0.001757 116.444397 177.777802 -0.000142 -0.001029 2.000000
0.006849 131.555603 186.666702 0.526710 0.309344 2.000000
0.014486 139.555603 190.222198 0.278778 0.123118 2.000000
0.001757 139.555603 190.222198 -0.000142 -0.001029 2.000000
0.019577 152.000000 193.777802 0.433732 0.123122 2.000000
0.006849 152.000000 193.777802 -0.000142 -0.001029 2.000000
0.022123 161.777802 193.777802 0.340761 -0.001029 2.000000
0.006849 166.222198 192.000000 0.154812 -0.063104 2.000000
0.014486 171.555603 189.333298 0.185807 -0.094141 2.000000
0.001757 176.888901 186.666702 0.185803 -0.094138 2.000000
0.017032 183.111099 183.111099 0.216795 -0.125179 2.000000
0.001757 189.333298 178.666702 0.216795 -0.156213 2.000000
0.009394 197.333298 174.222198 0.278778 -0.156217 0.000000
0.014486 205.333298 168.888901 0.278778 -0.187250 0.000000
0.004303 215.111099 162.666702 0.340761 -0.218288 0.000000
0.017032 224.888901 155.555603 0.340761 -0.249326 0.000000
0.006849 234.666702 146.666702 0.340761 -0.311401 0.000000
0.073038 265.777802 119.111099 1.084546 -0.963183 0.000000
0.024669 285.333313 102.222198 0.681661 -0.590735 0.000000
0.034852 296.888885 94.222221 0.402743 -0.280362 0.000000
0.067946 352.000000 67.555557 1.921307 -0.932144 2.000000
0.022123 366.222198 62.222221 0.495715 -0.187252 2.000000
0.052672 389.333313 52.444439 0.805627 -0.342438 2.000000
0.011940 399.111115 47.111111 0.340761 -0.187251 2.000000
0.001757 407.111115 41.777779 0.278778 -0.187252 2.000000
0.055218 422.222198 26.666670 0.526706 -0.528660 2.000000
0.067946 429.333313 16.000000 0.247787 -0.373475 1.000000
0.024669 431.111115 13.333330 0.061841 -0.094140 1.000000
0.009394 432.888885 11.555560 0.061840 -0.063103 0.000000
0.014486 433.777802 10.666670 0.030850 -0.032066 0.000000
0.042489 434.666687 8.888889 0.030849 -0.063103 0.000000
0.045035 434.666687 8.000000 -0.000142 -0.032066 0.000000
0.047580 434.666687 7.111111 -0.000142 -0.032066 0.000000
0.047580 434.666687 7.111111 -0.000142 -0.001029 0.000000
0.045035 435.555511 7.111111 0.030847 -0.001029 0.000000
0.057763 438.222198 8.888889 0.092832 0.061046 2.000000
0.019577 438.222198 8.888889 -0.000142 -0.001029 2.000000
0.075583 438.222198 16.000000 -0.000142 0.247269 3.000000
0.047580 436.444489 18.666670 -0.062122 0.092083 3.000000
0.011940 435.555511 20.444441 -0.031136 0.061046 3.000000
0.045035 433.777802 22.222219 -0.062122 0.061046 3.000000
0.047580 431.111115 24.888889 -0.093116 0.092083 3.000000
0.042489 429.333313 26.666670 -0.062125 0.061046 3.000000
0.078129 426.666687 29.333330 -0.093114 0.092083 3.000000
0.017032 425.777802 30.222219 -0.031133 0.030009 3.000000
0.047580 422.222198 35.555561 -0.124108 0.185195 3.000000
0.045035 419.555511 40.888889 -0.093116 0.185194 3.000000
0.050126 416.888885 45.333328 -0.093114 0.154157 3.000000
0.047580 415.111115 52.444439 -0.062124 0.247269 3.000000
0.052672 414.222198 58.666672 -0.031134 0.216232 3.000000
0.032306 412.444489 66.666656 -0.062122 0.278306 3.000000
0.042489 409.777802 74.666656 -0.093116 0.278306 3.000000
0.050126 408.000000 82.666656 -0.062125 0.278306 3.000000
0.060309 407.111115 93.333344 -0.031133 0.371418 3.000000
0.045035 407.111115 105.777802 -0.000142 0.433492 3.000000
0.042489 407.111115 115.555603 -0.000142 0.340381 3.000000
0.047580 407.111115 127.111099 -0.000142 0.402453 3.000000
0.047580 408.888885 139.555603 0.061840 0.433494 3.000000
0.039943 410.666687 151.111099 0.061841 0.402453 3.000000
0.032306 413.333313 158.222198 0.092830 0.247268 3.000000
0.057763 417.777802 164.444397 0.154815 0.216231 3.000000
0.047580 420.444489 169.777802 0.092832 0.185197 3.000000
0.045035 422.222198 177.777802 0.061838 0.278306 3.000000
0.042489 424.000000 185.777802 0.061841 0.278306 3.000000
0.045035 426.666687 194.666702 0.092832 0.309344 3.000000
0.029760 427.555511 196.444397 0.030847 0.061043 3.000000
0.042489 429.333313 197.333298 0.061841 0.030009 3.000000
0.050126 431.111115 197.333298 0.061841 -0.001029 3.000000
0.039943 431.111115 197.333298 -0.000142 -0.001029 3.000000
0.042489 431.111115 197.333298 -0.000142 -0.001029 3.000000
0.045035 431.111115 197.333298 -0.000142 -0.001029 3.000000
0.045035 432.000000 194.666702 0.030849 -0.094138 3.000000
0.050126 433.777802 185.777802 0.061841 -0.311401 3.000000
0.039943 433.777802 179.555603 -0.000142 -0.218288 3.000000
0.052672 432.888885 173.333298 -0.031134 -0.218292 3.000000
0.060309 427.555511 166.222198 -0.186090 -0.249326 3.000000
0.045035 424.000000 163.555603 -0.124105 -0.094138 3.000000
0.045035 420.444489 159.111099 -0.124105 -0.156217 3.000000
0.042489 416.888885 155.555603 -0.124108 -0.125175 3.000000
0.045035 411.555511 152.888901 -0.186090 -0.094141 3.000000
0.045035 403.555511 151.111099 -0.279062 -0.063104 3.000000
0.045035 394.666687 151.111099 -0.310051 -0.001029 3.000000
0.029760 386.666687 150.222198 -0.279062 -0.032066 3.000000
0.045035 380.444489 150.222198 -0.217079 -0.001029 3.000000
0.062855 372.444489 148.444397 -0.279062 -0.063104 3.000000
0.017032 369.777802 148.444397 -0.093116 -0.001029 3.000000
0.050126 360.000000 150.222198 -0.341045 0.061047 3.000000
0.042489 355.555511 152.000000 -0.155099 0.061047 3.000000
0.042489 354.666687 152.888901 -0.031131 0.030009 3.000000
0.070492 354.666687 152.888901 -0.000142 -0.001029 3.000000
0.045035 354.666687 152.888901 -0.000142 -0.001029 3.000000
0.047580 354.666687 152.888901 -0.000142 -0.001029 3.000000
0.022123 354.666687 152.888901 -0.000142 -0.001029 3.000000
0.067946 354.666687 152.888901 -0.000142 -0.001029 3.000000
0.039943 354.666687 152.888901 -0.000142 -0.001029 3.000000
0.024669 354.666687 152.888901 -0.000142 -0.001029 3.000000
0.067946 354.666687 152.888901 -0.000142 -0.001029 3.000000
0.022123 353.777802 152.888901 -0.031133 -0.001029 3.000000
0.070492 351.111115 152.888901 -0.093116 -0.001029 3.000000
0.039943 349.333313 152.888901 -0.062125 -0.001029 3.000000
0.024669 349.333313 152.888901 -0.000142 -0.001029 3.000000
0.065400 351.111115 151.111099 0.061841 -0.063104 3.000000
0.050126 352.888885 149.333298 0.061840 -0.063104 3.000000
0.022123 353.777802 149.333298 0.030850 -0.001029 3.000000
0.067946 351.111115 149.333298 -0.093116 -0.001029 3.000000
0.022123 348.444489 148.444397 -0.093114 -0.032066 3.000000
0.042489 344.000000 146.666702 -0.155099 -0.063100 3.000000
0.065400 335.111115 142.222198 -0.310053 -0.156217 3.000000
0.022123 332.444489 141.333298 -0.093114 -0.032066 3.000000
0.067946 319.111115 139.555603 -0.465010 -0.063100 3.000000
0.055218 315.555511 139.555603 -0.124108 -0.001029 3.000000
0.019577 315.555511 139.555603 -0.000142 -0.001029 3.000000
0.070492 316.444489 136.888901 0.030852 -0.094141 3.000000
0.052672 317.333313 133.333298 0.030847 -0.125179 3.000000
0.004303 316.444489 132.444397 -0.031131 -0.032066 3.000000
0.019577 314.666687 131.555603 -0.062125 -0.032062 3.000000
0.006849 311.111115 131.555603 -0.124107 -0.001029 3.000000
0.017032 307.555511 132.444397 -0.124108 0.030005 0.000000
0.004303 303.111115 134.222198 -0.155096 0.061047 0.000000
0.019577 298.666687 138.666702 -0.155097 0.154159 0.000000
0.004303 295.111115 144.888901 -0.124107 0.216231 0.000000
0.024669 289.777802 164.444397 -0.186088 0.681787 0.000000
0.004303 288.000000 176.888901 -0.062125 0.433494 0.000000
0.022123 286.222198 191.111099 -0.062125 0.495565 0.000000
0.004303 286.222198 204.444397 -0.000142 0.464528 0.000000
0.022123 285.333313 216.888901 -0.031133 0.433494 0.000000
0.004303 285.333313 227.555603 -0.000142 0.371419 0.000000
0.019577 285.333313 236.444397 -0.000142 0.309340 0.000000
0.004303 286.222198 242.666702 0.030849 0.216235 1.000000
0.019577 288.888885 248.000000 0.092832 0.185193 1.000000
0.039943 294.222198 242.666702 0.185804 -0.187250 2.000000
0.050126 305.777802 219.555603 0.402744 -0.807995 2.000000
0.045035 324.444489 181.333298 0.650672 -1.335630 2.000000
0.039943 345.777802 134.222198 0.743644 -1.645999 2.000000
0.022123 356.444489 109.333298 0.371752 -0.870070 2.000000
0.039943 378.666687 56.000000 0.774635 -1.863258 0.000000
0.014486 383.111115 45.333328 0.154813 -0.373475 0.000000
0.004303 383.111115 45.333328 -0.000142 -0.001029 0.000000
0.014486 384.888885 33.777779 0.061840 -0.404512 0.000000
0.027215 384.888885 31.111111 -0.000142 -0.094140 0.000000
0.067946 381.333313 28.444441 -0.124107 -0.094140 0.000000
0.022123 379.555511 32.000000 -0.062125 0.123120 0.000000
0.065400 383.111115 58.666672 0.123824 0.930087 0.000000
0.004303 385.777802 72.888893 0.092832 0.495566 1.000000
0.004303 385.777802 72.888893 -0.000142 -0.001029 1.000000
0.032306 390.222198 105.777802 0.154812 1.147348 2.000000
0.017032 392.000000 123.555603 0.061841 0.619716 2.000000
-0.000788 395.555511 141.333298 0.123821 0.619712 2.000000
-0.000788 395.555511 141.333298 -0.000142 -0.001029 2.000000
0.011940 403.555511 176.000000 0.278778 1.209423 2.000000
-0.000788 403.555511 176.000000 -0.000142 -0.001029 2.000000
0.014486 413.333313 205.333298 0.340761 1.023197 2.000000
-0.000788 413.333313 205.333298 -0.000142 -0.001029 2.000000
0.001757 416.888885 218.666702 0.123823 0.464532 2.000000
0.011940 418.666687 232.888901 0.061841 0.495565 2.000000
-0.000788 418.666687 232.888901 -0.000142 -0.001029 2.000000
0.001757 420.444489 246.222198 0.061841 0.464528 2.000000
0.017032 420.444489 259.555511 -0.000142 0.464528 1.000000
0.004303 420.444489 271.111115 -0.000142 0.402456 1.000000
0.011940 420.444489 280.888885 -0.000142 0.340380 1.000000
-0.000788 419.555511 288.888885 -0.031136 0.278306 1.000000
-0.000788 419.555511 288.888885 -0.000142 -0.001029 1.000000
0.014486 419.555511 300.444489 -0.000142 0.402456 0.000000
-0.000788 419.555511 300.444489 -0.000142 -0.001029 0.000000
0.001757 419.555511 304.888885 -0.000142 0.154156 0.000000
0.014486 419.555511 308.444489 -0.000142 0.123122 0.000000
0.032306 419.555511 312.000000 -0.000142 0.123119 0.000000
0.022123 421.333313 312.888885 0.061841 0.030009 0.000000
0.065400 424.888885 314.666687 0.123823 0.061047 0.000000
0.047580 425.777802 315.555511 0.030850 0.030006 0.000000
0.019577 425.777802 315.555511 -0.000142 -0.001029 0.000000
0.047580 425.777802 315.555511 -0.000142 -0.001029 0.000000
0.067946 425.777802 315.555511 -0.000142 -0.001029 0.000000
0.022123 425.777802 315.555511 -0.000142 -0.001029 3.000000
0.042489 425.777802 315.555511 -0.000142 -0.001029 3.000000
0.062855 425.777802 315.555511 -0.000142 -0.001029 3.000000
0.050126 425.777802 315.555511 -0.000142 -0.001029 3.000000
0.047580 425.777802 312.888885 -0.000142 -0.094139 3.000000
0.045035 424.000000 304.888885 -0.062125 -0.280363 3.000000
0.042489 423.111115 299.555511 -0.031133 -0.187253 3.000000
0.047580 422.222198 296.000000 -0.031134 -0.125176 3.000000
0.045035 419.555511 291.555511 -0.093116 -0.156216 3.000000
0.047580 416.000000 286.222198 -0.124105 -0.187251 3.000000
0.042489 405.333313 277.333313 -0.372036 -0.311400 3.000000
0.042489 398.222198 270.222198 -0.248071 -0.249326 3.000000
0.045035 392.000000 264.888885 -0.217079 -0.187251 3.000000
0.050126 387.555511 259.555511 -0.155099 -0.187253 3.000000
0.047580 376.888885 250.666702 -0.372034 -0.311398 3.000000
0.014486 371.555511 248.000000 -0.186090 -0.094141 3.000000
0.057763 353.777802 240.000000 -0.619962 -0.280363 3.000000
0.034852 346.666687 238.222198 -0.248071 -0.063104 3.000000
0.067946 328.000000 232.888901 -0.650956 -0.187250 3.000000
0.042489 316.444489 226.666702 -0.403025 -0.218288 3.000000
0.042489 310.222198 222.222198 -0.217082 -0.156217 3.000000
0.045035 303.111115 218.666702 -0.248070 -0.125175 3.000000
0.047580 289.777802 214.222198 -0.465008 -0.156217 3.000000
0.050126 280.888885 211.555603 -0.310054 -0.094138 3.000000
0.045035 274.666687 208.888901 -0.217079 -0.094141 3.000000
0.042489 269.333313 207.111099 -0.186090 -0.063104 3.000000
0.045035 267.555511 205.333298 -0.062125 -0.063104 3.000000
0.047580 267.555511 204.444397 -0.000142 -0.032066 3.000000
0.045035 266.666687 202.666702 -0.031131 -0.063100 3.000000
0.045035 263.111115 200.888901 -0.124107 -0.063104 3.000000
0.045035 257.777802 200.000000 -0.186088 -0.032066 3.000000
0.047580 248.000000 198.222198 -0.341045 -0.063104 3.000000
0.017032 246.222198 198.222198 -0.062125 -0.001029 3.000000
0.047580 242.666702 196.444397 -0.124105 -0.063104 3.000000
0.070492 240.888901 195.555603 -0.062125 -0.032062 3.000000
0.014486 240.888901 194.666702 -0.000142 -0.032066 3.000000
0.070492 240.000000 193.777802 -0.031134 -0.032066 3.000000
0.047580 236.444397 191.111099 -0.124108 -0.094141 3.000000
0.045035 232.000000 190.222198 -0.155096 -0.032066 3.000000
0.045035 229.333298 189.333298 -0.093117 -0.032066 3.000000
0.050126 223.111099 188.444397 -0.217079 -0.032066 3.000000
0.032306 221.333298 188.444397 -0.062125 -0.001029 3.000000
0.050126 211.555603 188.444397 -0.341041 -0.001029 3.000000
0.042489 204.444397 188.444397 -0.248074 -0.001029 3.000000
0.039943 197.333298 188.444397 -0.248071 -0.001029 3.000000
0.045035 193.777802 188.444397 -0.124105 -0.001029 3.000000
0.055218 192.000000 187.555603 -0.062125 -0.032062 3.000000
0.019577 191.111099 186.666702 -0.031134 -0.032066 3.000000
0.070492 191.111099 186.666702 -0.000142 -0.001029 3.000000
0.039943 191.111099 186.666702 -0.000142 -0.001029 3.000000
0.047580 191.111099 185.777802 -0.000142 -0.032066 3.000000
0.050126 190.222198 184.888901 -0.031134 -0.032066 3.000000
0.017032 190.222198 184.888901 -0.000142 -0.001029 3.000000
0.047580 190.222198 182.222198 -0.000142 -0.094141 3.000000
0.057763 190.222198 179.555603 -0.000142 -0.094138 3.000000
0.050126 191.111099 178.666702 0.030849 -0.032066 3.000000
0.052672 191.111099 177.777802 -0.000142 -0.032066 3.000000
0.017032 191.111099 177.777802 -0.000142 -0.001029 3.000000
0.045035 191.111099 177.777802 -0.000142 -0.001029 3.000000
0.057763 192.888901 175.111099 0.061841 -0.094141 3.000000
0.050126 193.777802 173.333298 0.030849 -0.063104 3.000000
0.052672 193.777802 173.333298 -0.000142 -0.001029 3.000000
0.032306 193.777802 173.333298 -0.000142 -0.001029 3.000000
0.050126 194.666702 173.333298 0.030849 -0.001029 3.000000
0.050126 194.666702 173.333298 -0.000142 -0.001029 3.000000
0.032306 194.666702 173.333298 -0.000142 -0.001029 3.000000
0.050126 194.666702 173.333298 -0.000142 -0.001029 3.000000
0.052672 194.666702 173.333298 -0.000142 -0.001029 3.000000
0.032306 194.666702 173.333298 -0.000142 -0.001029 3.000000
0.050126 194.666702 173.333298 -0.000142 -0.001029 3.000000
0.050126 194.666702 173.333298 -0.000142 -0.001029 3.000000
0.037397 192.888901 174.222198 -0.062125 0.030009 3.000000
0.055218 189.333298 176.888901 -0.124108 0.092084 3.000000
0.034852 187.555603 179.555603 -0.062121 0.092084 3.000000
0.052672 186.666702 184.000000 -0.031134 0.154156 3.000000
0.050126 186.666702 188.444397 -0.000142 0.154156 3.000000
0.011940 186.666702 191.111099 -0.000142 0.092084 3.000000
0.027215 186.666702 197.333298 -0.000142 0.216231 3.000000
0.006849 187.555603 200.000000 0.030849 0.092084 3.000000
0.067946 192.888901 208.000000 0.185803 0.278306 3.000000
0.052672 201.777802 211.555603 0.309769 0.123122 0.000000
0.057763 230.222198 212.444397 0.991572 0.030005 1.000000
0.006849 242.666702 212.444397 0.433735 -0.001029 1.000000
0.060309 281.777802 207.111099 1.363466 -0.187250 1.000000
0.045035 305.777802 205.333298 0.836618 -0.063104 2.000000
0.006849 316.444489 204.444397 0.371752 -0.032066 2.000000
0.006849 325.333313 203.555603 0.309767 -0.032062 2.000000
0.073038 344.888885 201.777802 0.681663 -0.063104 2.000000
0.034852 351.111115 200.888901 0.216796 -0.032066 2.000000
0.006849 352.000000 200.888901 0.030849 -0.001029 3.000000
0.022123 352.000000 200.888901 -0.000142 -0.001029 3.000000
0.042489 346.666687 200.888901 -0.186088 -0.001029 3.000000
0.045035 331.555511 201.777802 -0.526993 0.030009 3.000000
0.004303 321.777802 202.666702 -0.341042 0.030009 0.000000
0.022123 311.111115 204.444397 -0.372036 0.061043 0.000000
0.039943 278.222198 208.000000 -1.146814 0.123122 0.000000
0.019577 266.666687 208.888901 -0.403025 0.030009 0.000000
0.083221 212.444397 215.111099 -1.890602 0.216231 0.000000
0.004303 212.444397 215.111099 -0.000142 -0.001029 0.000000
0.019577 184.888901 218.666702 -0.960864 0.123122 2.000000
0.045035 163.555603 222.222198 -0.743928 0.123118 2.000000
0.039943 152.000000 225.777802 -0.403028 0.123122 2.000000
0.045035 150.222198 226.666702 -0.062125 0.030009 2.000000
0.045035 158.222198 224.888901 0.278778 -0.063104 2.000000
0.045035 190.222198 213.333298 1.115538 -0.404514 3.000000
0.045035 218.666702 205.333298 0.991575 -0.280363 0.000000
0.004303 218.666702 205.333298 -0.000142 -0.001029 0.000000
-0.000788 234.666702 203.555603 0.557698 -0.063100 0.000000
0.039943 264.888885 201.777802 1.053554 -0.063104 0.000000
0.073038 312.888885 205.333298 1.673378 0.123118 0.000000
0.032306 322.666687 206.222198 0.340761 0.030009 0.000000
0.045035 340.444489 207.111099 0.619681 0.030009 0.000000
0.014486 343.111115 207.111099 0.092830 -0.001029 1.000000
-0.000788 343.111115 207.111099 -0.000142 -0.001029 1.000000
0.011940 344.888885 207.111099 0.061840 -0.001029 2.000000
0.029760 344.888885 207.111099 -0.000142 -0.001029 2.000000
0.042489 344.888885 207.111099 -0.000142 -0.001029 2.000000
0.045035 344.888885 207.111099 -0.000142 -0.001029 2.000000
0.047580 344.888885 207.111099 -0.000142 -0.001029 2.000000
0.039943 344.888885 207.111099 -0.000142 -0.001029 2.000000
-0.005880 344.888885 207.111099 -0.000142 -0.001029 1.000000
0.032306 344.000000 207.111099 -0.031133 -0.001029 1.000000
0.042489 342.222198 206.222198 -0.062125 -0.032066 1.000000
-0.000788 341.333313 206.222198 -0.031133 -0.001029 0.000000
0.034852 336.888885 205.333298 -0.155097 -0.032066 0.000000
0.014486 335.111115 205.333298 -0.062124 -0.001029 3.000000
0.011940 332.444489 205.333298 -0.093114 -0.001029 3.000000
0.037397 327.111115 205.333298 -0.186090 -0.001029 3.000000
0.052672 320.000000 204.444397 -0.248071 -0.032066 3.000000
0.042489 310.222198 201.777802 -0.341045 -0.094138 3.000000
0.057763 294.222198 195.555603 -0.557982 -0.218288 3.000000
0.039943 285.333313 190.222198 -0.310053 -0.187254 3.000000
0.050126 272.888885 182.222198 -0.434017 -0.280363 3.000000
0.042489 262.222198 179.555603 -0.372036 -0.094138 3.000000
0.042489 248.888901 179.555603 -0.465008 -0.001029 3.000000
0.047580 236.444397 179.555603 -0.434020 -0.001029 3.000000
0.039943 224.888901 181.333298 -0.403025 0.061043 3.000000
0.042489 216.000000 182.222198 -0.310054 0.030009 3.000000
0.039943 208.000000 183.111099 -0.279062 0.030009 3.000000
0.057763 196.444397 183.111099 -0.403028 -0.001029 3.000000
0.045035 190.222198 183.111099 -0.217079 -0.001029 3.000000
0.042489 187.555603 183.111099 -0.093113 -0.001029 3.000000
0.039943 186.666702 183.111099 -0.031134 -0.001029 3.000000
0.042489 186.666702 183.111099 -0.000142 -0.001029 3.000000
0.045035 186.666702 183.111099 -0.000142 -0.001029 3.000000
0.039943 186.666702 183.111099 -0.000142 -0.001029 3.000000
0.055218 186.666702 183.111099 -0.000142 -0.001029 3.000000
0.050126 186.666702 183.111099 -0.000142 -0.001029 3.000000
0.029760 186.666702 182.222198 -0.000142 -0.032066 3.000000
0.050126 187.555603 175.111099 0.030849 -0.249326 3.000000
0.045035 188.444397 168.000000 0.030846 -0.249326 3.000000
0.039943 189.333298 158.222198 0.030849 -0.342438 3.000000
0.047580 190.222198 135.111099 0.030849 -0.807995 0.000000
0.045035 189.333298 113.777802 -0.031134 -0.745920 0.000000
0.047580 184.000000 91.555557 -0.186088 -0.776959 0.000000
0.017032 179.555603 80.000000 -0.155096 -0.404512 1.000000
0.011940 175.111099 68.444443 -0.155100 -0.404512 1.000000
-0.000788 168.888901 56.888889 -0.217079 -0.404512 2.000000
0.024669 162.666702 46.222221 -0.217079 -0.373475 2.000000
0.045035 133.333298 29.333330 -1.022851 -0.590735 2.000000
-0.003334 133.333298 29.333330 -0.000142 -0.001029 2.000000
0.029760 101.333298 36.444439 -1.115822 0.247269 2.000000
0.047580 70.222221 61.333328 -1.084830 0.868012 2.000000
0.047580 49.777779 97.777779 -0.712938 1.271496 2.000000
0.042489 52.444439 158.222198 0.092831 2.109499 2.000000
0.019577 64.888893 172.444397 0.433734 0.495565 0.000000
0.014486 80.888893 182.222198 0.557698 0.340381 0.000000
0.029760 121.777802 185.777802 1.425450 0.123122 0.000000
-0.000788 121.777802 185.777802 -0.000142 -0.001029 0.000000
0.032306 168.888901 174.222198 1.642386 -0.404514 0.000000
0.047580 208.000000 160.888901 1.363466 -0.466585 0.000000
0.047580 235.555603 156.444397 0.960584 -0.156217 0.000000
0.060309 239.111099 156.444397 0.123820 -0.001029 2.000000
0.039943 240.888901 152.000000 0.061841 -0.156213 2.000000
0.039943 248.000000 135.111099 0.247786 -0.590735 2.000000
0.037397 256.888885 105.777802 0.309769 -1.025254 2.000000
0.039943 261.333313 73.777779 0.154813 -1.118368 2.000000
0.060309 256.000000 46.222221 -0.186088 -0.963181 2.000000
0.045035 236.444397 31.111111 -0.681948 -0.528661 2.000000
0.006849 202.666702 28.444441 -1.177801 -0.094140 0.000000
0.019577 182.222198 33.777779 -0.712940 0.185195 0.000000
0.034852 137.777802 51.555561 -1.549696 0.619715 0.000000
0.039943 97.777779 74.666656 -1.394743 0.805937 0.000000
0.055218 72.000000 97.777779 -0.898884 0.805938 0.000000
0.004303 64.888893 109.333298 -0.248071 0.402453 0.000000
0.017032 60.444439 120.888901 -0.155098 0.402456 0.000000
0.052672 64.888893 158.222198 0.154814 1.302532 3.000000
0.037397 80.888893 177.777802 0.557698 0.681791 2.000000
0.052672 103.111099 188.444397 0.774635 0.371415 2.000000
0.037397 130.666702 187.555603 0.960584 -0.032062 2.000000
0.057763 177.777802 165.333298 1.642386 -0.776961 2.000000
0.032306 209.777802 141.333298 1.115538 -0.839032 2.000000
-0.000788 209.777802 141.333298 -0.000142 -0.001029 2.000000
0.032306 232.888901 118.222198 0.805626 -0.807995 2.000000
0.006849 240.000000 110.222198 0.247786 -0.280363 0.000000
0.014486 243.555603 104.888901 0.123824 -0.187250 0.000000
0.055218 243.555603 100.444397 -0.000142 -0.156217 0.000000
0.037397 238.222198 100.444397 -0.186091 -0.001029 0.000000
0.032306 219.555603 100.444397 -0.650953 -0.001029 0.000000
0.024669 193.777802 103.111099 -0.898885 0.092084 0.000000
0.014486 178.666702 104.000000 -0.526991 0.030009 0.000000
0.001757 162.666702 104.888901 -0.557982 0.030009 0.000000
0.017032 146.666702 105.777802 -0.557982 0.030009 2.000000
0.006849 129.777802 108.444397 -0.588974 0.092080 2.000000
0.017032 113.777802 112.000000 -0.557982 0.123122 2.000000
0.004303 97.777779 118.222198 -0.557983 0.216231 2.000000
0.004303 82.666656 126.222198 -0.526991 0.278306 2.000000
0.017032 67.555557 136.000000 -0.526991 0.340381 2.000000
0.001757 52.444439 146.666702 -0.526991 0.371419 2.000000
0.014486 40.000000 157.333298 -0.434018 0.371415 2.000000
0.004303 29.333330 168.000000 -0.372036 0.371419 2.000000
0.014486 21.333330 177.777802 -0.279062 0.340381 2.000000
0.004303 16.000000 186.666702 -0.186089 0.309344 2.000000
0.004303 16.000000 186.666702 -0.000142 -0.001029 2.000000
0.017032 11.555560 204.444397 -0.155098 0.619712 3.000000
0.004303 11.555560 204.444397 -0.000142 -0.001029 3.000000
0.019577 11.555560 221.333298 -0.000142 0.588678 0.000000
0.006849 13.333330 231.111099 0.061840 0.340381 0.000000
0.014486 14.222220 241.777802 0.030849 0.371419 0.000000
0.001757 14.222220 241.777802 -0.000142 -0.001029 0.000000
0.011940 17.777781 262.222198 0.123822 0.712825 0.000000
0.001757 17.777781 262.222198 -0.000142 -0.001029 0.000000
0.006849 19.555559 271.111115 0.061840 0.309344 0.000000
0.014486 21.333330 280.000000 0.061840 0.309343 0.000000
0.042489 27.555559 295.111115 0.216796 0.526604 0.000000
0.042489 34.666672 298.666687 0.247787 0.123121 2.000000
0.042489 44.444439 300.444489 0.340760 0.061047 2.000000
0.057763 55.111111 300.444489 0.371751 -0.001029 2.000000
0.039943 73.777779 296.888885 0.650671 -0.125179 2.000000
0.037397 88.000000 288.888885 0.495716 -0.280363 2.000000
0.009394 88.000000 288.888885 -0.000142 -0.001029 2.000000
0.017032 107.555603 277.333313 0.681664 -0.404512 2.000000
0.062855 142.222198 258.666687 1.208509 -0.652808 1.000000
0.006849 142.222198 258.666687 -0.000142 -0.001029 0.000000
0.014486 164.444397 248.888901 0.774635 -0.342438 0.000000
0.039943 185.777802 240.000000 0.743647 -0.311401 0.000000
0.037397 207.111099 230.222198 0.743643 -0.342438 0.000000
0.055218 224.888901 220.444397 0.619681 -0.342438 0.000000
0.029760 237.333298 216.000000 0.433732 -0.156213 0.000000
0.001757 241.777802 216.000000 0.154815 -0.001029 0.000000
0.029760 244.444397 216.000000 0.092829 -0.001029 0.000000
0.050126 246.222198 234.666702 0.061841 0.650753 0.000000
0.006849 246.222198 244.444397 -0.000142 0.340378 1.000000
0.014486 246.222198 254.222198 -0.000142 0.340381 1.000000
0.004303 246.222198 254.222198 -0.000142 -0.001029 2.000000
0.019577 251.555603 272.888885 0.185807 0.650753 2.000000
