0.045035 233.777802 261.333313 1.301487 -0.342438 0.000000
0.039943 271.111115 258.666687 1.301484 -0.094139 0.000000
0.042489 305.777802 260.444489 1.208512 0.061047 0.000000
0.045035 344.888885 272.000000 1.363466 0.402453 0.000000
0.037397 352.888885 276.444489 0.278778 0.154159 0.000000
0.001757 359.111115 280.888885 0.216796 0.154156 0.000000
0.034852 365.333313 288.888885 0.216795 0.278306 0.000000
0.034852 364.444489 294.222198 -0.031131 0.185194 0.000000
0.055218 341.333313 297.777802 -0.805913 0.123122 0.000000
0.052672 314.666687 295.111115 -0.929874 -0.094141 0.000000
0.032306 284.444489 285.333313 -1.053839 -0.342438 2.000000
0.047580 253.333298 270.222198 -1.084834 -0.528661 2.000000
0.050126 221.333298 250.666702 -1.115822 -0.683844 2.000000
0.032306 187.555603 228.444397 -1.177801 -0.776961 2.000000
-0.000788 169.777802 218.666702 -0.619965 -0.342435 2.000000
0.034852 132.444397 205.333298 -1.301771 -0.466589 2.000000
0.045035 100.444397 200.888901 -1.115822 -0.156213 2.000000
0.050126 70.222221 203.555603 -1.053838 0.092084 2.000000
0.034852 65.777779 206.222198 -0.155098 0.092080 0.000000
0.057763 65.777779 214.222198 -0.000142 0.278306 0.000000
-0.000788 65.777779 214.222198 -0.000142 -0.001029 0.000000
0.014486 77.333344 222.222198 0.402743 0.278306 0.000000
-0.000788 77.333344 222.222198 -0.000142 -0.001029 0.000000
-0.000788 87.111107 224.888901 0.340760 0.092084 0.000000
0.014486 98.666656 227.555603 0.402742 0.092084 0.000000
-0.000788 112.000000 230.222198 0.464725 0.092080 0.000000
0.014486 127.111099 232.888901 0.526706 0.092084 0.000000
0.001757 127.111099 232.888901 -0.000142 -0.001029 0.000000
0.004303 156.444397 239.111099 1.022563 0.216231 0.000000
0.014486 156.444397 239.111099 -0.000142 -0.001029 0.000000
0.001757 167.111099 241.777802 0.371752 0.092084 0.000000
0.017032 174.222198 244.444397 0.247786 0.092080 0.000000
0.001757 178.666702 246.222198 0.154815 0.061047 0.000000
0.019577 177.777802 251.555603 -0.031134 0.185197 0.000000
0.004303 177.777802 251.555603 -0.000142 -0.001029 1.000000
0.004303 172.444397 254.222198 -0.186091 0.092080 1.000000
0.022123 152.000000 261.333313 -0.712936 0.247269 2.000000
0.006849 152.000000 261.333313 -0.000142 -0.001029 2.000000
0.019577 122.666702 263.111115 -1.022848 0.061047 2.000000
0.006849 122.666702 263.111115 -0.000142 -0.001029 2.000000
0.017032 89.777779 262.222198 -1.146814 -0.032067 2.000000
0.006849 72.888893 260.444489 -0.588973 -0.063101 2.000000
0.022123 54.222221 257.777802 -0.650956 -0.094141 2.000000
0.006849 36.444439 256.000000 -0.619965 -0.063104 2.000000
0.019577 20.444441 255.111099 -0.557982 -0.032066 2.000000
0.004303 5.333333 255.111099 -0.526991 -0.001029 2.000000
0.019577 -14.222220 255.111099 -0.681947 -0.001029 2.000000
0.006849 -19.555559 256.000000 -0.186089 0.030009 2.000000
0.022123 -22.222219 256.000000 -0.093115 -0.001029 2.000000
0.006849 -22.222219 256.000000 -0.000142 -0.001029 0.000000
0.022123 -21.333330 256.000000 0.030849 -0.001029 0.000000
0.037397 -9.777778 249.777802 0.402742 -0.218288 0.000000
0.037397 13.333330 239.111099 0.805627 -0.373476 0.000000
0.055218 64.000000 223.111099 1.766351 -0.559698 0.000000
0.037397 104.000000 216.888901 1.394458 -0.218288 0.000000
0.039943 144.888901 213.333298 1.425449 -0.125179 0.000000
0.047580 180.444397 210.666702 1.239500 -0.094138 0.000000
0.045035 208.888901 207.111099 0.991575 -0.125179 0.000000
0.004303 222.222198 204.444397 0.464723 -0.094141 0.000000
0.022123 234.666702 202.666702 0.433735 -0.063100 0.000000
0.006849 258.666687 199.111099 0.836617 -0.125179 2.000000
0.022123 270.222198 198.222198 0.402741 -0.032066 2.000000
0.050126 289.777802 197.333298 0.681664 -0.032066 2.000000
0.045035 304.000000 197.333298 0.495715 -0.001029 2.000000
0.042489 309.333313 197.333298 0.185804 -0.001029 2.000000
0.039943 304.888885 196.444397 -0.155097 -0.032066 2.000000
0.039943 287.111115 188.444397 -0.619964 -0.280363 2.000000
0.004303 287.111115 188.444397 -0.000142 -0.001029 2.000000
0.017032 258.666687 176.000000 -0.991857 -0.435547 0.000000
0.004303 258.666687 176.000000 -0.000142 -0.001029 0.000000
0.004303 241.777802 167.111099 -0.588973 -0.311401 0.000000
0.014486 225.777802 158.222198 -0.557982 -0.311401 0.000000
0.001757 209.777802 147.555603 -0.557982 -0.373472 0.000000
0.014486 194.666702 136.000000 -0.526991 -0.404514 0.000000
0.004303 179.555603 124.444397 -0.526991 -0.404514 0.000000
0.014486 162.666702 113.777802 -0.588974 -0.373472 0.000000
0.001757 144.888901 104.888901 -0.619965 -0.311401 0.000000
0.004303 126.222198 97.777779 -0.650957 -0.249326 0.000000
0.022123 108.444397 92.444443 -0.619965 -0.187252 0.000000
0.009394 91.555557 88.888893 -0.588972 -0.125177 0.000000
0.022123 64.000000 85.333344 -0.960867 -0.125177 0.000000
0.004303 64.000000 85.333344 -0.000142 -0.001029 0.000000
0.022123 47.111111 85.333344 -0.588973 -0.001029 0.000000
0.042489 41.777779 86.222221 -0.186089 0.030008 0.000000
0.045035 48.888889 94.222221 0.247787 0.278306 0.000000
0.050126 88.888893 110.222198 1.394458 0.557640 2.000000
0.047580 129.777802 117.333298 1.425450 0.247268 2.000000
0.042489 176.888901 124.444397 1.642386 0.247268 2.000000
0.042489 222.222198 132.444397 1.580403 0.278306 2.000000
0.017032 243.555603 135.111099 0.743647 0.092084 2.000000
0.004303 263.111115 138.666702 0.681661 0.123122 2.000000
0.006849 280.888885 142.222198 0.619680 0.123118 2.000000
0.017032 297.777802 144.888901 0.588690 0.092084 2.000000
0.004303 314.666687 148.444397 0.588689 0.123118 2.000000
0.019577 329.777802 152.000000 0.526707 0.123122 2.000000
0.001757 343.111115 155.555603 0.464724 0.123122 2.000000
0.017032 362.666687 165.333298 0.681663 0.340378 3.000000
0.001757 362.666687 165.333298 -0.000142 -0.001029 3.000000
0.004303 368.888885 170.666702 0.216795 0.185197 0.000000
0.014486 372.444489 176.000000 0.123824 0.185193 0.000000
-0.000788 372.444489 176.000000 -0.000142 -0.001029 0.000000
0.022123 374.222198 187.555603 0.061838 0.402456 0.000000
0.004303 370.666687 192.000000 -0.124105 0.154156 0.000000
0.022123 364.444489 196.444397 -0.217079 0.154156 0.000000
0.006849 356.444489 200.000000 -0.279062 0.123122 0.000000
0.019577 337.777802 204.444397 -0.650956 0.154156 0.000000
0.045035 320.888885 203.555603 -0.588974 -0.032062 0.000000
0.045035 308.444489 193.777802 -0.434016 -0.342438 0.000000
0.045035 302.222198 176.888901 -0.217082 -0.590735 0.000000
0.047580 302.222198 152.000000 -0.000142 -0.870070 0.000000
0.047580 324.444489 100.444397 0.774638 -1.801186 3.000000
0.045035 350.222198 68.444443 0.898598 -1.118365 2.000000
0.009394 362.666687 57.777779 0.433735 -0.373475 2.000000
0.014486 374.222198 50.666672 0.402741 -0.249326 2.000000
0.006849 383.111115 46.222221 0.309770 -0.156215 2.000000
0.017032 389.333313 44.444439 0.216795 -0.063103 2.000000
0.004303 394.666687 44.444439 0.185806 -0.001029 2.000000
0.019577 399.111115 44.444439 0.154813 -0.001029 2.000000
0.004303 402.666687 45.333328 0.123823 0.030009 2.000000
0.014486 405.333313 47.111111 0.092830 0.061046 2.000000
0.001757 408.000000 50.666672 0.092832 0.123120 2.000000
0.006849 410.666687 54.222221 0.092832 0.123120 2.000000
0.017032 411.555511 57.777779 0.030847 0.123120 2.000000
0.022123 412.444489 66.666656 0.030852 0.309343 0.000000
0.009394 409.777802 72.000000 -0.093116 0.185195 0.000000
0.019577 402.666687 76.444443 -0.248071 0.154157 0.000000
0.006849 392.000000 80.888893 -0.372036 0.154158 0.000000
0.047580 360.888885 90.666656 -1.084831 0.340380 0.000000
0.042489 316.444489 100.444397 -1.549696 0.340379 0.000000
0.045035 260.444489 112.888901 -1.952582 0.433494 0.000000
0.042489 194.666702 129.777802 -2.293485 0.588678 0.000000
0.042489 86.222221 171.555603 -3.781059 1.457720 0.000000
0.045035 25.777781 198.222198 -2.107538 0.930084 0.000000
0.039943 -8.000000 212.444397 -1.177804 0.495565 0.000000
0.004303 -15.111110 215.111099 -0.248071 0.092084 2.000000
0.017032 -18.666670 216.000000 -0.124107 0.030009 2.000000
0.004303 -18.666670 215.111099 -0.000142 -0.032066 2.000000
0.017032 -16.888889 209.777802 0.061840 -0.187250 2.000000
0.004303 -12.444440 203.555603 0.154814 -0.218288 2.000000
0.017032 -5.333333 194.666702 0.247787 -0.311401 2.000000
0.004303 3.555556 185.777802 0.309769 -0.311401 2.000000
0.004303 14.222220 176.888901 0.371751 -0.311401 2.000000
0.014486 25.777781 168.888901 0.402742 -0.280363 2.000000
-0.000788 25.777781 168.888901 -0.000142 -0.001029 2.000000
0.014486 53.333328 156.444397 0.960582 -0.435551 2.000000
0.006849 68.444443 152.000000 0.526707 -0.156213 2.000000
0.019577 83.555557 148.444397 0.526707 -0.125179 2.000000
-0.000788 83.555557 148.444397 -0.000142 -0.001029 2.000000
0.009394 118.222198 146.666702 1.208510 -0.063100 0.000000
0.019577 137.777802 146.666702 0.681664 -0.001029 0.000000
0.039943 183.111099 150.222198 1.580403 0.123118 0.000000
0.042489 234.666702 157.333298 1.797344 0.247268 0.000000
0.042489 287.111115 171.555603 1.828332 0.495569 0.000000
0.042489 333.333313 191.111099 1.611395 0.681787 0.000000
0.045035 390.222198 221.333298 1.983289 1.054235 0.000000
0.042489 418.666687 239.111099 0.991575 0.619716 0.000000
0.042489 440.000000 251.555603 0.743644 0.433494 0.000000
-0.000788 440.000000 251.555603 -0.000142 -0.001029 0.000000
0.019577 451.555511 258.666687 0.402741 0.247268 3.000000
0.001757 451.555511 258.666687 -0.000142 -0.001029 3.000000
0.006849 455.111115 260.444489 0.123824 0.061047 3.000000
0.014486 456.888885 264.000000 0.061840 0.123119 3.000000
0.004303 456.888885 264.000000 -0.000142 -0.001029 2.000000
0.014486 456.888885 264.888885 -0.000142 0.030009 2.000000
0.004303 452.444489 265.777802 -0.155096 0.030010 2.000000
0.014486 445.333313 265.777802 -0.248073 -0.001029 2.000000
0.004303 434.666687 265.777802 -0.372034 -0.001029 2.000000
0.001757 420.444489 263.111115 -0.495999 -0.094141 2.000000
0.011940 402.666687 258.666687 -0.619965 -0.156214 2.000000
-0.000788 381.333313 253.333298 -0.743930 -0.187254 2.000000
-0.000788 381.333313 253.333298 -0.000142 -0.001029 2.000000
0.014486 357.333313 245.333298 -0.836902 -0.280363 2.000000
0.001757 330.666687 237.333298 -0.929874 -0.280363 2.000000
0.014486 304.888885 229.333298 -0.898885 -0.280363 2.000000
0.001757 278.222198 221.333298 -0.929876 -0.280363 2.000000
0.009394 253.333298 214.222198 -0.867894 -0.249326 0.000000
0.009394 228.444397 208.888901 -0.867894 -0.187250 0.000000
0.050126 176.000000 205.333298 -1.828616 -0.125179 0.000000
0.029760 116.444397 216.000000 -2.076548 0.371419 0.000000
0.050126 22.222219 260.444489 -3.285198 1.550832 0.000000
0.050126 -15.111110 286.222198 -1.301769 0.899047 0.000000
0.037397 -27.555559 298.666687 -0.434018 0.433493 0.000000
0.019577 -27.555559 301.333313 -0.000142 0.092082 0.000000
0.011940 -24.000000 301.333313 0.123822 -0.001029 0.000000
0.001757 -13.333330 296.888885 0.371751 -0.156214 0.000000
0.014486 2.666667 288.888885 0.557698 -0.280363 0.000000
-0.000788 24.888889 277.333313 0.774636 -0.404512 0.000000
0.004303 24.888889 277.333313 -0.000142 -0.001029 0.000000
0.014486 80.000000 247.111099 1.921307 -1.056292 2.000000
0.009394 110.222198 229.333298 1.053555 -0.621773 2.000000
0.006849 110.222198 229.333298 -0.000142 -0.001029 2.000000
0.001757 141.333298 210.666702 1.084546 -0.652807 2.000000
0.001757 172.444397 191.111099 1.084546 -0.683848 2.000000
0.011940 203.555603 172.444397 1.084550 -0.652811 2.000000
0.001757 231.111099 155.555603 0.960580 -0.590732 2.000000
0.014486 256.000000 142.222198 0.867609 -0.466589 2.000000
-0.000788 256.000000 142.222198 -0.000142 -0.001029 2.000000
-0.000788 275.555511 133.333298 0.681661 -0.311401 2.000000
0.014486 289.777802 127.111099 0.495718 -0.218288 2.000000
-0.000788 299.555511 124.444397 0.340758 -0.094141 2.000000
0.014486 305.777802 123.555603 0.216798 -0.032062 2.000000
-0.000788 308.444489 122.666702 0.092832 -0.032066 2.000000
0.037397 308.444489 123.555603 -0.000142 0.030009 0.000000
0.006849 308.444489 123.555603 -0.000142 -0.001029 0.000000
0.024669 292.444489 134.222198 -0.557982 0.371415 0.000000
0.047580 260.444489 151.111099 -1.115822 0.588678 0.000000
0.047580 196.444397 184.888901 -2.231505 1.178385 0.000000
0.047580 156.444397 203.555603 -1.394742 0.650753 0.000000
0.052672 122.666702 215.111099 -1.177801 0.402453 0.000000
0.034852 93.333344 220.444397 -1.022850 0.185193 0.000000
0.057763 71.111107 209.777802 -0.774920 -0.373472 3.000000
0.027215 73.777779 198.222198 0.092831 -0.404514 3.000000
0.004303 99.555557 162.666702 0.898600 -1.242514 2.000000
0.029760 122.666702 141.333298 0.805628 -0.745923 2.000000
0.047580 183.111099 105.777802 2.107252 -1.242514 2.000000
0.001757 216.888901 96.000000 1.177521 -0.342438 2.000000
0.011940 249.777802 91.555557 1.146529 -0.156214 2.000000
0.050126 327.111115 111.111099 2.696084 0.681789 2.000000
0.027215 342.222198 125.333298 0.526706 0.495565 2.000000
-0.000788 352.000000 142.222198 0.340761 0.588678 3.000000
0.050126 350.222198 178.666702 -0.062125 1.271498 0.000000
0.042489 324.444489 210.666702 -0.898882 1.116310 0.000000
0.047580 286.222198 235.555603 -1.332762 0.868013 0.000000
0.047580 226.666702 260.444489 -2.076545 0.868012 0.000000
0.032306 198.222198 270.222198 -0.991860 0.340378 0.000000
0.047580 176.888901 276.444489 -0.743928 0.216234 0.000000
0.032306 158.222198 281.777802 -0.650957 0.185194 3.000000
0.001757 158.222198 281.777802 -0.000142 -0.001029 3.000000
0.029760 144.000000 282.666687 -0.495999 0.030009 2.000000
-0.000788 139.555603 281.777802 -0.155096 -0.032066 2.000000
0.042489 137.777802 264.888885 -0.062125 -0.590736 2.000000
0.032306 148.444397 228.444397 0.371749 -1.273554 2.000000
0.047580 170.666702 176.000000 0.774638 -1.832220 2.000000
-0.000788 170.666702 176.000000 -0.000142 -0.001029 2.000000
0.032306 200.888901 120.888901 1.053555 -1.925333 2.000000
0.047580 250.666702 65.777779 1.735361 -1.925334 3.000000
0.042489 278.222198 51.555561 0.960580 -0.497623 0.000000
0.047580 304.000000 48.888889 0.898601 -0.094140 0.000000
0.042489 327.111115 59.555561 0.805627 0.371418 0.000000
0.050126 352.888885 96.000000 0.898600 1.271496 0.000000
0.029760 357.333313 112.888901 0.154813 0.588678 0.000000
-0.003334 359.111115 129.777802 0.061841 0.588678 0.000000
0.045035 358.222198 167.111099 -0.031134 1.302532 0.000000
0.034852 348.444489 202.666702 -0.341042 1.240460 0.000000
-0.000788 341.333313 219.555603 -0.248073 0.588678 3.000000
0.039943 320.888885 254.222198 -0.712937 1.209419 2.000000
0.045035 293.333313 288.000000 -0.960867 1.178385 2.000000
0.045035 253.333298 315.555511 -1.394743 0.961122 2.000000
0.034852 205.333298 334.222198 -1.673662 0.650753 2.000000
0.047580 165.333298 336.888885 -1.394742 0.092084 3.000000
0.050126 142.222198 292.444489 -0.805911 -1.552886 3.000000
0.029760 143.111099 264.000000 0.030849 -0.994220 0.000000
-0.000788 149.333298 233.777802 0.216795 -1.056292 0.000000
0.039943 173.333298 179.555603 0.836618 -1.894296 0.000000
0.045035 208.888901 146.666702 1.239504 -1.149405 0.000000
0.050126 271.111115 121.777802 2.169235 -0.870070 0.000000
0.034852 291.555511 118.222198 0.712652 -0.125179 0.000000
0.029760 328.888885 117.333298 1.301486 -0.032066 0.000000
-0.000788 342.222198 121.777802 0.464724 0.154159 0.000000
0.001757 352.000000 129.777802 0.340761 0.278306 2.000000
0.032306 356.444489 141.333298 0.154815 0.402453 2.000000
0.029760 351.111115 171.555603 -0.186090 1.054238 2.000000
0.052672 314.666687 212.444397 -1.270777 1.426678 2.000000
0.055218 282.666687 226.666702 -1.115822 0.495569 2.000000
0.032306 251.555603 230.222198 -1.084830 0.123118 3.000000
0.050126 222.222198 222.222198 -1.022851 -0.280363 3.000000
0.004303 207.111099 213.333298 -0.526991 -0.311401 0.000000
0.011940 192.000000 201.777802 -0.526991 -0.404510 0.000000
0.001757 176.000000 188.444397 -0.557982 -0.466589 0.000000
0.032306 160.000000 174.222198 -0.557982 -0.497623 0.000000
0.055218 113.777802 131.555603 -1.611679 -1.490811 0.000000
0.032306 91.555557 106.666702 -0.774921 -0.870070 0.000000
0.060309 75.555557 80.000000 -0.557982 -0.932145 3.000000
0.032306 73.777779 69.333344 -0.062124 -0.373474 3.000000
0.001757 73.777779 69.333344 -0.000142 -0.001029 2.000000
0.032306 86.222221 56.888889 0.433733 -0.435549 2.000000
0.001757 86.222221 56.888889 -0.000142 -0.001029 2.000000
0.032306 118.222198 43.555561 1.115537 -0.466586 2.000000
0.029760 168.000000 32.888889 1.735361 -0.373475 2.000000
0.055218 260.444489 44.444439 3.222935 0.402455 2.000000
0.032306 290.666687 59.555561 1.053555 0.526604 2.000000
0.006849 339.555511 103.111099 1.704367 1.519793 3.000000
0.022123 356.444489 128.000000 0.588692 0.868013 3.000000
0.009394 368.000000 152.888901 0.402741 0.868013 0.000000
0.029760 374.222198 176.888901 0.216795 0.836975 0.000000
0.032306 373.333313 222.222198 -0.031133 1.581866 0.000000
0.034852 357.333313 259.555511 -0.557982 1.302532 0.000000
0.004303 345.777802 275.555511 -0.403025 0.557641 0.000000
0.034852 321.777802 304.888885 -0.836902 1.023200 0.000000
0.055218 301.333313 329.777802 -0.712939 0.868013 0.000000
0.032306 285.333313 349.333313 -0.557982 0.681788 0.000000
0.037397 273.777802 360.888885 -0.403025 0.402455 2.000000
0.004303 269.333313 363.555511 -0.155099 0.092082 2.000000
0.032306 262.222198 361.777802 -0.248071 -0.063101 2.000000
0.055218 257.777802 344.888885 -0.155096 -0.590736 2.000000
0.014486 256.888885 331.555511 -0.031134 -0.466588 2.000000
0.004303 256.888885 315.555511 -0.000142 -0.559698 2.000000
0.052672 256.888885 272.000000 -0.000142 -1.521849 2.000000
0.034852 256.000000 251.555603 -0.031133 -0.714882 3.000000
0.037397 252.444397 233.777802 -0.124108 -0.621773 0.000000
0.006849 252.444397 233.777802 -0.000142 -0.001029 0.000000
0.032306 247.111099 216.000000 -0.186088 -0.621773 0.000000
0.001757 246.222198 205.333298 -0.031134 -0.373476 0.000000
0.014486 246.222198 193.777802 -0.000142 -0.404510 0.000000
0.055218 250.666702 153.777802 0.154815 -1.397702 0.000000
0.034852 255.111099 132.444397 0.154812 -0.745923 0.000000
0.039943 255.111099 117.333298 -0.000142 -0.528660 0.000000
0.004303 255.111099 117.333298 -0.000142 -0.001029 3.000000
0.039943 252.444397 101.333298 -0.093117 -0.559698 2.000000
0.039943 251.555603 96.000000 -0.031130 -0.187250 2.000000
0.034852 248.888901 85.333344 -0.093117 -0.373474 2.000000
0.004303 248.000000 80.888893 -0.031134 -0.156215 2.000000
0.014486 246.222198 76.444443 -0.062125 -0.156215 2.000000
0.004303 244.444397 72.000000 -0.062125 -0.156214 2.000000
0.037397 236.444397 64.888893 -0.279062 -0.249326 2.000000
0.039943 221.333298 60.444439 -0.526991 -0.156215 2.000000
0.009394 212.444397 59.555561 -0.310054 -0.032065 0.000000
0.014486 202.666702 59.555561 -0.341041 -0.001029 0.000000
0.004303 193.777802 59.555561 -0.310054 -0.001029 0.000000
0.037397 178.666702 59.555561 -0.526991 -0.001029 0.000000
0.037397 166.222198 62.222221 -0.434020 0.092083 0.000000
0.039943 153.777802 64.000000 -0.434016 0.061046 0.000000
0.004303 147.555603 65.777779 -0.217079 0.061046 0.000000
0.017032 140.444397 67.555557 -0.248074 0.061046 0.000000
0.004303 133.333298 71.111107 -0.248071 0.123120 0.000000
0.034852 119.111099 76.444443 -0.495999 0.185195 0.000000
0.039943 110.222198 81.777779 -0.310054 0.185195 1.000000
0.039943 106.666702 86.222221 -0.124105 0.154157 1.000000
0.004303 105.777802 88.000000 -0.031134 0.061046 2.000000
0.034852 105.777802 89.777779 -0.000142 0.061046 2.000000
0.037397 104.000000 95.111107 -0.062125 0.185194 2.000000
0.057763 97.777779 110.222198 -0.217080 0.526603 2.000000
0.011940 96.000000 115.555603 -0.062124 0.185197 2.000000
0.004303 94.222221 121.777802 -0.062124 0.216231 2.000000
0.055218 93.333344 136.000000 -0.031133 0.495565 2.000000
0.014486 93.333344 139.555603 -0.000142 0.123122 0.000000
0.001757 93.333344 139.555603 -0.000142 -0.001029 0.000000
0.034852 95.111107 145.777802 0.061840 0.216231 0.000000
-0.000788 96.000000 149.333298 0.030849 0.123118 0.000000
0.032306 96.888893 160.000000 0.030849 0.371419 0.000000
0.047580 97.777779 172.444397 0.030849 0.433490 0.000000
0.052672 100.444397 181.333298 0.092829 0.309344 0.000000
-0.000788 102.222198 184.000000 0.061841 0.092084 0.000000
0.014486 104.888901 185.777802 0.092832 0.061047 0.000000
0.037397 111.111099 187.555603 0.216795 0.061047 1.000000
0.004303 114.666702 187.555603 0.123824 -0.001029 1.000000
0.047580 120.888901 190.222198 0.216795 0.092080 2.000000
0.027215 125.333298 194.666702 0.154812 0.154159 2.000000
0.029760 128.888901 200.000000 0.123824 0.185193 2.000000
-0.000788 128.888901 200.000000 -0.000142 -0.001029 2.000000
0.052672 138.666702 204.444397 0.340761 0.154156 2.000000
0.052672 148.444397 204.444397 0.340757 -0.001029 2.000000
0.029760 160.888901 201.777802 0.433735 -0.094138 0.000000
0.055218 171.555603 200.000000 0.371752 -0.063104 0.000000
0.045035 181.333298 200.000000 0.340757 -0.001029 0.000000
0.001757 181.333298 200.000000 -0.000142 -0.001029 0.000000
0.014486 184.888901 200.888901 0.123824 0.030009 0.000000
0.050126 201.777802 200.888901 0.588689 -0.001029 0.000000
-0.000788 208.888901 199.111099 0.247786 -0.063104 0.000000
0.009394 208.888901 199.111099 -0.000142 -0.001029 0.000000
-0.003334 216.888901 195.555603 0.278778 -0.125175 0.000000
0.029760 234.666702 184.888901 0.619681 -0.373476 1.000000
0.001757 234.666702 184.888901 -0.000142 -0.001029 1.000000
0.027215 250.666702 169.777802 0.557698 -0.528660 2.000000
-0.000788 257.777802 160.888901 0.247786 -0.311401 2.000000
0.047580 269.333313 142.222198 0.402741 -0.652811 2.000000
0.042489 282.666687 120.888901 0.464726 -0.745920 2.000000
0.034852 298.666687 96.888893 0.557698 -0.839033 2.000000
0.034852 318.222198 75.555557 0.681661 -0.745921 1.000000
0.006849 328.888885 65.777779 0.371752 -0.342438 1.000000
0.032306 339.555511 56.888889 0.371750 -0.311400 1.000000
0.004303 356.444489 41.777779 0.588692 -0.528661 0.000000
0.034852 362.666687 35.555561 0.216795 -0.218289 0.000000
0.032306 371.555511 23.111111 0.309767 -0.435549 0.000000
0.055218 386.666687 7.111111 0.526709 -0.559698 0.000000
0.032306 392.888885 3.555556 0.216795 -0.125177 0.000000
0.060309 411.555511 0.888889 0.650670 -0.094140 3.000000
0.022123 421.333313 4.444445 0.340761 0.123120 3.000000
-0.000788 421.333313 4.444445 -0.000142 -0.001029 3.000000
0.034852 427.555511 9.777778 0.216795 0.185194 2.000000
0.047580 429.333313 16.888889 0.061841 0.247269 2.000000
0.050126 430.222198 28.444441 0.030849 0.402455 2.000000
0.047580 432.000000 36.444439 0.061841 0.278306 2.000000
0.001757 432.888885 40.000000 0.030849 0.123120 1.000000
0.032306 435.555511 44.444439 0.092830 0.154157 1.000000
0.029760 435.555511 45.333328 -0.000142 0.030009 0.000000
0.052672 436.444489 48.888889 0.030852 0.123120 0.000000
0.050126 430.222198 56.888889 -0.217082 0.278306 0.000000
0.017032 423.111115 68.444443 -0.248070 0.402455 3.000000
0.009394 423.111115 68.444443 -0.000142 -0.001029 3.000000
0.039943 417.777802 80.000000 -0.186088 0.402455 3.000000
0.047580 412.444489 90.666656 -0.186088 0.371417 3.000000
0.032306 410.666687 93.333344 -0.062125 0.092084 3.000000
0.050126 404.444489 96.000000 -0.217079 0.092083 3.000000
0.047580 401.777802 96.000000 -0.093116 -0.001029 3.000000
0.001757 401.777802 95.111107 -0.000142 -0.032066 3.000000
0.011940 401.777802 92.444443 -0.000142 -0.094140 3.000000
-0.003334 401.777802 92.444443 -0.000142 -0.001029 3.000000
0.001757 402.666687 88.000000 0.030849 -0.156214 3.000000
0.009394 406.222198 81.777779 0.123821 -0.218289 3.000000
-0.000788 409.777802 75.555557 0.123824 -0.218289 3.000000
0.014486 415.111115 67.555557 0.185804 -0.280363 3.000000
-0.000788 419.555511 61.333328 0.154812 -0.218289 3.000000
-0.000788 419.555511 61.333328 -0.000142 -0.001029 3.000000
0.014486 427.555511 52.444439 0.278778 -0.311400 3.000000
-0.000788 427.555511 52.444439 -0.000142 -0.001029 3.000000
0.001757 430.222198 49.777779 0.092832 -0.094140 3.000000
0.014486 432.000000 48.888889 0.061841 -0.032066 0.000000
0.006849 433.777802 48.000000 0.061841 -0.032066 0.000000
0.017032 434.666687 48.000000 0.030849 -0.001029 0.000000
0.001757 435.555511 48.000000 0.030847 -0.001029 0.000000
0.014486 435.555511 48.000000 -0.000142 -0.001029 0.000000
0.006849 435.555511 48.000000 -0.000142 -0.001029 0.000000
0.039943 433.777802 48.888889 -0.062122 0.030009 0.000000
0.042489 426.666687 56.000000 -0.248071 0.247269 0.000000
0.065400 406.222198 78.222221 -0.712939 0.774901 0.000000
0.037397 387.555511 97.777779 -0.650956 0.681789 0.000000
0.017032 376.888885 106.666702 -0.372034 0.309344 3.000000
0.006849 364.444489 112.888901 -0.434016 0.216231 3.000000
0.052672 336.000000 121.777802 -0.991859 0.309344 2.000000
0.045035 330.666687 120.888901 -0.186088 -0.032066 2.000000
0.039943 323.555511 97.777779 -0.248073 -0.807996 2.000000
0.039943 320.888885 72.888893 -0.093114 -0.870069 2.000000
0.039943 315.555511 46.222221 -0.186090 -0.932144 2.000000
0.004303 315.555511 46.222221 -0.000142 -0.001029 2.000000
0.019577 305.777802 23.111111 -0.341042 -0.807995 1.000000
0.039943 295.111115 7.111111 -0.372036 -0.559698 0.000000
0.001757 295.111115 7.111111 -0.000142 -0.001029 0.000000
0.037397 287.111115 0.888889 -0.279062 -0.218289 0.000000
0.050126 287.111115 1.777778 -0.000142 0.030009 0.000000
0.032306 293.333313 11.555560 0.216795 0.340381 0.000000
0.050126 304.888885 26.666670 0.402743 0.526603 0.000000
0.050126 326.222198 61.333328 0.743644 1.209421 0.000000
0.029760 331.555511 77.333344 0.185804 0.557641 1.000000
0.001757 335.111115 93.333344 0.123824 0.557641 1.000000
-0.000788 336.000000 111.111099 0.030849 0.619714 2.000000
0.011940 336.000000 128.000000 -0.000142 0.588678 2.000000
0.042489 328.888885 159.111099 -0.248071 1.085272 2.000000
0.034852 321.777802 182.222198 -0.248070 0.805938 2.000000
-0.003334 321.777802 182.222198 -0.000142 -0.001029 2.000000
0.001757 319.111115 189.333298 -0.093116 0.247268 2.000000
0.009394 317.333313 193.777802 -0.062125 0.154159 2.000000
-0.000788 317.333313 193.777802 -0.000142 -0.001029 2.000000
0.001757 315.555511 196.444397 -0.062125 0.092080 2.000000
0.009394 314.666687 198.222198 -0.031131 0.061047 2.000000
-0.003334 314.666687 199.111099 -0.000142 0.030009 2.000000
-0.000788 314.666687 199.111099 -0.000142 -0.001029 2.000000
0.011940 313.777802 200.000000 -0.031133 0.030009 1.000000
0.001757 313.777802 200.000000 -0.000142 -0.001029 1.000000
-0.003334 313.777802 200.000000 -0.000142 -0.001029 1.000000
0.009394 313.777802 200.000000 -0.000142 -0.001029 0.000000
-0.000788 313.777802 200.000000 -0.000142 -0.001029 0.000000
0.001757 316.444489 200.000000 0.092832 -0.001029 0.000000
0.009394 320.000000 200.000000 0.123821 -0.001029 0.000000
0.001757 326.222198 199.111099 0.216795 -0.032066 0.000000
-0.000788 326.222198 199.111099 -0.000142 -0.001029 0.000000
0.011940 333.333313 197.333298 0.247787 -0.063104 0.000000
-0.000788 342.222198 193.777802 0.309769 -0.125175 0.000000
0.014486 352.000000 190.222198 0.340761 -0.125179 0.000000
0.001757 361.777802 187.555603 0.340761 -0.094138 0.000000
-0.000788 361.777802 187.555603 -0.000142 -0.001029 0.000000
0.009394 371.555511 184.888901 0.340758 -0.094141 0.000000
-0.000788 379.555511 182.222198 0.278778 -0.094141 0.000000
-0.000788 387.555511 181.333298 0.278778 -0.032066 0.000000
0.011940 393.777802 180.444397 0.216798 -0.032066 0.000000
-0.003334 393.777802 180.444397 -0.000142 -0.001029 0.000000
0.001757 399.111115 180.444397 0.185804 -0.001029 0.000000
0.011940 403.555511 180.444397 0.154812 -0.001029 0.000000
-0.000788 407.111115 181.333298 0.123824 0.030009 0.000000
-0.000788 407.111115 181.333298 -0.000142 -0.001029 0.000000
0.011940 409.777802 183.111099 0.092832 0.061047 0.000000
-0.003334 412.444489 184.888901 0.092832 0.061047 0.000000
-0.000788 412.444489 184.888901 -0.000142 -0.001029 0.000000
0.011940 417.777802 187.555603 0.185804 0.092084 0.000000
-0.003334 417.777802 187.555603 -0.000142 -0.001029 0.000000
-0.000788 420.444489 188.444397 0.092832 0.030005 0.000000
0.011940 423.111115 189.333298 0.092830 0.030009 0.000000
-0.003334 423.111115 189.333298 -0.000142 -0.001029 0.000000
0.011940 426.666687 190.222198 0.123823 0.030009 0.000000
-0.000788 426.666687 190.222198 -0.000142 -0.001029 0.000000
-0.000788 427.555511 190.222198 0.030847 -0.001029 0.000000
0.011940 427.555511 190.222198 -0.000142 -0.001029 0.000000
-0.000788 427.555511 190.222198 -0.000142 -0.001029 0.000000
-0.000788 427.555511 191.111099 -0.000142 0.030009 0.000000
0.011940 428.444489 192.000000 0.030852 0.030009 0.000000
-0.000788 429.333313 192.888901 0.030847 0.030009 0.000000
-0.003334 429.333313 192.888901 -0.000142 -0.001029 0.000000
0.009394 430.222198 194.666702 0.030849 0.061047 0.000000
-0.003334 432.000000 195.555603 0.061841 0.030009 0.000000
-0.000788 432.000000 195.555603 -0.000142 -0.001029 0.000000
0.011940 435.555511 197.333298 0.123821 0.061043 0.000000
-0.003334 435.555511 197.333298 -0.000142 -0.001029 0.000000
0.004303 438.222198 198.222198 0.092832 0.030009 0.000000
0.009394 440.888885 198.222198 0.092832 -0.001029 0.000000
-0.005880 440.888885 198.222198 -0.000142 -0.001029 0.000000
-0.000788 443.555511 198.222198 0.092830 -0.001029 0.000000
0.014486 446.222198 198.222198 0.092832 -0.001029 0.000000
-0.003334 446.222198 198.222198 -0.000142 -0.001029 0.000000
-0.000788 447.111115 198.222198 0.030850 -0.001029 0.000000
0.011940 448.000000 198.222198 0.030849 -0.001029 0.000000
-0.003334 448.888885 198.222198 0.030849 -0.001029 0.000000
-0.003334 448.888885 198.222198 -0.000142 -0.001029 0.000000
0.009394 448.888885 198.222198 -0.000142 -0.001029 0.000000
-0.003334 448.888885 198.222198 -0.000142 -0.001029 0.000000
-0.003334 448.888885 198.222198 -0.000142 -0.001029 0.000000
-0.000788 448.888885 198.222198 -0.000142 -0.001029 0.000000
0.009394 448.000000 198.222198 -0.031133 -0.001029 0.000000
-0.000788 448.000000 198.222198 -0.000142 -0.001029 0.000000
-0.000788 448.000000 198.222198 -0.000142 -0.001029 0.000000
0.011940 448.000000 198.222198 -0.000142 -0.001029 0.000000
-0.000788 448.000000 198.222198 -0.000142 -0.001029 0.000000
0.011940 448.000000 198.222198 -0.000142 -0.001029 0.000000
-0.003334 448.000000 198.222198 -0.000142 -0.001029 0.000000
-0.000788 448.000000 198.222198 -0.000142 -0.001029 0.000000
-0.000788 448.000000 198.222198 -0.000142 -0.001029 0.000000
0.006849 448.000000 198.222198 -0.000142 -0.001029 0.000000
-0.000788 448.888885 198.222198 0.030849 -0.001029 0.000000
-0.000788 449.777802 198.222198 0.030850 -0.001029 0.000000
0.009394 449.777802 198.222198 -0.000142 -0.001029 0.000000
-0.000788 449.777802 198.222198 -0.000142 -0.001029 0.000000
-0.000788 449.777802 198.222198 -0.000142 -0.001029 0.000000
0.009394 449.777802 198.222198 -0.000142 -0.001029 0.000000
-0.000788 449.777802 198.222198 -0.000142 -0.001029 0.000000
-0.000788 449.777802 198.222198 -0.000142 -0.001029 0.000000
0.009394 449.777802 198.222198 -0.000142 -0.001029 0.000000
-0.000788 448.000000 198.222198 -0.062125 -0.001029 0.000000
0.001757 448.000000 198.222198 -0.000142 -0.001029 0.000000
0.009394 446.222198 198.222198 -0.062125 -0.001029 0.000000
-0.000788 446.222198 198.222198 -0.000142 -0.001029 0.000000
-0.000788 445.333313 198.222198 -0.031133 -0.001029 0.000000
0.006849 443.555511 198.222198 -0.062125 -0.001029 0.000000
-0.003334 443.555511 198.222198 -0.000142 -0.001029 0.000000
0.001757 441.777802 198.222198 -0.062122 -0.001029 0.000000
0.009394 438.222198 198.222198 -0.124108 -0.001029 0.000000
-0.000788 433.777802 198.222198 -0.155096 -0.001029 0.000000
-0.000788 433.777802 198.222198 -0.000142 -0.001029 0.000000
0.009394 428.444489 198.222198 -0.186088 -0.001029 0.000000
-0.000788 422.222198 198.222198 -0.217082 -0.001029 0.000000
0.001757 415.111115 198.222198 -0.248070 -0.001029 0.000000
0.014486 409.777802 199.111099 -0.186088 0.030009 0.000000
-0.000788 409.777802 199.111099 -0.000142 -0.001029 0.000000
0.011940 404.444489 200.000000 -0.186088 0.030009 0.000000
-0.003334 401.777802 200.000000 -0.093116 -0.001029 0.000000
-0.003334 401.777802 200.000000 -0.000142 -0.001029 0.000000
0.011940 400.000000 200.000000 -0.062125 -0.001029 0.000000
-0.003334 399.111115 200.000000 -0.031133 -0.001029 0.000000
-0.003334 399.111115 200.000000 -0.000142 -0.001029 0.000000
0.009394 399.111115 200.000000 -0.000142 -0.001029 0.000000
-0.003334 399.111115 200.000000 -0.000142 -0.001029 0.000000
-0.000788 399.111115 199.111099 -0.000142 -0.032066 0.000000
-0.000788 399.111115 199.111099 -0.000142 -0.001029 0.000000
0.009394 399.111115 199.111099 -0.000142 -0.001029 0.000000
-0.000788 399.111115 198.222198 -0.000142 -0.032066 0.000000
0.001757 399.111115 198.222198 -0.000142 -0.001029 0.000000
0.009394 398.222198 197.333298 -0.031134 -0.032066 0.000000
-0.000788 398.222198 197.333298 -0.000142 -0.001029 0.000000
-0.000788 396.444489 197.333298 -0.062122 -0.001029 0.000000
0.011940 394.666687 196.444397 -0.062125 -0.032066 0.000000
-0.003334 394.666687 196.444397 -0.000142 -0.001029 0.000000
-0.000788 392.000000 195.555603 -0.093116 -0.032062 0.000000
0.011940 388.444489 195.555603 -0.124105 -0.001029 0.000000
-0.000788 385.777802 194.666702 -0.093116 -0.032066 0.000000
0.011940 383.111115 192.888901 -0.093116 -0.063104 0.000000
-0.003334 383.111115 192.888901 -0.000142 -0.001029 0.000000
0.001757 380.444489 192.000000 -0.093114 -0.032066 0.000000
0.011940 378.666687 190.222198 -0.062125 -0.063104 0.000000
-0.000788 377.777802 188.444397 -0.031133 -0.063104 0.000000
-0.000788 377.777802 188.444397 -0.000142 -0.001029 0.000000
0.009394 376.000000 186.666702 -0.062125 -0.063100 0.000000
0.001757 374.222198 184.888901 -0.062125 -0.063104 0.000000
0.001757 371.555511 183.111099 -0.093116 -0.063104 0.000000
0.009394 368.000000 181.333298 -0.124105 -0.063104 0.000000
-0.005880 368.000000 181.333298 -0.000142 -0.001029 0.000000
-0.000788 363.555511 180.444397 -0.155099 -0.032066 0.000000
0.009394 357.333313 178.666702 -0.217079 -0.063100 0.000000
-0.003334 357.333313 178.666702 -0.000142 -0.001029 0.000000
-0.000788 351.111115 177.777802 -0.217079 -0.032066 0.000000
0.009394 344.000000 176.888901 -0.248071 -0.032066 0.000000
-0.003334 344.000000 176.888901 -0.000142 -0.001029 0.000000
-0.000788 338.666687 175.111099 -0.186088 -0.063104 0.000000
0.011940 334.222198 174.222198 -0.155099 -0.032066 0.000000
0.001757 331.555511 172.444397 -0.093116 -0.063104 0.000000
-0.003334 331.555511 172.444397 -0.000142 -0.001029 0.000000
0.009394 329.777802 170.666702 -0.062122 -0.063100 0.000000
-0.000788 328.888885 168.888901 -0.031134 -0.063104 0.000000
-0.003334 328.888885 168.888901 -0.000142 -0.001029 0.000000
0.009394 328.000000 165.333298 -0.031133 -0.125179 0.000000
-0.003334 328.000000 165.333298 -0.000142 -0.001029 0.000000
-0.000788 328.000000 164.444397 -0.000142 -0.032066 0.000000
-0.000788 328.000000 164.444397 -0.000142 -0.001029 0.000000
0.009394 328.000000 163.555603 -0.000142 -0.032062 0.000000
-0.003334 328.000000 163.555603 -0.000142 -0.001029 0.000000
0.001757 328.000000 163.555603 -0.000142 -0.001029 0.000000
0.009394 328.000000 163.555603 -0.000142 -0.001029 0.000000
-0.000788 326.222198 163.555603 -0.062125 -0.001029 0.000000
0.011940 325.333313 163.555603 -0.031133 -0.001029 0.000000
-0.003334 323.555511 163.555603 -0.062125 -0.001029 0.000000
-0.000788 323.555511 163.555603 -0.000142 -0.001029 0.000000
0.001757 320.888885 164.444397 -0.093114 0.030005 0.000000
0.009394 319.111115 165.333298 -0.062124 0.030009 0.000000
-0.003334 319.111115 165.333298 -0.000142 -0.001029 0.000000
0.001757 317.333313 167.111099 -0.062125 0.061047 0.000000
0.011940 315.555511 168.888901 -0.062125 0.061047 0.000000
0.001757 314.666687 170.666702 -0.031131 0.061047 0.000000
0.001757 313.777802 172.444397 -0.031133 0.061043 0.000000
0.014486 313.777802 173.333298 -0.000142 0.030009 0.000000
-0.000788 313.777802 173.333298 -0.000142 -0.001029 0.000000
0.009394 312.888885 174.222198 -0.031134 0.030009 0.000000
-0.003334 312.888885 174.222198 -0.000142 -0.001029 0.000000
0.001757 312.888885 175.111099 -0.000142 0.030009 0.000000
0.009394 312.888885 175.111099 -0.000142 -0.001029 0.000000
-0.003334 312.888885 175.111099 -0.000142 -0.001029 0.000000
-0.000788 312.888885 175.111099 -0.000142 -0.001029 0.000000
0.006849 312.888885 174.222198 -0.000142 -0.032066 0.000000
-0.000788 312.888885 174.222198 -0.000142 -0.001029 0.000000
-0.003334 314.666687 173.333298 0.061841 -0.032066 0.000000
0.011940 317.333313 170.666702 0.092830 -0.094138 0.000000
0.004303 320.888885 168.888901 0.123823 -0.063104 0.000000
-0.003334 320.888885 168.888901 -0.000142 -0.001029 0.000000
0.009394 324.444489 167.111099 0.123824 -0.063104 0.000000
-0.003334 328.000000 166.222198 0.123821 -0.032066 0.000000
0.001757 328.000000 166.222198 -0.000142 -0.001029 0.000000
0.011940 335.111115 165.333298 0.247787 -0.032066 0.000000
0.001757 335.111115 165.333298 -0.000142 -0.001029 0.000000
-0.003334 338.666687 165.333298 0.123823 -0.001029 0.000000
0.009394 341.333313 165.333298 0.092830 -0.001029 0.000000
-0.003334 341.333313 165.333298 -0.000142 -0.001029 0.000000
-0.000788 344.888885 166.222198 0.123823 0.030009 0.000000
0.011940 347.555511 167.111099 0.092830 0.030009 0.000000
0.006849 351.111115 168.888901 0.123824 0.061047 0.000000
0.004303 353.777802 170.666702 0.092832 0.061047 0.000000
-0.003334 353.777802 170.666702 -0.000142 -0.001029 0.000000
-0.000788 357.333313 171.555603 0.123821 0.030009 0.000000
0.014486 360.888885 173.333298 0.123823 0.061043 0.000000
-0.000788 364.444489 174.222198 0.123824 0.030009 0.000000
-0.000788 364.444489 174.222198 -0.000142 -0.001029 0.000000
0.011940 368.000000 176.000000 0.123821 0.061047 0.000000
-0.003334 370.666687 177.777802 0.092832 0.061047 0.000000
-0.000788 370.666687 177.777802 -0.000142 -0.001029 0.000000
0.011940 376.000000 183.111099 0.185804 0.185193 0.000000
-0.003334 376.000000 183.111099 -0.000142 -0.001029 0.000000
0.001757 377.777802 185.777802 0.061841 0.092084 0.000000
0.011940 378.666687 188.444397 0.030849 0.092080 0.000000
-0.005880 378.666687 188.444397 -0.000142 -0.001029 0.000000
-0.000788 380.444489 191.111099 0.061841 0.092084 0.000000
0.009394 381.333313 193.777802 0.030847 0.092084 0.000000
-0.005880 381.333313 193.777802 -0.000142 -0.001029 0.000000
0.001757 382.222198 195.555603 0.030849 0.061047 0.000000
-0.000788 383.111115 198.222198 0.030850 0.092080 0.000000
0.006849 383.111115 198.222198 -0.000142 -0.001029 0.000000
-0.000788 384.000000 200.888901 0.030849 0.092084 0.000000
-0.000788 385.777802 202.666702 0.061841 0.061047 0.000000
0.009394 387.555511 205.333298 0.061838 0.092080 0.000000
0.004303 388.444489 208.000000 0.030852 0.092084 0.000000
0.011940 388.444489 208.000000 -0.000142 -0.001029 0.000000
-0.000788 390.222198 209.777802 0.061838 0.061047 0.000000
-0.000788 392.000000 212.444397 0.061841 0.092080 0.000000
0.009394 392.888885 213.333298 0.030849 0.030009 0.000000
-0.003334 392.888885 213.333298 -0.000142 -0.001029 0.000000
-0.003334 393.777802 214.222198 0.030850 0.030009 0.000000
0.011940 394.666687 215.111099 0.030849 0.030009 0.000000
-0.003334 394.666687 215.111099 -0.000142 -0.001029 0.000000
-0.003334 394.666687 215.111099 -0.000142 -0.001029 0.000000
0.009394 394.666687 215.111099 -0.000142 -0.001029 0.000000
-0.000788 394.666687 215.111099 -0.000142 -0.001029 0.000000
-0.003334 394.666687 215.111099 -0.000142 -0.001029 0.000000
-0.000788 394.666687 215.111099 -0.000142 -0.001029 0.000000
0.009394 394.666687 214.222198 -0.000142 -0.032066 0.000000
-0.000788 394.666687 214.222198 -0.000142 -0.001029 0.000000
0.001757 394.666687 212.444397 -0.000142 -0.063104 0.000000
0.011940 394.666687 210.666702 -0.000142 -0.063100 0.000000
0.001757 394.666687 208.888901 -0.000142 -0.063104 0.000000
-0.005880 394.666687 208.888901 -0.000142 -0.001029 0.000000
0.009394 394.666687 208.000000 -0.000142 -0.032066 0.000000
-0.000788 392.888885 207.111099 -0.062125 -0.032066 0.000000
-0.000788 390.222198 206.222198 -0.093116 -0.032066 0.000000
0.011940 390.222198 206.222198 -0.000142 -0.001029 0.000000
-0.003334 386.666687 206.222198 -0.124105 -0.001029 0.000000
-0.000788 383.111115 206.222198 -0.124107 -0.001029 0.000000
0.009394 380.444489 206.222198 -0.093114 -0.001029 0.000000
-0.003334 380.444489 206.222198 -0.000142 -0.001029 0.000000
0.004303 378.666687 206.222198 -0.062125 -0.001029 0.000000
0.009394 376.888885 206.222198 -0.062125 -0.001029 0.000000
-0.000788 376.000000 206.222198 -0.031133 -0.001029 0.000000
0.009394 375.111115 206.222198 -0.031133 -0.001029 0.000000
0.009394 375.111115 206.222198 -0.000142 -0.001029 0.000000
0.045035 374.222198 204.444397 -0.031134 -0.063104 0.000000
0.037397 373.333313 203.555603 -0.031133 -0.032062 0.000000
0.055218 367.111115 204.444397 -0.217079 0.030005 0.000000
0.057763 361.777802 206.222198 -0.186088 0.061047 0.000000
0.042489 359.111115 207.111099 -0.093116 0.030009 0.000000
0.029760 359.111115 207.111099 -0.000142 -0.001029 0.000000
0.057763 359.111115 207.111099 -0.000142 -0.001029 0.000000
0.037397 359.111115 207.111099 -0.000142 -0.001029 0.000000
0.011940 359.111115 207.111099 -0.000142 -0.001029 3.000000
0.027215 359.111115 207.111099 -0.000142 -0.001029 3.000000
0.045035 361.777802 207.111099 0.092832 -0.001029 3.000000
0.024669 367.111115 207.111099 0.185804 -0.001029 3.000000
0.057763 377.777802 206.222198 0.371752 -0.032066 3.000000
0.047580 384.000000 205.333298 0.216795 -0.032066 3.000000
0.047580 387.555511 205.333298 0.123821 -0.001029 3.000000
0.042489 388.444489 205.333298 0.030852 -0.001029 3.000000
0.045035 388.444489 205.333298 -0.000142 -0.001029 3.000000
0.029760 388.444489 205.333298 -0.000142 -0.001029 3.000000
0.050126 385.777802 202.666702 -0.093116 -0.094138 3.000000
0.045035 378.666687 200.000000 -0.248071 -0.094141 3.000000
0.047580 364.444489 198.222198 -0.495999 -0.063104 3.000000
0.050126 335.111115 197.333298 -1.022850 -0.032066 3.000000
0.029760 325.333313 197.333298 -0.341045 -0.001029 3.000000
0.055218 299.555511 190.222198 -0.898885 -0.249326 3.000000
0.052672 281.777802 180.444397 -0.619962 -0.342438 3.000000
0.032306 257.777802 166.222198 -0.836902 -0.497623 3.000000
0.004303 242.666702 159.111099 -0.526991 -0.249326 0.000000
0.009394 226.666702 153.777802 -0.557982 -0.187250 0.000000
0.001757 210.666702 149.333298 -0.557982 -0.156217 0.000000
0.014486 195.555603 148.444397 -0.526991 -0.032066 0.000000
0.001757 195.555603 148.444397 -0.000142 -0.001029 0.000000
0.004303 182.222198 148.444397 -0.465011 -0.001029 0.000000
0.017032 163.555603 155.555603 -0.650953 0.247272 1.000000
0.006849 163.555603 155.555603 -0.000142 -0.001029 1.000000
0.017032 151.111099 174.222198 -0.434020 0.650750 1.000000
0.004303 151.111099 174.222198 -0.000142 -0.001029 1.000000
0.017032 146.666702 206.222198 -0.155096 1.116310 2.000000
0.001757 146.666702 206.222198 -0.000142 -0.001029 2.000000
0.022123 144.888901 244.444397 -0.062125 1.333569 2.000000
0.011940 144.000000 262.222198 -0.031134 0.619716 2.000000
0.022123 144.000000 277.333313 -0.000142 0.526604 2.000000
0.014486 143.111099 290.666687 -0.031134 0.464531 2.000000
0.062855 143.111099 313.777802 -0.000142 0.805938 2.000000
0.006849 143.111099 315.555511 -0.000142 0.061043 2.000000
0.039943 143.111099 311.111115 -0.000142 -0.156213 2.000000
0.024669 148.444397 286.222198 0.185803 -0.870070 0.000000
0.006849 152.000000 266.666687 0.123824 -0.683845 0.000000
0.045035 154.666702 216.000000 0.092832 -1.770148 0.000000
0.045035 151.111099 158.222198 -0.124108 -2.018446 0.000000
0.060309 131.555603 95.111107 -0.681944 -2.204667 0.000000
0.037397 113.777802 75.555557 -0.619965 -0.683846 0.000000
0.037397 94.222221 66.666656 -0.681947 -0.311401 0.000000
0.039943 76.444443 64.000000 -0.619964 -0.094140 1.000000
0.006849 70.222221 64.000000 -0.217080 -0.001029 1.000000
0.014486 66.666656 66.666656 -0.124107 0.092083 2.000000
0.004303 66.666656 66.666656 -0.000142 -0.001029 2.000000
0.014486 64.888893 74.666656 -0.062124 0.278306 2.000000
-0.000788 64.888893 74.666656 -0.000142 -0.001029 2.000000
0.057763 81.777779 95.111107 0.588689 0.712827 2.000000
0.037397 106.666702 109.333298 0.867610 0.495565 2.000000
0.062855 160.000000 128.000000 1.859323 0.650753 2.000000
0.034852 196.444397 139.555603 1.270492 0.402456 2.000000
0.017032 215.111099 144.000000 0.650672 0.154156 0.000000
0.001757 232.000000 146.666702 0.588689 0.092084 0.000000
0.011940 248.000000 148.444397 0.557698 0.061043 0.000000
0.019577 262.222198 150.222198 0.495715 0.061047 0.000000
0.011940 274.666687 152.888901 0.433735 0.092084 0.000000
0.006849 285.333313 156.444397 0.371750 0.123118 0.000000
0.045035 304.000000 166.222198 0.650672 0.340381 0.000000
0.014486 311.111115 172.444397 0.247787 0.216231 0.000000
0.006849 319.111115 177.777802 0.278778 0.185197 0.000000
0.017032 333.333313 186.666702 0.495715 0.309344 0.000000
0.006849 333.333313 186.666702 -0.000142 -0.001029 0.000000
0.004303 340.444489 188.444397 0.247789 0.061043 0.000000
0.022123 354.666687 189.333298 0.495715 0.030009 0.000000
0.019577 361.777802 188.444397 0.247787 -0.032066 0.000000
0.006849 368.000000 185.777802 0.216795 -0.094138 0.000000
0.027215 382.222198 172.444397 0.495715 -0.466589 2.000000
0.017032 389.333313 162.666702 0.247787 -0.342435 2.000000
0.017032 395.555511 152.000000 0.216795 -0.373476 2.000000
0.004303 401.777802 142.222198 0.216798 -0.342438 2.000000
0.019577 407.111115 134.222198 0.185804 -0.280363 2.000000
0.011940 412.444489 127.111099 0.185806 -0.249326 2.000000
0.019577 417.777802 121.777802 0.185804 -0.187250 2.000000
0.011940 428.444489 112.000000 0.371752 -0.342438 2.000000
0.024669 433.777802 106.666702 0.185804 -0.187250 2.000000
0.057763 441.777802 85.333344 0.278778 -0.745922 2.000000
0.034852 438.222198 66.666656 -0.124108 -0.652810 2.000000
0.034852 424.888885 49.777779 -0.465008 -0.590735 0.000000
0.001757 424.888885 49.777779 -0.000142 -0.001029 0.000000
0.042489 407.111115 40.888889 -0.619964 -0.311400 0.000000
0.045035 379.555511 38.222221 -0.960868 -0.094140 0.000000
0.045035 359.111115 42.666672 -0.712936 0.154158 0.000000
0.042489 336.000000 52.444439 -0.805911 0.340380 0.000000
0.019577 326.222198 59.555561 -0.341045 0.247269 0.000000
0.014486 310.222198 80.888893 -0.557982 0.743864 0.000000
0.062855 301.333313 108.444397 -0.310053 0.961122 0.000000
0.014486 296.000000 136.888901 -0.186088 0.992163 1.000000
0.052672 292.444489 168.888901 -0.124105 1.116310 2.000000
0.067946 280.888885 221.333298 -0.403028 1.830163 2.000000
0.004303 275.555511 238.222198 -0.186090 0.588678 2.000000
0.024669 270.222198 254.222198 -0.186088 0.557641 2.000000
0.006849 264.888885 268.444489 -0.186088 0.495569 2.000000
0.006849 258.666687 282.666687 -0.217079 0.495565 2.000000
0.011940 252.444397 295.111115 -0.217082 0.433491 2.000000
0.004303 247.111099 304.888885 -0.186088 0.340380 2.000000
0.017032 240.888901 314.666687 -0.217079 0.340381 2.000000
0.001757 234.666702 321.777802 -0.217079 0.247269 2.000000
0.014486 228.444397 328.888885 -0.217083 0.247268 2.000000
0.004303 222.222198 335.111115 -0.217079 0.216232 2.000000
0.004303 216.000000 341.333313 -0.217079 0.216231 2.000000
0.017032 209.777802 346.666687 -0.217079 0.185196 0.000000
0.004303 204.444397 352.000000 -0.186091 0.185194 0.000000
0.014486 200.000000 355.555511 -0.155096 0.123119 0.000000
0.004303 198.222198 357.333313 -0.062125 0.061047 0.000000
0.017032 196.444397 359.111115 -0.062125 0.061047 0.000000
0.004303 196.444397 359.111115 -0.000142 -0.001029 0.000000
0.057763 197.333298 348.444489 0.030849 -0.373473 0.000000
0.045035 203.555603 320.888885 0.216799 -0.963183 0.000000
0.042489 208.888901 256.888885 0.185803 -2.235705 0.000000
0.050126 202.666702 217.777802 -0.217079 -1.366663 0.000000
0.062855 176.000000 185.777802 -0.929877 -1.118367 0.000000
0.050126 136.888901 174.222198 -1.363751 -0.404514 2.000000
0.009394 136.888901 174.222198 -0.000142 -0.001029 2.000000
0.024669 108.444397 173.333298 -0.991860 -0.032066 2.000000
0.011940 95.111107 174.222198 -0.465007 0.030009 2.000000
0.019577 82.666656 177.777802 -0.434018 0.123122 2.000000
0.009394 70.222221 182.222198 -0.434017 0.154156 2.000000
0.017032 45.333328 191.111099 -0.867893 0.309344 2.000000
0.011940 45.333328 191.111099 -0.000142 -0.001029 2.000000
0.017032 25.777781 199.111099 -0.681946 0.278306 2.000000
0.022123 19.555559 202.666702 -0.217080 0.123122 2.000000
0.004303 15.111110 203.555603 -0.155098 0.030009 2.000000
0.022123 14.222220 204.444397 -0.031133 0.030005 2.000000
0.004303 16.000000 203.555603 0.061840 -0.032062 2.000000
0.022123 32.888889 194.666702 0.588689 -0.311401 3.000000
0.029760 45.333328 187.555603 0.433733 -0.249326 0.000000
0.039943 88.000000 170.666702 1.487431 -0.590735 0.000000
0.042489 106.666702 172.444397 0.650672 0.061043 0.000000
0.042489 113.777802 188.444397 0.247786 0.557641 0.000000
0.042489 112.888901 213.333298 -0.031134 0.868013 0.000000
0.042489 104.000000 241.777802 -0.310054 0.992163 0.000000
0.075583 88.000000 283.555511 -0.557982 1.457716 0.000000
0.001757 81.777779 296.000000 -0.217080 0.433493 0.000000
0.006849 73.777779 309.333313 -0.279062 0.464528 0.000000
0.017032 64.888893 323.555511 -0.310053 0.495565 2.000000
0.004303 55.111111 337.777802 -0.341045 0.495569 2.000000
0.034852 36.444439 365.333313 -0.650956 0.961122 2.000000
0.052672 25.777781 384.000000 -0.372035 0.650753 2.000000
0.047580 25.777781 387.555511 -0.000142 0.123119 2.000000
0.029760 30.222219 380.444489 0.154813 -0.249323 2.000000
0.052672 57.777779 330.666687 0.960582 -1.739111 3.000000
0.014486 70.222221 305.777802 0.433733 -0.870069 3.000000
-0.003334 84.444443 278.222198 0.495716 -0.963183 3.000000
0.004303 84.444443 278.222198 -0.000142 -0.001029 3.000000
0.017032 113.777802 228.444397 1.022565 -1.739111 0.000000
0.001757 113.777802 228.444397 -0.000142 -0.001029 0.000000
0.014486 143.111099 196.444397 1.022563 -1.118367 0.000000
0.004303 143.111099 196.444397 -0.000142 -0.001029 0.000000
0.001757 157.333298 185.777802 0.495715 -0.373472 0.000000
0.017032 170.666702 176.888901 0.464727 -0.311401 0.000000
0.004303 184.000000 169.777802 0.464723 -0.249326 0.000000
0.017032 197.333298 163.555603 0.464723 -0.218288 0.000000
0.006849 210.666702 157.333298 0.464727 -0.218292 0.000000
0.032306 237.333298 144.888901 0.929589 -0.435547 0.000000
0.039943 261.333313 134.222198 0.836618 -0.373476 0.000000
0.029760 279.111115 126.222198 0.619681 -0.280363 0.000000
0.017032 287.111115 123.555603 0.278778 -0.094138 2.000000
0.029760 294.222198 122.666702 0.247786 -0.032066 2.000000
0.027215 309.333313 122.666702 0.526707 -0.001029 2.000000
0.009394 318.222198 124.444397 0.309769 0.061043 2.000000
0.019577 328.000000 127.111099 0.340761 0.092084 2.000000
0.004303 338.666687 129.777802 0.371752 0.092084 2.000000
0.019577 359.111115 135.111099 0.712653 0.185193 2.000000
0.006849 359.111115 135.111099 -0.000142 -0.001029 2.000000
0.014486 374.222198 138.666702 0.526706 0.123122 2.000000
0.009394 374.222198 138.666702 -0.000142 -0.001029 2.000000
0.017032 383.111115 142.222198 0.309770 0.123118 2.000000
0.009394 384.888885 144.888901 0.061840 0.092084 2.000000
0.042489 384.888885 151.111099 -0.000142 0.216231 0.000000
0.083221 349.333313 152.888901 -1.239787 0.061047 0.000000
0.039943 323.555511 140.444397 -0.898885 -0.435551 0.000000
0.029760 312.000000 132.444397 -0.403025 -0.280363 0.000000
0.060309 279.111115 101.333298 -1.146813 -1.087329 0.000000
0.052672 239.111099 61.333328 -1.394743 -1.397700 0.000000
0.004303 239.111099 61.333328 -0.000142 -0.001029 0.000000
0.047580 211.555603 37.333328 -0.960864 -0.839032 0.000000
0.052672 181.333298 17.777781 -1.053843 -0.683846 1.000000
0.067946 168.888901 14.222220 -0.434016 -0.125177 2.000000
0.047580 166.222198 16.888889 -0.093117 0.092083 2.000000
0.042489 167.111099 32.000000 0.030849 0.526603 2.000000
0.029760 173.333298 55.111111 0.216795 0.805938 2.000000
0.014486 176.888901 67.555557 0.123824 0.433492 2.000000
0.004303 180.444397 80.000000 0.123820 0.433492 2.000000
0.014486 182.222198 92.444443 0.061841 0.433492 2.000000
0.004303 183.111099 104.000000 0.030849 0.402455 2.000000
0.019577 182.222198 126.222198 -0.031134 0.774900 2.000000
0.006849 182.222198 126.222198 -0.000142 -0.001029 2.000000
0.019577 178.666702 140.444397 -0.124105 0.495565 3.000000
0.006849 178.666702 140.444397 -0.000142 -0.001029 3.000000
0.017032 177.777802 144.888901 -0.031134 0.154159 0.000000
0.004303 177.777802 144.888901 -0.000142 -0.001029 0.000000
0.017032 178.666702 142.222198 0.030849 -0.094141 0.000000
0.004303 178.666702 142.222198 -0.000142 -0.001029 0.000000
0.006849 187.555603 129.777802 0.309769 -0.435547 0.000000
0.017032 193.777802 120.888901 0.216795 -0.311401 0.000000
0.009394 200.888901 110.222198 0.247786 -0.373476 0.000000
0.017032 210.666702 99.555557 0.340761 -0.373474 0.000000
0.009394 221.333298 89.777779 0.371749 -0.342438 0.000000
0.039943 248.888901 74.666656 0.960584 -0.528661 0.000000
0.032306 280.888885 66.666656 1.115537 -0.280363 0.000000
0.052672 313.777802 64.888893 1.146530 -0.063102 0.000000
0.037397 348.444489 71.111107 1.208512 0.216231 1.000000
0.017032 363.555511 77.333344 0.526704 0.216232 2.000000
0.022123 387.555511 96.000000 0.836618 0.650752 2.000000
0.067946 408.000000 141.333298 0.712655 1.581866 2.000000
-0.000788 408.000000 141.333298 -0.000142 -0.001029 2.000000
0.001757 410.666687 158.222198 0.092832 0.588678 2.000000
0.014486 413.333313 175.111099 0.092830 0.588678 2.000000
0.004303 414.222198 190.222198 0.030849 0.526603 2.000000
0.017032 415.111115 204.444397 0.030850 0.495565 2.000000
0.001757 416.000000 216.888901 0.030849 0.433494 2.000000
0.006849 416.000000 228.444397 -0.000142 0.402453 2.000000
0.014486 416.000000 238.222198 -0.000142 0.340381 2.000000
0.006849 416.000000 248.000000 -0.000142 0.340381 2.000000
0.014486 414.222198 256.000000 -0.062125 0.278306 2.000000
0.004303 411.555511 264.000000 -0.093116 0.278306 0.000000
0.017032 407.111115 271.111115 -0.155096 0.247269 0.000000
0.001757 402.666687 277.333313 -0.155097 0.216231 0.000000
0.014486 395.555511 282.666687 -0.248073 0.185196 0.000000
0.004303 387.555511 286.222198 -0.279062 0.123119 0.000000
0.004303 377.777802 287.111115 -0.341042 0.030010 0.000000
0.011940 368.000000 287.111115 -0.341045 -0.001029 0.000000
0.009394 357.333313 282.666687 -0.372036 -0.156214 0.000000
0.055218 339.555511 265.777802 -0.619965 -0.590735 0.000000
0.027215 326.222198 235.555603 -0.465008 -1.056292 0.000000
0.052672 315.555511 192.888901 -0.372036 -1.490814 0.000000
0.052672 290.666687 134.222198 -0.867891 -2.049484 0.000000
0.042489 264.888885 112.888901 -0.898885 -0.745920 0.000000
0.045035 223.111099 103.111099 -1.456725 -0.342438 1.000000
0.042489 203.555603 109.333298 -0.681944 0.216231 2.000000
0.045035 191.111099 125.333298 -0.434020 0.557641 2.000000
0.047580 184.000000 150.222198 -0.248071 0.868013 2.000000
0.014486 183.111099 166.222198 -0.031134 0.557641 2.000000
0.009394 183.111099 182.222198 -0.000142 0.557641 2.000000
0.039943 185.777802 216.000000 0.092832 1.178385 2.000000
0.042489 192.000000 245.333298 0.216795 1.023197 2.000000
0.042489 207.111099 283.555511 0.526706 1.333570 3.000000
0.037397 212.444397 293.333313 0.185803 0.340381 0.000000
0.004303 220.444397 301.333313 0.278778 0.278306 0.000000
0.034852 238.222198 312.888885 0.619681 0.402455 0.000000
0.052672 257.777802 317.333313 0.681664 0.154157 0.000000
0.029760 274.666687 317.333313 0.588689 -0.001029 0.000000
0.050126 288.888885 315.555511 0.495715 -0.063104 0.000000
0.052672 308.444489 303.111115 0.681664 -0.435547 0.000000
0.034852 322.666687 282.666687 0.495715 -0.714883 0.000000
0.052672 340.444489 246.222198 0.619681 -1.273554 0.000000
0.014486 361.777802 195.555603 0.743644 -1.770145 1.000000
0.009394 372.444489 170.666702 0.371752 -0.870070 1.000000
0.011940 381.333313 148.444397 0.309767 -0.776961 2.000000
0.037397 388.444489 130.666702 0.247789 -0.621769 2.000000
0.027215 396.444489 112.000000 0.278778 -0.652811 2.000000
0.042489 398.222198 105.777802 0.061838 -0.218288 2.000000
0.039943 389.333313 105.777802 -0.310053 -0.001029 2.000000
0.042489 352.888885 128.000000 -1.270777 0.774900 2.000000
0.017032 336.000000 142.222198 -0.588973 0.495565 2.000000
0.004303 318.222198 157.333298 -0.619965 0.526603 2.000000
0.019577 298.666687 172.444397 -0.681945 0.526603 3.000000
0.006849 278.222198 187.555603 -0.712939 0.526607 3.000000
0.017032 256.888885 200.888901 -0.743928 0.464528 0.000000
0.004303 234.666702 212.444397 -0.774919 0.402453 0.000000
0.004303 234.666702 212.444397 -0.000142 -0.001029 0.000000
0.017032 192.000000 234.666702 -1.487717 0.774904 0.000000
-0.000788 192.000000 234.666702 -0.000142 -0.001029 0.000000
0.017032 152.000000 256.000000 -1.394742 0.743862 0.000000
0.001757 152.000000 256.000000 -0.000142 -0.001029 0.000000
0.014486 115.555603 274.666687 -1.270776 0.650753 0.000000
0.004303 115.555603 274.666687 -0.000142 -0.001029 0.000000
0.006849 99.555557 282.666687 -0.557984 0.278306 0.000000
0.017032 85.333344 287.111115 -0.496000 0.154157 0.000000
0.001757 75.555557 289.777802 -0.341045 0.092084 0.000000
0.037397 62.222221 285.333313 -0.465009 -0.156216 0.000000
0.073038 65.777779 237.333298 0.123822 -1.677037 0.000000
0.029760 72.888893 221.333298 0.247787 -0.559698 0.000000
0.019577 93.333344 187.555603 0.712654 -1.180438 2.000000
0.009394 93.333344 187.555603 -0.000142 -0.001029 2.000000
0.039943 115.555603 157.333298 0.774637 -1.056296 2.000000
0.037397 146.666702 121.777802 1.084546 -1.242514 2.000000
0.039943 162.666702 102.222198 0.557698 -0.683848 2.000000
0.078129 179.555603 81.777779 0.588689 -0.714883 2.000000
0.029760 183.111099 79.111107 0.123820 -0.094140 2.000000
0.037397 191.111099 81.777779 0.278778 0.092083 0.000000
0.034852 192.888901 87.111107 0.061841 0.185194 0.000000
0.034852 194.666702 104.000000 0.061841 0.588678 0.000000
0.006849 196.444397 113.777802 0.061837 0.340381 0.000000
0.034852 200.000000 136.000000 0.123824 0.774900 0.000000
0.055218 215.111099 172.444397 0.526706 1.271494 0.000000
0.011940 221.333298 184.888901 0.216795 0.433494 0.000000
0.001757 221.333298 184.888901 -0.000142 -0.001029 0.000000
0.014486 233.777802 209.777802 0.433735 0.868013 0.000000
-0.000788 233.777802 209.777802 -0.000142 -0.001029 0.000000
0.004303 238.222198 221.333298 0.154812 0.402453 0.000000
0.011940 241.777802 232.888901 0.123824 0.402456 0.000000
0.004303 243.555603 243.555603 0.061841 0.371419 0.000000
0.037397 245.333298 264.888885 0.061837 0.743862 1.000000
0.009394 245.333298 274.666687 -0.000142 0.340381 1.000000
0.011940 247.111099 284.444489 0.061841 0.340381 2.000000
0.006849 248.888901 293.333313 0.061841 0.309341 2.000000
0.037397 250.666702 299.555511 0.061841 0.216231 2.000000
0.011940 256.000000 308.444489 0.185803 0.309346 2.000000
0.034852 258.666687 312.000000 0.092832 0.123119 2.000000
0.027215 259.555511 312.888885 0.030847 0.030009 2.000000
0.037397 259.555511 313.777802 -0.000142 0.030010 2.000000
0.060309 255.111099 314.666687 -0.155097 0.030009 2.000000
