0.006849 164.444397 166.222198 0.092829 0.433490 2.000000
0.042489 172.444397 191.111099 0.278778 0.868013 2.000000
0.047580 183.111099 217.777802 0.371752 0.930088 2.000000
0.017032 187.555603 230.222198 0.154815 0.433490 2.000000
0.004303 191.111099 242.666702 0.123820 0.433494 2.000000
0.014486 192.888901 262.222198 0.061841 0.681787 2.000000
0.001757 192.888901 262.222198 -0.000142 -0.001029 2.000000
0.017032 192.888901 268.444489 -0.000142 0.216234 2.000000
0.006849 192.888901 278.222198 -0.000142 0.340378 0.000000
0.022123 192.888901 282.666687 -0.000142 0.154159 0.000000
0.006849 192.888901 287.111115 -0.000142 0.154157 0.000000
0.017032 192.888901 292.444489 -0.000142 0.185196 0.000000
0.006849 192.888901 297.777802 -0.000142 0.185194 0.000000
0.001757 192.888901 297.777802 -0.000142 -0.001029 0.000000
0.017032 192.888901 309.333313 -0.000142 0.402453 0.000000
0.001757 192.888901 309.333313 -0.000142 -0.001029 0.000000
0.019577 192.000000 320.000000 -0.031134 0.371418 0.000000
0.004303 191.111099 324.444489 -0.031134 0.154159 0.000000
0.014486 190.222198 328.000000 -0.031134 0.123119 0.000000
0.004303 190.222198 328.000000 -0.000142 -0.001029 0.000000
0.017032 186.666702 332.444489 -0.124105 0.154159 0.000000
0.004303 184.000000 334.222198 -0.093117 0.061043 0.000000
0.017032 182.222198 335.111115 -0.062125 0.030010 0.000000
0.006849 179.555603 336.000000 -0.093113 0.030009 1.000000
0.004303 178.666702 336.888885 -0.031134 0.030009 1.000000
0.014486 177.777802 336.888885 -0.031134 -0.001029 1.000000
0.001757 177.777802 336.888885 -0.000142 -0.001029 1.000000
0.017032 176.888901 336.000000 -0.031134 -0.032066 2.000000
0.006849 176.888901 332.444489 -0.000142 -0.125176 2.000000
0.014486 176.000000 327.111115 -0.031134 -0.187253 2.000000
0.011940 175.111099 319.111115 -0.031134 -0.280363 2.000000
0.032306 168.888901 297.777802 -0.217079 -0.745920 2.000000
0.027215 164.444397 285.333313 -0.155100 -0.435551 2.000000
0.047580 144.888901 237.333298 -0.681944 -1.677037 2.000000
0.060309 128.000000 207.111099 -0.588974 -1.056292 2.000000
0.027215 109.333298 184.000000 -0.650957 -0.807995 2.000000
0.067946 80.000000 163.555603 -1.022848 -0.714882 0.000000
0.034852 63.111111 157.333298 -0.588973 -0.218292 0.000000
0.011940 58.666672 155.555603 -0.155098 -0.063100 0.000000
0.022123 56.000000 154.666702 -0.093116 -0.032066 0.000000
0.024669 54.222221 153.777802 -0.062124 -0.032066 0.000000
0.050126 54.222221 160.000000 -0.000142 0.216231 0.000000
0.042489 54.222221 178.666702 -0.000142 0.650753 0.000000
0.037397 54.222221 197.333298 -0.000142 0.650750 0.000000
0.037397 54.222221 214.222198 -0.000142 0.588678 0.000000
0.060309 53.333328 240.000000 -0.031133 0.899050 1.000000
0.004303 53.333328 251.555603 -0.000142 0.402456 2.000000
0.017032 55.111111 264.000000 0.061840 0.433490 2.000000
0.004303 57.777779 276.444489 0.092831 0.433493 2.000000
0.019577 60.444439 288.000000 0.092831 0.402453 2.000000
0.027215 64.888893 309.333313 0.154814 0.743863 2.000000
0.073038 70.222221 328.888885 0.185804 0.681790 2.000000
0.039943 74.666656 330.666687 0.154813 0.061047 2.000000
0.042489 83.555557 325.333313 0.309769 -0.187253 2.000000
0.042489 97.777779 310.222198 0.495716 -0.528661 3.000000
0.045035 132.444397 277.333313 1.208510 -1.149404 0.000000
0.006849 132.444397 277.333313 -0.000142 -0.001029 0.000000
0.001757 146.666702 264.888885 0.495719 -0.435548 0.000000
0.017032 161.777802 253.333298 0.526706 -0.404513 0.000000
0.001757 176.888901 242.666702 0.526706 -0.373472 0.000000
0.019577 192.888901 233.777802 0.557698 -0.311401 0.000000
0.009394 209.777802 225.777802 0.588689 -0.280363 0.000000
0.017032 242.666702 210.666702 1.146529 -0.528660 0.000000
0.006849 242.666702 210.666702 -0.000142 -0.001029 0.000000
0.019577 272.000000 199.111099 1.022563 -0.404514 0.000000
0.006849 285.333313 194.666702 0.464724 -0.156213 0.000000
0.017032 297.777802 190.222198 0.433735 -0.156217 0.000000
0.006849 310.222198 188.444397 0.433732 -0.063104 0.000000
0.019577 320.888885 186.666702 0.371752 -0.063100 0.000000
0.009394 331.555511 186.666702 0.371750 -0.001029 0.000000
0.024669 351.111115 189.333298 0.681664 0.092080 2.000000
0.017032 360.000000 192.000000 0.309769 0.092084 2.000000
0.062855 385.777802 198.222198 0.898601 0.216231 2.000000
0.042489 400.888885 199.111099 0.526706 0.030009 2.000000
0.037397 414.222198 198.222198 0.464724 -0.032066 2.000000
0.032306 424.888885 192.000000 0.371752 -0.218288 2.000000
0.070492 440.888885 168.888901 0.557698 -0.807995 2.000000
0.052672 452.444489 147.555603 0.402744 -0.745920 2.000000
0.009394 458.666687 137.777802 0.216795 -0.342438 2.000000
0.027215 469.333313 122.666702 0.371750 -0.528660 2.000000
0.024669 476.444489 112.000000 0.247789 -0.373476 0.000000
0.052672 479.111115 104.888901 0.092830 -0.249326 0.000000
0.052672 477.333313 99.555557 -0.062125 -0.187252 0.000000
0.009394 473.777802 96.888893 -0.124105 -0.094140 0.000000
0.055218 457.777802 91.555557 -0.557982 -0.187252 0.000000
0.062855 434.666687 88.888893 -0.805911 -0.094140 0.000000
0.037397 414.222198 86.222221 -0.712939 -0.094140 0.000000
0.011940 402.666687 84.444443 -0.403025 -0.063103 0.000000
0.014486 389.333313 82.666656 -0.465010 -0.063103 0.000000
0.042489 365.333313 76.444443 -0.836902 -0.218288 2.000000
0.037397 346.666687 71.111107 -0.650954 -0.187252 2.000000
0.029760 339.555511 68.444443 -0.248073 -0.094140 2.000000
0.011940 332.444489 64.888893 -0.248068 -0.125177 2.000000
0.042489 329.777802 64.000000 -0.093116 -0.032066 2.000000
0.050126 329.777802 63.111111 -0.000142 -0.032066 2.000000
0.047580 329.777802 63.111111 -0.000142 -0.001029 2.000000
0.019577 328.888885 62.222221 -0.031134 -0.032066 2.000000
0.047580 328.888885 59.555561 -0.000142 -0.094140 2.000000
0.014486 328.888885 54.222221 -0.000142 -0.187252 0.000000
0.024669 330.666687 50.666672 0.061841 -0.125177 0.000000
0.047580 337.777802 43.555561 0.247787 -0.249326 0.000000
0.045035 347.555511 38.222221 0.340758 -0.187252 0.000000
0.045035 362.666687 34.666672 0.526709 -0.125177 0.000000
0.042489 376.000000 35.555561 0.464724 0.030009 0.000000
0.039943 393.777802 43.555561 0.619681 0.278306 0.000000
0.032306 412.444489 56.000000 0.650672 0.433492 0.000000
0.050126 425.777802 70.222221 0.464724 0.495566 0.000000
0.057763 430.222198 96.000000 0.154812 0.899050 1.000000
0.039943 419.555511 117.333298 -0.372036 0.743862 2.000000
0.032306 410.666687 129.777802 -0.310051 0.433494 2.000000
0.057763 379.555511 168.000000 -1.084833 1.333569 2.000000
0.050126 331.555511 194.666702 -1.673662 0.930088 2.000000
-0.000788 331.555511 194.666702 -0.000142 -0.001029 2.000000
0.011940 312.000000 202.666702 -0.681945 0.278306 2.000000
0.055218 256.888885 221.333298 -1.921591 0.650750 2.000000
0.032306 235.555603 224.888901 -0.743927 0.123122 2.000000
0.024669 229.333298 224.000000 -0.217083 -0.032066 3.000000
0.014486 226.666702 217.777802 -0.093113 -0.218288 3.000000
0.001757 226.666702 209.777802 -0.000142 -0.280363 0.000000
0.014486 228.444397 197.333298 0.061837 -0.435551 0.000000
0.004303 232.888901 183.111099 0.154815 -0.497623 0.000000
0.004303 238.222198 166.222198 0.185803 -0.590735 0.000000
0.011940 244.444397 147.555603 0.216795 -0.652807 0.000000
0.006849 249.777802 129.777802 0.185807 -0.621773 0.000000
0.011940 253.333298 114.666702 0.123820 -0.528660 0.000000
0.006849 256.000000 101.333298 0.092832 -0.466589 0.000000
0.014486 256.000000 90.666656 -0.000142 -0.373474 0.000000
0.004303 256.000000 90.666656 -0.000142 -0.001029 0.000000
0.006849 254.222198 82.666656 -0.062125 -0.280363 0.000000
0.017032 245.333298 70.222221 -0.310054 -0.435549 0.000000
0.001757 245.333298 70.222221 -0.000142 -0.001029 0.000000
0.017032 230.222198 64.000000 -0.526991 -0.218289 0.000000
0.004303 230.222198 64.000000 -0.000142 -0.001029 0.000000
0.014486 210.666702 64.888893 -0.681944 0.030009 0.000000
0.006849 210.666702 64.888893 -0.000142 -0.001029 0.000000
0.017032 189.333298 75.555557 -0.743931 0.371417 1.000000
0.029760 168.888901 98.666656 -0.712936 0.805938 2.000000
0.014486 168.888901 98.666656 -0.000142 -0.001029 2.000000
0.037397 154.666702 130.666702 -0.495999 1.116311 2.000000
0.034852 149.333298 180.444397 -0.186091 1.737050 2.000000
0.034852 149.333298 196.444397 -0.000142 0.557641 2.000000
0.062855 153.777802 248.000000 0.154815 1.799129 2.000000
0.055218 152.000000 295.111115 -0.062125 1.643942 2.000000
0.045035 148.444397 314.666687 -0.124108 0.681790 2.000000
0.017032 147.555603 320.000000 -0.031130 0.185194 2.000000
0.001757 145.777802 322.666687 -0.062125 0.092084 0.000000
0.037397 144.000000 324.444489 -0.062125 0.061047 0.000000
0.057763 137.777802 309.333313 -0.217079 -0.528663 0.000000
0.032306 136.000000 298.666687 -0.062125 -0.373473 0.000000
-0.000788 133.333298 285.333313 -0.093117 -0.466588 0.000000
0.037397 130.666702 252.444397 -0.093113 -1.149405 0.000000
0.037397 130.666702 215.111099 -0.000142 -1.304589 0.000000
0.001757 131.555603 198.222198 0.030849 -0.590735 0.000000
0.022123 133.333298 183.111099 0.061837 -0.528660 0.000000
0.037397 136.000000 158.222198 0.092832 -0.870070 0.000000
0.060309 132.444397 132.444397 -0.124108 -0.901108 1.000000
0.050126 120.000000 121.777802 -0.434016 -0.373472 2.000000
0.009394 112.000000 118.222198 -0.279062 -0.125179 2.000000
0.014486 104.000000 115.555603 -0.279062 -0.094138 2.000000
0.039943 88.888893 114.666702 -0.526991 -0.032066 2.000000
0.042489 74.666656 119.111099 -0.496000 0.154156 2.000000
0.001757 69.333344 123.555603 -0.186088 0.154159 2.000000
0.017032 64.000000 127.111099 -0.186089 0.123118 2.000000
0.052672 52.444439 141.333298 -0.403027 0.495565 2.000000
0.032306 48.888889 146.666702 -0.124106 0.185197 2.000000
0.055218 48.000000 146.666702 -0.031133 -0.001029 0.000000
0.057763 50.666672 150.222198 0.092831 0.123118 0.000000
0.037397 57.777779 157.333298 0.247787 0.247268 0.000000
0.039943 67.555557 164.444397 0.340760 0.247268 0.000000
0.037397 80.000000 171.555603 0.433733 0.247272 0.000000
0.060309 90.666656 181.333298 0.371751 0.340378 0.000000
0.042489 99.555557 200.000000 0.309769 0.650753 0.000000
0.039943 103.111099 216.888901 0.123822 0.588678 0.000000
0.052672 107.555603 238.222198 0.154815 0.743862 1.000000
0.039943 112.888901 264.000000 0.185803 0.899050 1.000000
0.034852 114.666702 292.444489 0.061841 0.992163 2.000000
0.001757 113.777802 306.666687 -0.031134 0.495565 2.000000
0.001757 113.777802 306.666687 -0.000142 -0.001029 2.000000
0.011940 104.000000 334.222198 -0.341045 0.961122 2.000000
-0.000788 104.000000 334.222198 -0.000142 -0.001029 2.000000
0.001757 98.666656 346.666687 -0.186089 0.433493 2.000000
0.011940 92.444443 357.333313 -0.217080 0.371416 2.000000
0.004303 86.222221 365.333313 -0.217080 0.278306 2.000000
0.014486 80.000000 371.555511 -0.217080 0.216231 2.000000
0.001757 73.777779 375.111115 -0.217080 0.123122 2.000000
0.001757 73.777779 375.111115 -0.000142 -0.001029 2.000000
0.014486 63.111111 377.777802 -0.372036 0.092084 2.000000
0.004303 63.111111 377.777802 -0.000142 -0.001029 2.000000
0.014486 56.000000 373.333313 -0.248071 -0.156216 2.000000
0.001757 56.000000 373.333313 -0.000142 -0.001029 2.000000
-0.000788 54.222221 367.111115 -0.062124 -0.218288 2.000000
0.014486 54.222221 357.333313 -0.000142 -0.342438 2.000000
0.001757 54.222221 344.888885 -0.000142 -0.435548 2.000000
0.014486 56.000000 330.666687 0.061840 -0.497623 2.000000
0.004303 60.444439 314.666687 0.154813 -0.559698 0.000000
0.017032 65.777779 297.777802 0.185805 -0.590735 0.000000
0.057763 88.000000 249.777802 0.774636 -1.677036 0.000000
0.037397 104.888901 226.666702 0.588689 -0.807995 0.000000
0.055218 121.777802 213.333298 0.588689 -0.466589 0.000000
0.037397 138.666702 206.222198 0.588689 -0.249326 0.000000
0.037397 154.666702 205.333298 0.557698 -0.032066 0.000000
0.060309 178.666702 218.666702 0.836618 0.464532 0.000000
0.004303 186.666702 225.777802 0.278778 0.247268 0.000000
0.017032 194.666702 232.888901 0.278778 0.247268 1.000000
0.001757 202.666702 240.000000 0.278778 0.247268 1.000000
0.014486 211.555603 247.111099 0.309769 0.247268 1.000000
-0.000788 211.555603 247.111099 -0.000142 -0.001029 1.000000
0.004303 219.555603 254.222198 0.278778 0.247268 2.000000
0.014486 237.333298 267.555511 0.619677 0.464528 2.000000
0.004303 237.333298 267.555511 -0.000142 -0.001029 2.000000
0.014486 245.333298 273.777802 0.278778 0.216234 2.000000
-0.000788 253.333298 278.222198 0.278778 0.154156 2.000000
0.001757 253.333298 278.222198 -0.000142 -0.001029 2.000000
0.019577 268.444489 283.555511 0.526709 0.185194 2.000000
0.006849 275.555511 284.444489 0.247784 0.030012 2.000000
0.011940 281.777802 285.333313 0.216798 0.030006 2.000000
0.001757 281.777802 285.333313 -0.000142 -0.001029 2.000000
0.017032 293.333313 286.222198 0.402741 0.030009 2.000000
0.039943 304.000000 288.000000 0.371752 0.061047 2.000000
0.065400 321.777802 291.555511 0.619681 0.123119 0.000000
0.039943 335.111115 293.333313 0.464724 0.061047 0.000000
0.004303 341.333313 294.222198 0.216795 0.030009 0.000000
0.019577 347.555511 295.111115 0.216795 0.030010 0.000000
0.037397 358.222198 296.000000 0.371752 0.030009 0.000000
0.057763 372.444489 295.111115 0.495718 -0.032066 0.000000
0.006849 372.444489 295.111115 -0.000142 -0.001029 0.000000
0.014486 381.333313 291.555511 0.309767 -0.125179 0.000000
0.034852 390.222198 287.111115 0.309769 -0.156213 0.000000
0.052672 399.111115 279.111115 0.309770 -0.280363 0.000000
0.055218 411.555511 264.888885 0.433732 -0.497624 0.000000
0.037397 413.333313 254.222198 0.061841 -0.373475 1.000000
0.024669 412.444489 248.888901 -0.031131 -0.187250 2.000000
0.019577 408.000000 243.555603 -0.155099 -0.187250 2.000000
0.017032 392.888885 232.000000 -0.526991 -0.404514 2.000000
0.055218 371.555511 221.333298 -0.743930 -0.373476 2.000000
0.037397 346.666687 209.777802 -0.867891 -0.404510 2.000000
0.039943 320.000000 197.333298 -0.929876 -0.435551 2.000000
-0.000788 307.555511 191.111099 -0.434019 -0.218288 2.000000
0.009394 294.222198 185.777802 -0.465008 -0.187250 2.000000
0.011940 282.666687 180.444397 -0.403025 -0.187254 2.000000
0.042489 261.333313 174.222198 -0.743930 -0.218288 3.000000
0.039943 248.888901 172.444397 -0.434017 -0.063104 0.000000
0.057763 247.111099 174.222198 -0.062125 0.061047 0.000000
0.004303 247.111099 174.222198 -0.000142 -0.001029 0.000000
0.014486 259.555511 184.000000 0.433732 0.340381 0.000000
-0.000788 259.555511 184.000000 -0.000142 -0.001029 0.000000
0.017032 281.777802 198.222198 0.774638 0.495565 0.000000
-0.000788 281.777802 198.222198 -0.000142 -0.001029 0.000000
0.001757 295.111115 206.222198 0.464724 0.278306 0.000000
0.017032 309.333313 215.111099 0.495715 0.309344 0.000000
0.001757 323.555511 224.888901 0.495715 0.340381 0.000000
0.011940 337.777802 236.444397 0.495718 0.402453 0.000000
0.001757 351.111115 248.000000 0.464724 0.402456 0.000000
-0.000788 351.111115 248.000000 -0.000142 -0.001029 0.000000
0.014486 374.222198 272.888885 0.805626 0.868012 0.000000
0.001757 374.222198 272.888885 -0.000142 -0.001029 0.000000
0.022123 393.777802 292.444489 0.681664 0.681791 0.000000
0.004303 393.777802 292.444489 -0.000142 -0.001029 0.000000
0.022123 406.222198 305.777802 0.433732 0.464528 0.000000
0.004303 410.666687 309.333313 0.154815 0.123119 1.000000
0.017032 413.333313 312.000000 0.092830 0.092084 1.000000
0.001757 415.111115 313.777802 0.061841 0.061047 2.000000
0.039943 414.222198 314.666687 -0.031134 0.030009 2.000000
0.042489 401.777802 311.111115 -0.434016 -0.125178 2.000000
0.042489 379.555511 302.222198 -0.774922 -0.311401 2.000000
0.045035 353.777802 286.222198 -0.898882 -0.559698 2.000000
0.042489 329.777802 264.888885 -0.836902 -0.745920 2.000000
0.055218 304.888885 227.555603 -0.867894 -1.304588 2.000000
0.006849 298.666687 215.111099 -0.217079 -0.435551 2.000000
0.014486 293.333313 202.666702 -0.186090 -0.435547 0.000000
0.004303 293.333313 202.666702 -0.000142 -0.001029 0.000000
0.011940 284.444489 182.222198 -0.310051 -0.714886 0.000000
0.001757 284.444489 182.222198 -0.000142 -0.001029 0.000000
0.001757 279.111115 172.444397 -0.186090 -0.342438 0.000000
0.017032 275.555511 164.444397 -0.124108 -0.280363 0.000000
-0.000788 271.111115 156.444397 -0.155096 -0.280363 0.000000
0.017032 268.444489 149.333298 -0.093114 -0.249326 0.000000
0.001757 265.777802 143.111099 -0.093116 -0.218288 0.000000
0.001757 264.000000 137.777802 -0.062125 -0.187250 0.000000
0.014486 262.222198 133.333298 -0.062125 -0.156217 0.000000
0.009394 262.222198 130.666702 -0.000142 -0.094138 0.000000
0.017032 261.333313 129.777802 -0.031133 -0.032066 0.000000
0.006849 261.333313 128.888901 -0.000142 -0.032066 0.000000
0.022123 261.333313 128.000000 -0.000142 -0.032066 0.000000
0.006849 261.333313 128.000000 -0.000142 -0.001029 0.000000
0.022123 263.111115 126.222198 0.061841 -0.063104 0.000000
0.006849 263.111115 126.222198 -0.000142 -0.001029 0.000000
0.022123 272.888885 121.777802 0.340760 -0.156213 1.000000
0.006849 280.000000 119.111099 0.247787 -0.094141 1.000000
0.022123 287.111115 117.333298 0.247787 -0.063104 2.000000
0.017032 299.555511 112.000000 0.433732 -0.187250 2.000000
0.045035 306.666687 109.333298 0.247789 -0.094141 2.000000
0.050126 308.444489 108.444397 0.061841 -0.032066 2.000000
0.045035 308.444489 107.555603 -0.000142 -0.032062 2.000000
0.001757 307.555511 107.555603 -0.031136 -0.001029 2.000000
0.019577 304.888885 107.555603 -0.093114 -0.001029 2.000000
0.004303 302.222198 107.555603 -0.093116 -0.001029 2.000000
0.004303 299.555511 107.555603 -0.093116 -0.001029 2.000000
0.019577 297.777802 109.333298 -0.062122 0.061043 2.000000
0.004303 296.000000 112.000000 -0.062125 0.092084 2.000000
0.019577 294.222198 117.333298 -0.062125 0.185193 0.000000
0.011940 294.222198 117.333298 -0.000142 -0.001029 0.000000
0.009394 295.111115 123.555603 0.030850 0.216235 0.000000
0.001757 295.111115 123.555603 -0.000142 -0.001029 0.000000
0.014486 299.555511 126.222198 0.154812 0.092080 0.000000
0.004303 307.555511 128.000000 0.278778 0.061047 0.000000
0.006849 319.111115 128.888901 0.402744 0.030009 0.000000
0.017032 332.444489 128.888901 0.464726 -0.001029 0.000000
0.006849 346.666687 128.000000 0.495715 -0.032066 0.000000
0.017032 360.888885 127.111099 0.495715 -0.032066 0.000000
0.042489 392.000000 125.333298 1.084547 -0.063104 0.000000
0.037397 397.333313 126.222198 0.185804 0.030009 0.000000
0.052672 404.444489 132.444397 0.247789 0.216231 0.000000
0.037397 400.000000 140.444397 -0.155099 0.278306 0.000000
0.001757 392.888885 144.888901 -0.248071 0.154159 1.000000
0.037397 369.777802 153.777802 -0.805910 0.309344 2.000000
0.045035 335.111115 160.888901 -1.208796 0.247268 2.000000
0.034852 290.666687 165.333298 -1.549697 0.154156 2.000000
0.001757 290.666687 165.333298 -0.000142 -0.001029 2.000000
0.014486 248.000000 168.000000 -1.487716 0.092084 2.000000
0.001757 248.000000 168.000000 -0.000142 -0.001029 2.000000
0.004303 229.333298 168.000000 -0.650957 -0.001029 2.000000
0.014486 213.333298 168.000000 -0.557982 -0.001029 2.000000
0.001757 200.888901 168.000000 -0.434016 -0.001029 2.000000
0.017032 189.333298 168.000000 -0.403028 -0.001029 2.000000
0.004303 179.555603 168.000000 -0.341041 -0.001029 2.000000
0.014486 170.666702 168.000000 -0.310054 -0.001029 2.000000
0.004303 162.666702 169.777802 -0.279062 0.061047 2.000000
-0.000788 153.777802 172.444397 -0.310054 0.092080 2.000000
0.011940 145.777802 176.000000 -0.279062 0.123122 3.000000
0.001757 145.777802 176.000000 -0.000142 -0.001029 3.000000
0.001757 136.000000 179.555603 -0.341045 0.123122 3.000000
0.014486 117.333298 186.666702 -0.650957 0.247268 0.000000
0.009394 117.333298 186.666702 -0.000142 -0.001029 0.000000
0.006849 108.444397 188.444397 -0.310054 0.061043 0.000000
0.057763 92.444443 191.111099 -0.557981 0.092084 0.000000
0.034852 88.000000 187.555603 -0.155098 -0.125175 0.000000
0.050126 87.111107 177.777802 -0.031133 -0.342438 0.000000
0.032306 85.333344 165.333298 -0.062124 -0.435551 0.000000
0.057763 77.333344 146.666702 -0.279062 -0.652807 0.000000
0.034852 73.777779 141.333298 -0.124107 -0.187254 0.000000
0.062855 64.888893 125.333298 -0.310053 -0.559698 1.000000
0.001757 62.222221 120.888901 -0.093116 -0.156213 1.000000
0.011940 59.555561 118.222198 -0.093115 -0.094141 2.000000
0.057763 43.555561 118.222198 -0.557982 -0.001029 2.000000
0.032306 28.444441 133.333298 -0.526991 0.526603 2.000000
0.060309 16.888889 157.333298 -0.403026 0.836975 2.000000
0.029760 14.222220 184.000000 -0.093116 0.930088 2.000000
0.050126 24.888889 211.555603 0.371751 0.961126 2.000000
0.034852 46.222221 239.111099 0.743644 0.961122 2.000000
0.055218 85.333344 272.888885 1.363467 1.178384 2.000000
0.004303 101.333298 280.888885 0.557696 0.278306 0.000000
0.017032 117.333298 286.222198 0.557698 0.185194 0.000000
-0.000788 117.333298 286.222198 -0.000142 -0.001029 0.000000
0.029760 149.333298 290.666687 1.115538 0.154159 0.000000
0.052672 177.777802 289.777802 0.991575 -0.032066 0.000000
0.039943 181.333298 284.444489 0.123820 -0.187251 0.000000
0.032306 180.444397 279.111115 -0.031134 -0.187253 0.000000
0.060309 164.444397 248.888901 -0.557982 -1.056292 0.000000
0.032306 154.666702 216.000000 -0.341041 -1.149405 0.000000
0.050126 149.333298 154.666702 -0.186091 -2.142592 1.000000
0.034852 148.444397 136.000000 -0.031134 -0.652811 2.000000
0.001757 148.444397 121.777802 -0.000142 -0.497623 2.000000
0.042489 143.111099 104.888901 -0.186088 -0.590735 2.000000
0.057763 125.333298 98.666656 -0.619965 -0.218290 2.000000
0.039943 105.777802 111.111099 -0.681944 0.433492 2.000000
0.045035 83.555557 143.111099 -0.774921 1.116310 2.000000
0.039943 62.222221 192.888901 -0.743929 1.737054 2.000000
0.042489 40.000000 255.111099 -0.774920 2.171573 2.000000
0.004303 30.222219 285.333313 -0.341044 1.054235 2.000000
0.017032 20.444441 312.888885 -0.341044 0.961125 3.000000
0.039943 7.111111 358.222198 -0.465009 1.581867 0.000000
0.039943 3.555556 390.222198 -0.124107 1.116310 0.000000
0.057763 11.555560 412.444489 0.278778 0.774903 0.000000
0.039943 23.111111 414.222198 0.402742 0.061043 0.000000
0.034852 35.555561 408.000000 0.433734 -0.218288 0.000000
0.050126 45.333328 394.666687 0.340760 -0.466585 0.000000
0.055218 48.888889 363.555511 0.123822 -1.087332 0.000000
0.001757 48.888889 363.555511 -0.000142 -0.001029 0.000000
0.017032 44.444439 336.888885 -0.155098 -0.932142 1.000000
0.057763 39.111111 305.777802 -0.186089 -1.087329 2.000000
0.032306 38.222221 271.111115 -0.031133 -1.211479 2.000000
0.050126 43.555561 220.444397 0.185805 -1.770149 2.000000
0.032306 48.888889 194.666702 0.185804 -0.901104 2.000000
0.052672 49.777779 175.111099 0.030849 -0.683848 2.000000
0.001757 48.888889 167.111099 -0.031133 -0.280363 2.000000
-0.000788 48.888889 167.111099 -0.000142 -0.001029 2.000000
0.014486 47.111111 160.000000 -0.062124 -0.249326 2.000000
0.029760 42.666672 151.111099 -0.155098 -0.311401 2.000000
0.052672 40.888889 147.555603 -0.062125 -0.125175 3.000000
0.034852 44.444439 152.000000 0.123822 0.154156 0.000000
0.004303 44.444439 152.000000 -0.000142 -0.001029 0.000000
-0.000788 49.777779 159.111099 0.185805 0.247268 0.000000
0.014486 58.666672 169.777802 0.309769 0.371419 0.000000
-0.003334 58.666672 169.777802 -0.000142 -0.001029 0.000000
0.004303 69.333344 183.111099 0.371751 0.464528 0.000000
0.011940 80.888893 199.111099 0.402742 0.557641 0.000000
-0.000788 94.222221 216.000000 0.464724 0.588678 0.000000
0.017032 108.444397 232.888901 0.495714 0.588678 0.000000
-0.000788 122.666702 250.666702 0.495719 0.619716 0.000000
0.001757 137.777802 266.666687 0.526706 0.557640 0.000000
0.014486 152.000000 282.666687 0.495715 0.557641 0.000000
-0.000788 152.000000 282.666687 -0.000142 -0.001029 0.000000
0.014486 177.777802 307.555511 0.898601 0.868010 0.000000
0.001757 177.777802 307.555511 -0.000142 -0.001029 0.000000
0.004303 189.333298 317.333313 0.402740 0.340381 0.000000
0.014486 200.888901 325.333313 0.402744 0.278306 0.000000
0.001757 213.333298 331.555511 0.433732 0.216231 0.000000
0.014486 225.777802 334.222198 0.433735 0.092084 0.000000
0.001757 238.222198 336.000000 0.433732 0.061047 1.000000
0.037397 260.444489 335.111115 0.774638 -0.032066 2.000000
0.034852 278.222198 329.777802 0.619678 -0.187251 2.000000
0.055218 292.444489 324.444489 0.495718 -0.187251 2.000000
0.039943 305.777802 317.333313 0.464724 -0.249328 2.000000
0.037397 319.111115 307.555511 0.464724 -0.342438 2.000000
0.055218 344.888885 281.777802 0.898600 -0.901104 2.000000
0.037397 366.222198 258.666687 0.743644 -0.807995 2.000000
0.039943 384.888885 240.888901 0.650672 -0.621772 0.000000
0.001757 384.888885 240.888901 -0.000142 -0.001029 0.000000
0.039943 404.444489 229.333298 0.681664 -0.404514 0.000000
0.034852 410.666687 227.555603 0.216795 -0.063100 0.000000
0.052672 430.222198 224.888901 0.681661 -0.094141 0.000000
0.032306 441.777802 224.000000 0.402744 -0.032066 0.000000
0.001757 441.777802 224.000000 -0.000142 -0.001029 0.000000
0.037397 448.888885 224.000000 0.247786 -0.001029 0.000000
0.037397 449.777802 224.000000 0.030850 -0.001029 0.000000
0.055218 436.444489 216.888901 -0.465008 -0.249326 0.000000
0.032306 418.666687 204.444397 -0.619965 -0.435551 1.000000
0.055218 402.666687 184.000000 -0.557982 -0.714882 1.000000
0.001757 396.444489 171.555603 -0.217079 -0.435547 2.000000
0.004303 396.444489 171.555603 -0.000142 -0.001029 2.000000
0.011940 388.444489 144.000000 -0.279062 -0.963183 2.000000
0.034852 380.444489 123.555603 -0.279062 -0.714882 2.000000
0.037397 366.222198 113.777802 -0.496002 -0.342438 2.000000
0.042489 344.888885 114.666702 -0.743928 0.030009 2.000000
0.057763 319.111115 133.333298 -0.898884 0.650750 2.000000
0.045035 291.555511 188.444397 -0.960868 1.923276 2.000000
0.045035 281.777802 229.333298 -0.341042 1.426682 3.000000
0.039943 276.444489 266.666687 -0.186088 1.302535 0.000000
0.039943 271.111115 299.555511 -0.186090 1.147345 0.000000
0.006849 267.555511 312.888885 -0.124108 0.464531 0.000000
0.019577 264.000000 324.444489 -0.124105 0.402456 0.000000
0.042489 258.666687 337.777802 -0.186088 0.464528 0.000000
0.055218 256.000000 341.333313 -0.093116 0.123119 0.000000
0.034852 260.444489 330.666687 0.154815 -0.373473 0.000000
0.055218 269.333313 314.666687 0.309767 -0.559698 0.000000
0.001757 275.555511 306.666687 0.216795 -0.280363 0.000000
0.019577 281.777802 299.555511 0.216798 -0.249328 0.000000
0.006849 296.000000 288.000000 0.495715 -0.404510 2.000000
0.017032 296.000000 288.000000 -0.000142 -0.001029 2.000000
0.055218 320.888885 272.888885 0.867609 -0.528661 2.000000
0.037397 336.888885 264.000000 0.557698 -0.311400 2.000000
0.001757 343.111115 258.666687 0.216796 -0.187251 2.000000
0.039943 354.666687 248.888901 0.402743 -0.342438 2.000000
0.039943 361.777802 237.333298 0.247787 -0.404514 2.000000
0.037397 365.333313 226.666702 0.123821 -0.373472 2.000000
0.057763 365.333313 214.222198 -0.000142 -0.435551 2.000000
0.006849 358.222198 201.777802 -0.248071 -0.435547 0.000000
0.022123 352.000000 194.666702 -0.217079 -0.249326 0.000000
0.047580 333.333313 177.777802 -0.650956 -0.590735 0.000000
0.017032 320.888885 168.888901 -0.434017 -0.311401 0.000000
0.009394 308.444489 160.000000 -0.434016 -0.311401 0.000000
0.017032 294.222198 152.000000 -0.496002 -0.280363 0.000000
0.011940 264.888885 136.000000 -1.022848 -0.559698 0.000000
0.022123 248.000000 130.666702 -0.588973 -0.187250 0.000000
0.011940 231.111099 126.222198 -0.588974 -0.156217 0.000000
0.022123 195.555603 124.444397 -1.239784 -0.063104 0.000000
0.014486 179.555603 124.444397 -0.557982 -0.001029 0.000000
0.027215 165.333298 127.111099 -0.496003 0.092084 0.000000
0.024669 144.888901 133.333298 -0.712936 0.216231 0.000000
0.017032 137.777802 136.000000 -0.248071 0.092084 0.000000
0.022123 127.111099 145.777802 -0.372037 0.340381 2.000000
0.027215 122.666702 152.888901 -0.155096 0.247268 2.000000
0.047580 117.333298 172.444397 -0.186091 0.681787 2.000000
0.045035 118.222198 204.444397 0.030849 1.116310 2.000000
0.047580 124.444397 223.111099 0.216795 0.650753 2.000000
0.042489 131.555603 239.111099 0.247790 0.557641 2.000000
0.042489 138.666702 256.888885 0.247786 0.619715 2.000000
0.050126 144.888901 288.888885 0.216795 1.116310 0.000000
0.047580 144.888901 312.000000 -0.000142 0.805938 0.000000
0.009394 143.111099 324.444489 -0.062125 0.433493 0.000000
0.027215 141.333298 336.000000 -0.062125 0.402453 0.000000
0.052672 133.333298 363.555511 -0.279062 0.961122 0.000000
0.022123 131.555603 368.000000 -0.062121 0.154159 0.000000
0.045035 130.666702 371.555511 -0.031134 0.123119 0.000000
0.047580 131.555603 366.222198 0.030849 -0.187251 0.000000
0.047580 136.000000 348.444489 0.154812 -0.621770 0.000000
0.006849 136.888901 335.111115 0.030849 -0.466588 0.000000
0.019577 136.000000 299.555511 -0.031134 -1.242517 1.000000
0.017032 132.444397 278.222198 -0.124108 -0.745920 1.000000
0.014486 127.111099 256.888885 -0.186088 -0.745920 2.000000
0.006849 127.111099 256.888885 -0.000142 -0.001029 2.000000
0.017032 112.000000 220.444397 -0.526991 -1.273554 2.000000
0.009394 103.111099 206.222198 -0.310054 -0.497623 2.000000
0.022123 95.111107 194.666702 -0.279062 -0.404510 2.000000
0.009394 86.222221 185.777802 -0.310053 -0.311401 2.000000
0.024669 68.444443 173.333298 -0.619964 -0.435551 2.000000
0.019577 59.555561 168.888901 -0.310053 -0.156213 2.000000
0.014486 50.666672 167.111099 -0.310053 -0.063104 2.000000
0.022123 34.666672 168.888901 -0.557982 0.061047 2.000000
0.062855 24.888889 185.777802 -0.341045 0.588678 2.000000
0.022123 24.888889 197.333298 -0.000142 0.402453 2.000000
0.017032 28.444441 210.666702 0.123822 0.464532 0.000000
0.022123 40.888889 242.666702 0.433734 1.116310 0.000000
0.027215 47.111111 258.666687 0.216796 0.557640 0.000000
0.055218 59.555561 298.666687 0.433734 1.395644 0.000000
0.060309 64.000000 321.777802 0.154813 0.805938 0.000000
0.022123 64.888893 344.888885 0.030849 0.805937 0.000000
0.052672 64.888893 368.000000 -0.000142 0.805938 0.000000
0.045035 62.222221 395.555511 -0.093116 0.961122 0.000000
0.039943 59.555561 407.111115 -0.093115 0.402456 0.000000
0.045035 58.666672 412.444489 -0.031133 0.185196 1.000000
0.039943 57.777779 412.444489 -0.031133 -0.001029 2.000000
0.004303 57.777779 408.888885 -0.000142 -0.125179 2.000000
0.034852 60.444439 388.444489 0.092831 -0.714882 2.000000
0.039943 67.555557 351.111115 0.247787 -1.304591 2.000000
0.037397 80.000000 300.444489 0.433733 -1.770146 2.000000
0.065400 108.444397 230.222198 0.991572 -2.452968 2.000000
0.039943 132.444397 199.111099 0.836618 -1.087329 2.000000
0.037397 158.222198 177.777802 0.898601 -0.745920 3.000000
0.042489 180.444397 162.666702 0.774635 -0.528660 0.000000
0.006849 191.111099 158.222198 0.371752 -0.156217 0.000000
0.019577 200.000000 155.555603 0.309769 -0.094138 0.000000
0.009394 207.111099 153.777802 0.247786 -0.063104 0.000000
0.014486 213.333298 153.777802 0.216795 -0.001029 0.000000
0.004303 219.555603 154.666702 0.216799 0.030009 0.000000
0.019577 224.000000 159.111099 0.154812 0.154156 0.000000
0.001757 229.333298 164.444397 0.185803 0.185193 0.000000
0.004303 233.777802 170.666702 0.154815 0.216235 0.000000
0.017032 238.222198 178.666702 0.154812 0.278306 0.000000
0.006849 242.666702 186.666702 0.154815 0.278306 0.000000
0.017032 247.111099 194.666702 0.154812 0.278306 0.000000
0.009394 251.555603 203.555603 0.154815 0.309344 0.000000
0.022123 257.777802 219.555603 0.216795 0.557641 0.000000
0.006849 257.777802 219.555603 -0.000142 -0.001029 0.000000
0.024669 258.666687 238.222198 0.030849 0.650750 1.000000
0.019577 258.666687 248.000000 -0.000142 0.340381 1.000000
0.011940 256.888885 257.777802 -0.062125 0.340381 2.000000
0.019577 251.555603 274.666687 -0.186087 0.588678 2.000000
0.050126 245.333298 283.555511 -0.217083 0.309341 2.000000
0.060309 235.555603 283.555511 -0.341041 -0.001029 2.000000
0.027215 232.888901 278.222198 -0.093117 -0.187251 2.000000
0.052672 224.000000 245.333298 -0.310054 -1.149405 2.000000
0.055218 216.000000 210.666702 -0.279062 -1.211476 2.000000
0.050126 194.666702 151.111099 -0.743928 -2.080521 0.000000
0.019577 185.777802 131.555603 -0.310054 -0.683844 0.000000
0.011940 176.888901 114.666702 -0.310054 -0.590735 0.000000
0.019577 162.666702 86.222221 -0.495999 -0.994219 0.000000
0.042489 152.888901 65.777779 -0.341045 -0.714884 0.000000
0.039943 144.888901 52.444439 -0.279062 -0.466586 0.000000
0.047580 136.888901 46.222221 -0.279062 -0.218289 0.000000
0.045035 129.777802 46.222221 -0.248071 -0.001029 0.000000
0.045035 120.888901 64.000000 -0.310054 0.619715 0.000000
0.060309 120.888901 88.000000 -0.000142 0.836975 1.000000
0.045035 133.333298 136.000000 0.433732 1.674979 2.000000
0.032306 137.777802 152.888901 0.154815 0.588678 2.000000
0.001757 142.222198 168.888901 0.154812 0.557641 2.000000
0.037397 148.444397 197.333298 0.216795 0.992159 2.000000
0.034852 151.111099 221.333298 0.092832 0.836975 2.000000
0.055218 152.888901 237.333298 0.061841 0.557641 2.000000
0.034852 161.777802 240.000000 0.309769 0.092084 2.000000
0.004303 161.777802 240.000000 -0.000142 -0.001029 2.000000
0.017032 167.111099 234.666702 0.185803 -0.187250 2.000000
0.001757 174.222198 224.888901 0.247786 -0.342438 2.000000
0.017032 184.000000 213.333298 0.340761 -0.404514 2.000000
0.009394 208.000000 181.333298 0.836618 -1.118367 0.000000
0.009394 208.000000 181.333298 -0.000142 -0.001029 0.000000
0.006849 223.111099 163.555603 0.526706 -0.621769 0.000000
0.004303 238.222198 146.666702 0.526706 -0.590735 0.000000
0.011940 253.333298 132.444397 0.526706 -0.497626 0.000000
0.004303 268.444489 121.777802 0.526709 -0.373472 0.000000
0.017032 282.666687 113.777802 0.495715 -0.280363 0.000000
0.004303 296.888885 107.555603 0.495715 -0.218288 0.000000
0.022123 311.111115 102.222198 0.495716 -0.187254 0.000000
0.006849 325.333313 96.888893 0.495715 -0.187251 0.000000
0.019577 339.555511 92.444443 0.495715 -0.156215 0.000000
0.011940 364.444489 86.222221 0.867612 -0.218289 0.000000
0.014486 375.111115 84.444443 0.371750 -0.063103 0.000000
0.006849 384.888885 83.555557 0.340760 -0.032066 0.000000
0.019577 393.777802 83.555557 0.309770 -0.001029 0.000000
0.009394 402.666687 83.555557 0.309769 -0.001029 1.000000
0.017032 411.555511 85.333344 0.309767 0.061046 1.000000
0.009394 420.444489 87.111107 0.309772 0.061045 1.000000
0.019577 437.333313 89.777779 0.588687 0.092083 2.000000
0.009394 437.333313 89.777779 -0.000142 -0.001029 2.000000
0.019577 449.777802 89.777779 0.433735 -0.001029 2.000000
0.011940 455.111115 88.000000 0.185804 -0.063103 2.000000
0.019577 459.555511 85.333344 0.154812 -0.094140 2.000000
0.001757 464.000000 82.666656 0.154815 -0.094141 2.000000
0.022123 466.666687 79.111107 0.092832 -0.125177 2.000000
0.004303 469.333313 74.666656 0.092830 -0.156215 2.000000
0.039943 472.888885 65.777779 0.123823 -0.311400 2.000000
0.037397 472.888885 54.222221 -0.000142 -0.404512 2.000000
0.045035 464.000000 40.000000 -0.310053 -0.497623 0.000000
0.034852 446.222198 26.666670 -0.619965 -0.466586 0.000000
0.060309 417.777802 9.777778 -0.991856 -0.590735 0.000000
0.042489 401.777802 1.777778 -0.557982 -0.280363 0.000000
0.006849 394.666687 -1.777778 -0.248071 -0.125177 0.000000
0.022123 386.666687 -3.555556 -0.279062 -0.063103 0.000000
0.050126 355.555511 -0.888889 -1.084833 0.092083 0.000000
0.037397 336.000000 7.111111 -0.681945 0.278306 0.000000
0.045035 325.333313 20.444441 -0.372036 0.464529 0.000000
0.039943 321.777802 39.111111 -0.124105 0.650752 0.000000
0.004303 321.777802 48.888889 -0.000142 0.340380 1.000000
0.017032 324.444489 61.333328 0.092832 0.433492 1.000000
0.037397 331.555511 88.000000 0.247784 0.930087 2.000000
0.057763 344.000000 135.111099 0.433735 1.643941 2.000000
0.004303 344.000000 135.111099 -0.000142 -0.001029 2.000000
0.017032 352.888885 168.888901 0.309769 1.178385 2.000000
0.004303 358.222198 185.777802 0.185804 0.588678 2.000000
0.017032 362.666687 200.888901 0.154815 0.526603 2.000000
0.006849 362.666687 200.888901 -0.000142 -0.001029 2.000000
0.014486 374.222198 230.222198 0.402741 1.023197 2.000000
0.006849 380.444489 243.555603 0.216798 0.464532 2.000000
0.014486 386.666687 256.888885 0.216795 0.464527 2.000000
0.004303 392.000000 269.333313 0.185804 0.433491 2.000000
0.004303 396.444489 280.888885 0.154815 0.402455 2.000000
0.017032 400.888885 291.555511 0.154812 0.371416 2.000000
0.024669 404.444489 300.444489 0.123824 0.309346 3.000000
0.014486 411.555511 315.555511 0.247784 0.526600 3.000000
0.022123 415.111115 321.777802 0.123824 0.216234 0.000000
0.052672 422.222198 333.333313 0.247786 0.402453 0.000000
0.055218 432.888885 343.111115 0.371752 0.340381 0.000000
0.047580 440.888885 344.000000 0.278778 0.030009 0.000000
0.047580 449.777802 342.222198 0.309770 -0.063104 0.000000
0.047580 462.222198 321.777802 0.433732 -0.714882 0.000000
0.045035 470.222198 295.111115 0.278778 -0.932145 0.000000
0.022123 480.000000 258.666687 0.340761 -1.273552 0.000000
0.055218 491.555511 205.333298 0.402741 -1.863261 1.000000
0.052672 494.222198 173.333298 0.092832 -1.118367 2.000000
0.027215 494.222198 159.111099 -0.000142 -0.497623 2.000000
0.050126 487.111115 134.222198 -0.248070 -0.870070 2.000000
0.045035 461.333313 104.888901 -0.898885 -1.025254 2.000000
0.052672 439.111115 92.444443 -0.774919 -0.435549 2.000000
0.052672 404.444489 88.000000 -1.208794 -0.156214 2.000000
0.047580 379.555511 92.444443 -0.867896 0.154157 2.000000
0.024669 350.222198 101.333298 -1.022848 0.309342 0.000000
0.050126 316.444489 110.222198 -1.177802 0.309344 0.000000
0.047580 284.444489 120.000000 -1.115822 0.340381 0.000000
0.006849 272.000000 124.444397 -0.434019 0.154156 0.000000
0.024669 255.111099 132.444397 -0.588974 0.278306 0.000000
0.050126 245.333298 139.555603 -0.341045 0.247272 0.000000
0.017032 241.777802 143.111099 -0.124105 0.123118 0.000000
0.004303 239.111099 148.444397 -0.093117 0.185193 0.000000
0.017032 238.222198 153.777802 -0.031134 0.185197 0.000000
0.001757 238.222198 160.000000 -0.000142 0.216231 0.000000
0.006849 238.222198 167.111099 -0.000142 0.247268 0.000000
0.017032 240.888901 173.333298 0.092832 0.216231 0.000000
0.004303 244.444397 180.444397 0.123820 0.247268 0.000000
0.017032 248.000000 186.666702 0.123824 0.216235 1.000000
0.004303 252.444397 193.777802 0.154812 0.247268 1.000000
0.022123 257.777802 200.000000 0.185807 0.216231 2.000000
0.004303 262.222198 205.333298 0.154812 0.185193 2.000000
0.014486 267.555511 210.666702 0.185804 0.185197 2.000000
0.004303 272.000000 216.000000 0.154815 0.185193 2.000000
0.001757 276.444489 221.333298 0.154815 0.185193 2.000000
0.014486 280.888885 226.666702 0.154812 0.185197 2.000000
0.006849 284.444489 232.000000 0.123824 0.185193 2.000000
0.014486 287.111115 237.333298 0.092830 0.185193 2.000000
0.042489 290.666687 250.666702 0.123823 0.464532 2.000000
0.065400 290.666687 272.888885 -0.000142 0.774899 2.000000
0.032306 287.111115 287.111115 -0.124107 0.495567 2.000000
0.037397 280.000000 300.444489 -0.248071 0.464531 2.000000
0.047580 270.222198 314.666687 -0.341045 0.495565 0.000000
0.052672 254.222198 339.555511 -0.557982 0.868010 0.000000
0.009394 248.888901 347.555511 -0.186088 0.278306 0.000000
0.019577 242.666702 355.555511 -0.217079 0.278306 0.000000
0.047580 232.000000 367.111115 -0.372037 0.402456 0.000000
0.050126 217.777802 376.000000 -0.495999 0.309343 0.000000
0.047580 208.888901 376.000000 -0.310054 -0.001029 0.000000
0.022123 200.000000 373.333313 -0.310054 -0.094141 0.000000
0.045035 192.000000 363.555511 -0.279062 -0.342438 0.000000
0.050126 182.222198 346.666687 -0.341045 -0.590733 1.000000
0.042489 171.555603 322.666687 -0.372033 -0.839032 1.000000
0.006849 165.333298 309.333313 -0.217083 -0.466588 2.000000
0.017032 159.111099 296.000000 -0.217079 -0.466585 2.000000
0.065400 136.888901 270.222198 -0.774919 -0.901108 2.000000
0.037397 120.000000 264.000000 -0.588974 -0.218288 2.000000
0.037397 104.000000 264.000000 -0.557982 -0.001029 2.000000
0.039943 90.666656 269.333313 -0.465009 0.185194 2.000000
0.065400 79.111107 277.333313 -0.403026 0.278306 2.000000
0.019577 76.444443 279.111115 -0.093115 0.061047 0.000000
0.009394 76.444443 279.111115 -0.000142 -0.001029 0.000000
0.034852 77.333344 279.111115 0.030849 -0.001029 0.000000
0.037397 86.222221 277.333313 0.309769 -0.063104 0.000000
0.042489 113.777802 265.777802 0.960583 -0.404510 0.000000
0.045035 141.333298 254.222198 0.960580 -0.404514 0.000000
0.065400 170.666702 243.555603 1.022567 -0.373472 0.000000
0.042489 200.888901 232.000000 1.053555 -0.404514 0.000000
0.019577 205.333298 230.222198 0.154812 -0.063104 0.000000
0.006849 206.222198 228.444397 0.030849 -0.063104 0.000000
0.017032 205.333298 227.555603 -0.031134 -0.032062 0.000000
0.009394 200.888901 225.777802 -0.155096 -0.063104 0.000000
0.019577 186.666702 222.222198 -0.495999 -0.125179 2.000000
0.011940 186.666702 222.222198 -0.000142 -0.001029 2.000000
0.019577 168.888901 217.777802 -0.619965 -0.156213 2.000000
0.004303 159.111099 216.000000 -0.341045 -0.063104 2.000000
0.014486 147.555603 213.333298 -0.403025 -0.094141 2.000000
0.006849 136.000000 211.555603 -0.403028 -0.063100 2.000000
0.017032 123.555603 210.666702 -0.434016 -0.032066 2.000000
0.004303 111.111099 208.888901 -0.434020 -0.063104 2.000000
0.019577 99.555557 208.000000 -0.403026 -0.032066 2.000000
0.009394 89.777779 206.222198 -0.341044 -0.063104 2.000000
0.045035 75.555557 203.555603 -0.496000 -0.094138 2.000000
0.050126 69.333344 200.888901 -0.217080 -0.094141 2.000000
0.052672 74.666656 197.333298 0.185804 -0.125179 3.000000
0.027215 90.666656 192.000000 0.557698 -0.187250 0.000000
0.042489 113.777802 190.222198 0.805628 -0.063104 0.000000
0.052672 156.444397 193.777802 1.487429 0.123122 0.000000
0.050126 186.666702 200.000000 1.053558 0.216231 0.000000
0.052672 218.666702 209.777802 1.115538 0.340381 0.000000
0.019577 250.666702 220.444397 1.115538 0.371415 0.000000
0.027215 264.888885 225.777802 0.495714 0.185197 0.000000
0.009394 277.333313 231.111099 0.433733 0.185193 0.000000
0.029760 300.444489 240.000000 0.805629 0.309344 2.000000
0.014486 310.222198 243.555603 0.340758 0.123122 2.000000
0.017032 320.000000 246.222198 0.340761 0.092080 2.000000
0.045035 344.000000 248.000000 0.836618 0.061047 2.000000
0.011940 350.222198 248.000000 0.216795 -0.001029 2.000000
0.017032 356.444489 247.111099 0.216798 -0.032066 2.000000
0.042489 368.888885 241.777802 0.433732 -0.187250 2.000000
0.045035 380.444489 232.888901 0.402744 -0.311401 2.000000
0.039943 392.000000 220.444397 0.402741 -0.435551 2.000000
0.006849 398.222198 212.444397 0.216795 -0.280363 2.000000
0.039943 409.777802 197.333298 0.402744 -0.528660 2.000000
0.047580 422.222198 177.777802 0.433732 -0.683844 3.000000
0.027215 424.888885 172.444397 0.092832 -0.187254 0.000000
0.014486 425.777802 168.888901 0.030850 -0.125175 0.000000
0.014486 426.666687 165.333298 0.030849 -0.125179 0.000000
0.039943 425.777802 152.000000 -0.031133 -0.466585 0.000000
0.062855 421.333313 139.555603 -0.155099 -0.435547 0.000000
0.039943 416.000000 122.666702 -0.186088 -0.590735 0.000000
0.039943 409.777802 104.888901 -0.217079 -0.621773 0.000000
0.047580 392.000000 85.333344 -0.619965 -0.683846 0.000000
0.052672 360.888885 74.666656 -1.084831 -0.373475 2.000000
0.019577 360.888885 74.666656 -0.000142 -0.001029 2.000000
0.009394 336.000000 73.777779 -0.867893 -0.032065 2.000000
0.017032 323.555511 73.777779 -0.434019 -0.001029 2.000000
0.011940 312.000000 73.777779 -0.403025 -0.001029 2.000000
0.019577 301.333313 75.555557 -0.372036 0.061046 2.000000
0.014486 291.555511 78.222221 -0.341045 0.092083 2.000000
0.017032 272.000000 86.222221 -0.681945 0.278306 2.000000
0.011940 261.333313 91.555557 -0.372036 0.185195 2.000000
0.019577 251.555603 97.777779 -0.341042 0.216232 2.000000
0.024669 237.333298 110.222198 -0.496003 0.433491 2.000000
0.011940 232.888901 116.444397 -0.155096 0.216231 2.000000
0.022123 232.000000 122.666702 -0.031134 0.216235 0.000000
0.009394 232.000000 128.000000 -0.000142 0.185193 0.000000
0.019577 233.777802 134.222198 0.061841 0.216231 0.000000
0.011940 237.333298 141.333298 0.123820 0.247268 0.000000
0.017032 241.777802 148.444397 0.154815 0.247268 0.000000
0.009394 250.666702 163.555603 0.309769 0.526607 0.000000
0.014486 255.111099 171.555603 0.154812 0.278306 0.000000
0.009394 258.666687 180.444397 0.123823 0.309340 0.000000
0.014486 261.333313 189.333298 0.092830 0.309344 0.000000
0.006849 263.111115 198.222198 0.061841 0.309344 0.000000
0.045035 264.888885 213.333298 0.061840 0.526603 0.000000
0.045035 264.888885 224.888901 -0.000142 0.402456 0.000000
0.042489 261.333313 231.111099 -0.124107 0.216231 1.000000
0.047580 256.000000 232.888901 -0.186088 0.061047 1.000000
0.019577 255.111099 229.333298 -0.031134 -0.125179 2.000000
0.006849 255.111099 223.111099 -0.000142 -0.218288 2.000000
0.047580 258.666687 202.666702 0.123823 -0.714882 2.000000
0.050126 277.333313 159.111099 0.650670 -1.521852 2.000000
0.017032 285.333313 142.222198 0.278778 -0.590735 2.000000
0.009394 296.000000 126.222198 0.371752 -0.559698 2.000000
0.029760 317.333313 101.333298 0.743644 -0.870070 2.000000
0.060309 341.333313 81.777779 0.836618 -0.683845 2.000000
0.027215 365.333313 68.444443 0.836618 -0.466586 2.000000
0.029760 387.555511 60.444439 0.774635 -0.280363 0.000000
0.006849 387.555511 60.444439 -0.000142 -0.001029 0.000000
0.027215 408.000000 57.777779 0.712655 -0.094140 0.000000
0.027215 426.666687 57.777779 0.650672 -0.001029 0.000000
0.004303 426.666687 57.777779 -0.000142 -0.001029 0.000000
0.027215 443.555511 62.222221 0.588687 0.154157 0.000000
0.011940 449.777802 64.888893 0.216798 0.092083 0.000000
0.022123 456.000000 68.444443 0.216795 0.123120 0.000000
0.014486 464.000000 76.444443 0.278778 0.278306 0.000000
0.017032 467.555511 80.000000 0.123821 0.123120 0.000000
0.011940 470.222198 83.555557 0.092832 0.123120 0.000000
0.022123 473.777802 89.777779 0.123824 0.216232 0.000000
0.047580 473.777802 92.444443 -0.000142 0.092083 0.000000
0.022123 472.888885 93.333344 -0.031134 0.030009 2.000000
0.006849 470.222198 93.333344 -0.093116 -0.001029 2.000000
0.047580 456.888885 93.333344 -0.465008 -0.001029 2.000000
0.039943 435.555511 88.888893 -0.743930 -0.156215 2.000000
0.050126 388.444489 79.111107 -1.642668 -0.342438 2.000000
0.045035 349.333313 72.888893 -1.363753 -0.218288 2.000000
0.047580 310.222198 68.444443 -1.363751 -0.156215 2.000000
0.050126 256.888885 65.777779 -1.859608 -0.094140 2.000000
0.017032 239.111099 66.666656 -0.619965 0.030008 2.000000
0.009394 221.333298 70.222221 -0.619965 0.123120 0.000000
0.027215 186.666702 80.888893 -1.208793 0.371418 0.000000
0.042489 158.222198 95.111107 -0.991860 0.495566 0.000000
0.017032 146.666702 102.222198 -0.403025 0.247268 0.000000
0.011940 137.777802 110.222198 -0.310054 0.278306 0.000000
0.042489 125.333298 126.222198 -0.434020 0.557641 0.000000
0.004303 121.777802 133.333298 -0.124105 0.247268 0.000000
0.019577 120.000000 140.444397 -0.062125 0.247268 0.000000
0.006849 120.000000 145.777802 -0.000142 0.185197 0.000000
0.017032 120.000000 151.111099 -0.000142 0.185193 0.000000
0.006849 120.888901 154.666702 0.030849 0.123122 0.000000
0.019577 122.666702 161.777802 0.061841 0.247268 0.000000
0.009394 123.555603 165.333298 0.030849 0.123118 0.000000
0.017032 124.444397 168.000000 0.030846 0.092084 0.000000
0.006849 124.444397 169.777802 -0.000142 0.061047 1.000000
0.017032 124.444397 171.555603 -0.000142 0.061047 1.000000
0.009394 123.555603 172.444397 -0.031130 0.030005 2.000000
0.024669 121.777802 173.333298 -0.062125 0.030009 2.000000
0.024669 118.222198 174.222198 -0.124108 0.030009 2.000000
0.006849 115.555603 175.111099 -0.093113 0.030009 2.000000
0.057763 112.000000 175.111099 -0.124108 -0.001029 2.000000
0.022123 107.555603 172.444397 -0.155096 -0.094141 2.000000
0.050126 100.444397 167.111099 -0.248074 -0.187250 2.000000
0.052672 86.222221 155.555603 -0.495998 -0.404510 2.000000
0.022123 80.888893 152.888901 -0.186089 -0.094141 0.000000
0.011940 76.444443 152.000000 -0.155098 -0.032066 0.000000
0.050126 72.000000 150.222198 -0.155098 -0.063104 0.000000
0.047580 79.111107 152.000000 0.247787 0.061047 0.000000
0.017032 88.000000 152.888901 0.309769 0.030009 0.000000
0.065400 137.777802 160.000000 1.735361 0.247268 0.000000
0.042489 178.666702 169.777802 1.425449 0.340381 0.000000
0.039943 219.555603 187.555603 1.425449 0.619716 0.000000
0.017032 255.111099 210.666702 1.239500 0.805938 0.000000
0.009394 255.111099 210.666702 -0.000142 -0.001029 0.000000
0.045035 290.666687 241.777802 1.239503 1.085272 1.000000
0.050126 305.777802 252.444397 0.526707 0.371415 2.000000
0.045035 315.555511 252.444397 0.340758 -0.001029 2.000000
0.045035 322.666687 233.777802 0.247789 -0.652807 2.000000
0.042489 323.555511 207.111099 0.030847 -0.932145 2.000000
0.042489 318.222198 169.777802 -0.186088 -1.304589 2.000000
0.019577 312.888885 149.333298 -0.186088 -0.714886 2.000000
0.006849 306.666687 130.666702 -0.217079 -0.652807 2.000000
0.047580 289.777802 102.222198 -0.588973 -0.994220 2.000000
0.019577 270.222198 89.777779 -0.681948 -0.435548 3.000000
0.009394 258.666687 88.000000 -0.403025 -0.063103 3.000000
0.017032 247.111099 88.000000 -0.403028 -0.001029 3.000000
0.001757 234.666702 91.555557 -0.434016 0.123120 0.000000
0.004303 234.666702 91.555557 -0.000142 -0.001029 0.000000
0.017032 210.666702 109.333298 -0.836902 0.619714 0.000000
0.004303 200.000000 123.555603 -0.372037 0.495569 0.000000
0.014486 189.333298 141.333298 -0.372037 0.619712 0.000000
0.001757 189.333298 141.333298 -0.000142 -0.001029 0.000000
0.019577 171.555603 184.000000 -0.619962 1.488757 0.000000
0.004303 162.666702 207.111099 -0.310054 0.805938 0.000000
0.017032 155.555603 229.333298 -0.248071 0.774900 0.000000
0.004303 155.555603 229.333298 -0.000142 -0.001029 0.000000
0.004303 149.333298 250.666702 -0.217083 0.743866 0.000000
0.017032 142.222198 289.777802 -0.248071 1.364607 0.000000
0.004303 142.222198 289.777802 -0.000142 -0.001029 0.000000
0.017032 139.555603 320.000000 -0.093113 1.054235 0.000000
0.062855 139.555603 345.777802 -0.000142 0.899050 0.000000
0.019577 141.333298 350.222198 0.061837 0.154156 2.000000
0.009394 143.111099 352.000000 0.061841 0.061047 2.000000
0.034852 150.222198 353.777802 0.247786 0.061047 2.000000
0.034852 164.444397 348.444489 0.495715 -0.187251 2.000000
0.060309 187.555603 335.111115 0.805630 -0.466588 2.000000
0.037397 221.333298 312.888885 1.177517 -0.776958 2.000000
0.004303 242.666702 297.777802 0.743647 -0.528660 2.000000
0.017032 264.888885 280.000000 0.774634 -0.621773 2.000000
0.004303 289.777802 259.555511 0.867610 -0.714885 2.000000
0.017032 315.555511 239.111099 0.898598 -0.714882 2.000000
0.004303 340.444489 218.666702 0.867612 -0.714882 2.000000
0.014486 363.555511 201.777802 0.805624 -0.590735 2.000000
0.004303 384.000000 189.333298 0.712655 -0.435551 2.000000
0.017032 416.000000 176.888901 1.115538 -0.435547 0.000000
0.006849 416.000000 176.888901 -0.000142 -0.001029 0.000000
0.001757 427.555511 174.222198 0.402741 -0.094141 0.000000
0.014486 436.444489 174.222198 0.309772 -0.001029 0.000000
0.001757 443.555511 176.000000 0.247784 0.061047 0.000000
0.017032 448.000000 179.555603 0.154815 0.123122 0.000000
0.006849 450.666687 184.888901 0.092832 0.185193 0.000000
0.014486 452.444489 192.000000 0.061841 0.247268 0.000000
0.004303 452.444489 200.000000 -0.000142 0.278306 0.000000
0.034852 440.888885 222.222198 -0.403028 0.774900 0.000000
0.062855 409.777802 261.333313 -1.084830 1.364607 0.000000
0.039943 387.555511 287.111115 -0.774922 0.899050 0.000000
0.042489 373.333313 301.333313 -0.495999 0.495565 0.000000
0.019577 369.777802 304.888885 -0.124105 0.123121 1.000000
0.001757 369.777802 304.888885 -0.000142 -0.001029 1.000000
0.006849 369.777802 304.000000 -0.000142 -0.032066 2.000000
0.017032 371.555511 297.777802 0.061838 -0.218288 2.000000
0.065400 382.222198 259.555511 0.371752 -1.335630 2.000000
0.042489 385.777802 219.555603 0.123824 -1.397698 2.000000
0.045035 383.111115 170.666702 -0.093116 -1.708074 2.000000
0.039943 368.888885 125.333298 -0.496000 -1.583927 2.000000
0.042489 335.111115 86.222221 -1.177804 -1.366663 2.000000
0.042489 313.777802 75.555557 -0.743928 -0.373475 3.000000
0.022123 306.666687 72.888893 -0.248071 -0.094140 0.000000
0.011940 302.222198 71.111107 -0.155099 -0.063103 0.000000
0.055218 298.666687 69.333344 -0.124105 -0.063102 0.000000
0.022123 303.111115 69.333344 0.154813 -0.001029 0.000000
0.045035 321.777802 74.666656 0.650672 0.185194 0.000000
0.047580 363.555511 95.111107 1.456438 0.712827 0.000000
0.050126 392.000000 118.222198 0.991575 0.805937 0.000000
0.022123 404.444489 132.444397 0.433735 0.495565 0.000000
0.006849 415.111115 147.555603 0.371750 0.526607 0.000000
0.045035 428.444489 188.444397 0.464726 1.426678 0.000000
0.045035 421.333313 214.222198 -0.248073 0.899050 1.000000
0.047580 403.555511 242.666702 -0.619965 0.992163 2.000000
0.047580 380.444489 274.666687 -0.805908 1.116309 2.000000
0.042489 359.111115 302.222198 -0.743930 0.961122 2.000000
0.037397 344.888885 322.666687 -0.496000 0.712828 2.000000
0.022123 335.111115 333.333313 -0.341044 0.371416 2.000000
0.006849 330.666687 335.111115 -0.155097 0.061047 2.000000
0.052672 320.888885 333.333313 -0.341045 -0.063104 2.000000
0.045035 310.222198 320.888885 -0.372036 -0.435548 2.000000
0.019577 300.444489 303.111115 -0.341042 -0.621772 0.000000
0.006849 296.888885 292.444489 -0.124108 -0.373473 0.000000
0.032306 293.333313 282.666687 -0.124107 -0.342438 0.000000
0.057763 280.888885 255.111099 -0.434017 -0.963182 0.000000
0.014486 275.555511 248.000000 -0.186090 -0.249326 0.000000
0.004303 269.333313 241.777802 -0.217079 -0.218288 0.000000
0.037397 254.222198 229.333298 -0.526991 -0.435551 0.000000
0.001757 244.444397 223.111099 -0.341045 -0.218288 0.000000
0.019577 235.555603 217.777802 -0.310050 -0.187250 0.000000
0.037397 218.666702 204.444397 -0.588974 -0.466589 0.000000
0.004303 213.333298 196.444397 -0.186091 -0.280363 0.000000
0.039943 207.111099 182.222198 -0.217079 -0.497623 0.000000
0.037397 202.666702 170.666702 -0.155096 -0.404510 0.000000
0.006849 201.777802 166.222198 -0.031134 -0.156217 1.000000
0.039943 199.111099 158.222198 -0.093117 -0.280363 1.000000
0.017032 197.333298 152.888901 -0.062125 -0.187250 2.000000
0.004303 195.555603 147.555603 -0.062121 -0.187250 2.000000
0.047580 192.888901 135.111099 -0.093117 -0.435551 2.000000
0.047580 192.000000 118.222198 -0.031134 -0.590735 2.000000
0.022123 192.888901 96.888893 0.030849 -0.745920 2.000000
0.055218 194.666702 77.333344 0.061841 -0.683846 2.000000
0.022123 195.555603 64.000000 0.030849 -0.466587 2.000000
0.011940 192.888901 58.666672 -0.093117 -0.187251 2.000000
0.050126 184.888901 51.555561 -0.279062 -0.249326 2.000000
0.019577 172.444397 46.222221 -0.434020 -0.187252 0.000000
0.014486 165.333298 45.333328 -0.248071 -0.032066 0.000000
0.022123 158.222198 44.444439 -0.248071 -0.032066 0.000000
0.050126 135.111099 48.000000 -0.805911 0.123120 0.000000
0.052672 119.111099 56.888889 -0.557982 0.309343 0.000000
0.050126 99.555557 73.777779 -0.681946 0.588678 0.000000
0.022123 79.111107 96.000000 -0.712938 0.774901 0.000000
0.052672 60.444439 124.444397 -0.650955 0.992159 0.000000
0.027215 46.222221 158.222198 -0.496000 1.178385 0.000000
0.011940 41.777779 175.111099 -0.155098 0.588678 0.000000
0.024669 37.333328 205.333298 -0.155098 1.054235 0.000000
0.055218 36.444439 227.555603 -0.031133 0.774904 1.000000
0.050126 36.444439 246.222198 -0.000142 0.650750 2.000000
0.039943 41.777779 247.111099 0.185805 0.030009 2.000000
0.042489 56.888889 234.666702 0.526707 -0.435547 2.000000
0.045035 82.666656 208.888901 0.898600 -0.901108 2.000000
0.042489 120.888901 173.333298 1.332476 -1.242517 2.000000
0.019577 166.222198 134.222198 1.580403 -1.366664 2.000000
0.017032 189.333298 116.444397 0.805626 -0.621773 2.000000
0.022123 210.666702 102.222198 0.743647 -0.497623 3.000000
0.014486 230.222198 91.555557 0.681660 -0.373474 3.000000
0.024669 262.222198 76.444443 1.115538 -0.528661 0.000000
0.024669 273.777802 72.000000 0.402744 -0.156214 0.000000
0.009394 281.777802 69.333344 0.278778 -0.094140 0.000000
0.024669 290.666687 66.666656 0.309769 -0.094141 0.000000
0.011940 290.666687 65.777779 -0.000142 -0.032065 0.000000
0.022123 289.777802 64.888893 -0.031133 -0.032066 0.000000
0.024669 277.333313 63.111111 -0.434019 -0.063103 0.000000
0.009394 265.777802 62.222221 -0.403025 -0.032066 0.000000
0.024669 252.444397 61.333328 -0.465011 -0.032066 0.000000
0.009394 235.555603 61.333328 -0.588970 -0.001029 0.000000
0.027215 199.111099 64.000000 -1.270780 0.092083 0.000000
0.024669 179.555603 67.555557 -0.681944 0.123120 0.000000
0.006849 160.888901 72.000000 -0.650957 0.154157 0.000000
0.047580 109.333298 88.888893 -1.797628 0.588678 1.000000
0.047580 81.777779 105.777802 -0.960865 0.588678 2.000000
0.039943 59.555561 128.888901 -0.774920 0.805938 2.000000
0.042489 48.000000 157.333298 -0.403027 0.992159 2.000000
0.055218 55.111111 194.666702 0.247787 1.302535 2.000000
0.055218 78.222221 208.000000 0.805627 0.464528 2.000000
0.065400 132.444397 216.888901 1.890314 0.309344 3.000000
0.006849 152.888901 218.666702 0.712655 0.061047 3.000000
0.027215 187.555603 221.333298 1.208512 0.092080 0.000000
0.009394 187.555603 221.333298 -0.000142 -0.001029 0.000000
0.073038 230.222198 230.222198 1.487429 0.309344 0.000000
0.001757 230.222198 230.222198 -0.000142 -0.001029 0.000000
0.055218 241.777802 236.444397 0.402744 0.216231 0.000000
0.047580 242.666702 238.222198 0.030849 0.061047 0.000000
0.017032 242.666702 238.222198 -0.000142 -0.001029 0.000000
0.001757 242.666702 238.222198 -0.000142 -0.001029 0.000000
0.017032 241.777802 232.000000 -0.031134 -0.218288 0.000000
0.006849 241.777802 224.888901 -0.000142 -0.249326 0.000000
0.004303 241.777802 224.888901 -0.000142 -0.001029 0.000000
0.019577 245.333298 201.777802 0.123820 -0.807995 0.000000
0.009394 249.777802 185.777802 0.154815 -0.559698 1.000000
0.017032 256.000000 166.222198 0.216795 -0.683848 1.000000
0.006849 262.222198 144.888901 0.216795 -0.745920 1.000000
0.014486 268.444489 122.666702 0.216798 -0.776957 2.000000
0.004303 275.555511 103.111099 0.247784 -0.683848 2.000000
0.019577 281.777802 85.333344 0.216798 -0.621771 2.000000
0.004303 288.000000 72.000000 0.216795 -0.466587 2.000000
0.017032 292.444489 62.222221 0.154815 -0.342438 2.000000
0.006849 296.888885 55.111111 0.154812 -0.249326 2.000000
0.039943 301.333313 48.888889 0.154813 -0.218289 2.000000
0.037397 301.333313 48.000000 -0.000142 -0.032066 2.000000
0.057763 299.555511 70.222221 -0.062125 0.774901 2.000000
0.037397 297.777802 100.444397 -0.062122 1.054234 3.000000
0.042489 301.333313 136.000000 0.123821 1.240460 0.000000
0.062855 320.888885 190.222198 0.681663 1.892238 0.000000
