0.024669 321.777802 216.000000 0.154815 -0.001029 0.000000
0.004303 327.111115 216.000000 0.185804 -0.001029 0.000000
0.027215 336.000000 217.777802 0.309769 0.061047 0.000000
0.004303 336.000000 217.777802 -0.000142 -0.001029 0.000000
0.024669 344.000000 218.666702 0.278778 0.030009 0.000000
0.006849 348.444489 219.555603 0.154815 0.030009 0.000000
0.024669 359.111115 220.444397 0.371750 0.030005 0.000000
0.006849 359.111115 220.444397 -0.000142 -0.001029 0.000000
0.027215 369.777802 221.333298 0.371752 0.030009 0.000000
0.017032 374.222198 221.333298 0.154812 -0.001029 0.000000
0.006849 377.777802 222.222198 0.123824 0.030009 0.000000
0.014486 381.333313 222.222198 0.123821 -0.001029 0.000000
0.004303 384.000000 223.111099 0.092832 0.030009 0.000000
0.006849 385.777802 223.111099 0.061841 -0.001029 0.000000
0.011940 385.777802 224.000000 -0.000142 0.030009 0.000000
0.034852 386.666687 224.000000 0.030849 -0.001029 0.000000
0.055218 386.666687 224.000000 -0.000142 -0.001029 0.000000
0.032306 386.666687 224.000000 -0.000142 -0.001029 0.000000
-0.000788 386.666687 224.000000 -0.000142 -0.001029 3.000000
0.032306 386.666687 224.000000 -0.000142 -0.001029 3.000000
0.047580 385.777802 224.000000 -0.031133 -0.001029 3.000000
0.034852 381.333313 221.333298 -0.155099 -0.094141 3.000000
0.055218 369.777802 216.000000 -0.403025 -0.187250 3.000000
0.034852 352.888885 209.777802 -0.588974 -0.218288 3.000000
0.050126 314.666687 197.333298 -1.332759 -0.435551 3.000000
0.052672 285.333313 189.333298 -1.022850 -0.280363 3.000000
0.034852 255.111099 179.555603 -1.053840 -0.342435 3.000000
0.047580 230.222198 167.111099 -0.867894 -0.435551 3.000000
0.050126 209.777802 144.000000 -0.712936 -0.807995 3.000000
0.029760 206.222198 136.888901 -0.124108 -0.249326 3.000000
-0.000788 203.555603 129.777802 -0.093113 -0.249326 3.000000
0.001757 200.888901 125.333298 -0.093117 -0.156217 3.000000
0.014486 197.333298 122.666702 -0.124108 -0.094138 0.000000
-0.000788 197.333298 122.666702 -0.000142 -0.001029 0.000000
0.004303 193.777802 121.777802 -0.124105 -0.032066 0.000000
0.011940 190.222198 121.777802 -0.124108 -0.001029 0.000000
0.001757 185.777802 121.777802 -0.155096 -0.001029 0.000000
0.014486 181.333298 124.444397 -0.155100 0.092080 0.000000
0.001757 177.777802 128.000000 -0.124105 0.123122 0.000000
0.001757 177.777802 128.000000 -0.000142 -0.001029 0.000000
0.011940 172.444397 134.222198 -0.186091 0.216231 0.000000
-0.000788 172.444397 134.222198 -0.000142 -0.001029 0.000000
0.001757 170.666702 136.888901 -0.062121 0.092084 0.000000
0.019577 168.888901 140.444397 -0.062125 0.123118 0.000000
0.022123 163.555603 146.666702 -0.186088 0.216235 0.000000
0.001757 163.555603 146.666702 -0.000142 -0.001029 0.000000
0.006849 160.000000 150.222198 -0.124108 0.123118 0.000000
0.022123 151.111099 158.222198 -0.310054 0.278306 0.000000
0.009394 144.888901 162.666702 -0.217079 0.154159 0.000000
0.014486 138.666702 167.111099 -0.217079 0.154156 0.000000
0.004303 131.555603 171.555603 -0.248071 0.154159 0.000000
0.017032 124.444397 175.111099 -0.248074 0.123118 0.000000
0.006849 118.222198 177.777802 -0.217079 0.092084 0.000000
0.019577 113.777802 180.444397 -0.155096 0.092080 0.000000
0.006849 109.333298 181.333298 -0.155100 0.030009 0.000000
0.019577 104.888901 183.111099 -0.155096 0.061047 0.000000
0.004303 104.888901 183.111099 -0.000142 -0.001029 0.000000
0.019577 104.000000 183.111099 -0.031134 -0.001029 0.000000
0.004303 103.111099 183.111099 -0.031134 -0.001029 0.000000
0.017032 102.222198 183.111099 -0.031134 -0.001029 0.000000
0.001757 102.222198 183.111099 -0.000142 -0.001029 0.000000
0.017032 102.222198 183.111099 -0.000142 -0.001029 0.000000
0.055218 105.777802 183.111099 0.123824 -0.001029 0.000000
0.037397 117.333298 179.555603 0.402740 -0.125175 0.000000
0.057763 146.666702 172.444397 1.022567 -0.249329 0.000000
0.034852 158.222198 171.555603 0.402740 -0.032062 0.000000
0.055218 193.777802 175.111099 1.239504 0.123118 0.000000
0.001757 206.222198 179.555603 0.433732 0.154159 3.000000
0.017032 216.888901 184.888901 0.371752 0.185193 3.000000
0.037397 235.555603 196.444397 0.650672 0.402453 2.000000
0.060309 246.222198 214.222198 0.371749 0.619716 2.000000
0.004303 246.222198 219.555603 -0.000142 0.185197 2.000000
0.011940 245.333298 224.888901 -0.031134 0.185193 2.000000
0.055218 240.888901 235.555603 -0.155096 0.371419 2.000000
0.037397 237.333298 241.777802 -0.124108 0.216231 2.000000
0.052672 236.444397 243.555603 -0.031134 0.061047 2.000000
0.037397 239.111099 241.777802 0.092832 -0.063104 1.000000
0.022123 242.666702 237.333298 0.123824 -0.156217 0.000000
0.014486 247.111099 231.111099 0.154812 -0.218288 0.000000
-0.000788 253.333298 222.222198 0.216795 -0.311401 0.000000
0.014486 258.666687 211.555603 0.185806 -0.373472 0.000000
0.004303 265.777802 197.333298 0.247787 -0.497626 0.000000
-0.000788 265.777802 197.333298 -0.000142 -0.001029 0.000000
0.014486 280.888885 161.777802 0.526706 -1.242514 0.000000
0.001757 280.888885 161.777802 -0.000142 -0.001029 0.000000
0.017032 299.555511 124.444397 0.650670 -1.304592 0.000000
0.004303 299.555511 124.444397 -0.000142 -0.001029 0.000000
0.001757 308.444489 108.444397 0.309772 -0.559698 0.000000
0.014486 317.333313 96.000000 0.309767 -0.435547 0.000000
-0.000788 324.444489 88.000000 0.247789 -0.280363 0.000000
0.019577 328.888885 82.666656 0.154812 -0.187252 0.000000
0.009394 332.444489 80.000000 0.123824 -0.094140 0.000000
0.019577 334.222198 79.111107 0.061838 -0.032066 0.000000
0.006849 335.111115 79.111107 0.030850 -0.001029 0.000000
0.022123 336.000000 84.444443 0.030849 0.185195 2.000000
0.047580 336.000000 97.777779 -0.000142 0.464529 2.000000
0.039943 334.222198 115.555603 -0.062125 0.619717 2.000000
0.045035 330.666687 134.222198 -0.124105 0.650750 2.000000
0.042489 323.555511 164.444397 -0.248073 1.054235 2.000000
0.042489 322.666687 180.444397 -0.031131 0.557641 2.000000
0.045035 322.666687 190.222198 -0.000142 0.340381 1.000000
0.039943 322.666687 194.666702 -0.000142 0.154159 0.000000
0.055218 324.444489 194.666702 0.061841 -0.001029 0.000000
0.037397 329.777802 191.111099 0.185804 -0.125179 0.000000
0.052672 344.888885 164.444397 0.526706 -0.932145 0.000000
0.032306 358.222198 136.888901 0.464724 -0.963179 0.000000
0.001757 358.222198 136.888901 -0.000142 -0.001029 0.000000
0.034852 371.555511 109.333298 0.464724 -0.963183 0.000000
0.037397 383.111115 89.777779 0.402744 -0.683845 0.000000
0.039943 392.000000 78.222221 0.309769 -0.404512 0.000000
0.029760 399.111115 74.666656 0.247787 -0.125178 1.000000
0.014486 401.777802 74.666656 0.092832 -0.001029 1.000000
0.006849 404.444489 76.444443 0.092832 0.061046 2.000000
0.017032 406.222198 80.888893 0.061838 0.154158 2.000000
0.037397 409.777802 98.666656 0.123824 0.619714 2.000000
-0.000788 410.666687 109.333298 0.030849 0.371417 2.000000
0.006849 410.666687 120.000000 -0.000142 0.371419 2.000000
0.011940 411.555511 130.666702 0.030847 0.371419 2.000000
0.037397 412.444489 152.000000 0.030852 0.743862 2.000000
0.039943 413.333313 171.555603 0.030847 0.681791 2.000000
-0.000788 413.333313 171.555603 -0.000142 -0.001029 2.000000
0.004303 413.333313 180.444397 -0.000142 0.309340 2.000000
0.011940 413.333313 188.444397 -0.000142 0.278306 1.000000
0.001757 413.333313 195.555603 -0.000142 0.247272 1.000000
0.011940 413.333313 203.555603 -0.000142 0.278306 1.000000
0.001757 412.444489 209.777802 -0.031131 0.216231 0.000000
0.004303 412.444489 209.777802 -0.000142 -0.001029 0.000000
0.011940 410.666687 220.444397 -0.062125 0.371415 0.000000
0.001757 410.666687 220.444397 -0.000142 -0.001029 0.000000
0.014486 409.777802 228.444397 -0.031133 0.278306 0.000000
0.001757 409.777802 228.444397 -0.000142 -0.001029 0.000000
0.004303 408.888885 232.000000 -0.031134 0.123122 0.000000
0.014486 408.888885 236.444397 -0.000142 0.154156 0.000000
0.009394 408.000000 241.777802 -0.031133 0.185197 0.000000
0.014486 407.111115 247.111099 -0.031133 0.185193 0.000000
0.006849 406.222198 253.333298 -0.031134 0.216231 0.000000
0.019577 402.666687 266.666687 -0.124105 0.464531 0.000000
0.047580 397.333313 280.000000 -0.186090 0.464528 0.000000
0.047580 392.888885 289.777802 -0.155097 0.340381 0.000000
0.045035 387.555511 299.555511 -0.186090 0.340378 0.000000
0.006849 384.888885 304.000000 -0.093114 0.154159 1.000000
0.019577 376.000000 313.777802 -0.310053 0.340381 1.000000
0.004303 376.000000 313.777802 -0.000142 -0.001029 2.000000
0.019577 362.666687 324.444489 -0.465008 0.371418 2.000000
0.042489 347.555511 335.111115 -0.526993 0.371416 2.000000
0.042489 335.111115 344.888885 -0.434016 0.340380 2.000000
0.001757 331.555511 349.333313 -0.124108 0.154157 2.000000
0.017032 328.000000 352.000000 -0.124105 0.092084 2.000000
0.001757 328.000000 352.000000 -0.000142 -0.001029 2.000000
0.001757 326.222198 353.777802 -0.062125 0.061047 2.000000
0.014486 325.333313 355.555511 -0.031133 0.061043 2.000000
0.001757 325.333313 355.555511 -0.000142 -0.001029 2.000000
0.014486 325.333313 355.555511 -0.000142 -0.001029 2.000000
0.001757 325.333313 355.555511 -0.000142 -0.001029 2.000000
0.006849 325.333313 355.555511 -0.000142 -0.001029 1.000000
0.014486 325.333313 356.444489 -0.000142 0.030012 1.000000
0.001757 327.111115 356.444489 0.061841 -0.001029 1.000000
0.017032 328.000000 356.444489 0.030849 -0.001029 0.000000
0.001757 329.777802 356.444489 0.061841 -0.001029 0.000000
0.014486 330.666687 353.777802 0.030849 -0.094141 0.000000
0.001757 330.666687 353.777802 -0.000142 -0.001029 0.000000
0.001757 332.444489 350.222198 0.061841 -0.125179 0.000000
0.011940 332.444489 334.222198 -0.000142 -0.559698 0.000000
0.052672 332.444489 310.222198 -0.000142 -0.839032 0.000000
0.034852 326.222198 279.111115 -0.217082 -1.087329 0.000000
0.052672 314.666687 248.888901 -0.403025 -1.056292 0.000000
0.034852 294.222198 223.111099 -0.712939 -0.901108 0.000000
0.047580 266.666687 201.777802 -0.960865 -0.745920 0.000000
0.052672 226.666702 177.777802 -1.394742 -0.839032 0.000000
0.004303 216.888901 173.333298 -0.341045 -0.156217 1.000000
0.014486 209.777802 169.777802 -0.248071 -0.125175 1.000000
0.001757 204.444397 167.111099 -0.186091 -0.094141 2.000000
0.004303 204.444397 167.111099 -0.000142 -0.001029 2.000000
0.011940 200.888901 166.222198 -0.124105 -0.032066 2.000000
0.004303 197.333298 165.333298 -0.124108 -0.032066 2.000000
0.011940 194.666702 165.333298 -0.093113 -0.001029 2.000000
-0.000788 192.888901 165.333298 -0.062125 -0.001029 2.000000
0.001757 189.333298 166.222198 -0.124108 0.030009 2.000000
0.014486 186.666702 168.888901 -0.093113 0.092084 2.000000
-0.000788 186.666702 168.888901 -0.000142 -0.001029 2.000000
0.017032 180.444397 176.888901 -0.217083 0.278306 2.000000
-0.000788 180.444397 176.888901 -0.000142 -0.001029 2.000000
0.001757 176.888901 182.222198 -0.124105 0.185193 2.000000
0.019577 175.111099 188.444397 -0.062125 0.216231 2.000000
0.009394 174.222198 194.666702 -0.031134 0.216235 2.000000
0.014486 173.333298 207.111099 -0.031134 0.433490 2.000000
0.004303 173.333298 207.111099 -0.000142 -0.001029 2.000000
0.019577 173.333298 218.666702 -0.000142 0.402456 0.000000
0.009394 174.222198 224.888901 0.030849 0.216231 0.000000
0.011940 176.000000 231.111099 0.061841 0.216231 0.000000
0.001757 176.000000 231.111099 -0.000142 -0.001029 0.000000
0.019577 180.444397 243.555603 0.154812 0.433494 0.000000
0.004303 183.111099 249.777802 0.092832 0.216231 0.000000
0.004303 183.111099 249.777802 -0.000142 -0.001029 0.000000
0.017032 189.333298 261.333313 0.216795 0.402453 0.000000
0.006849 189.333298 261.333313 -0.000142 -0.001029 0.000000
0.014486 197.333298 271.111115 0.278778 0.340381 0.000000
0.004303 197.333298 271.111115 -0.000142 -0.001029 0.000000
0.019577 206.222198 276.444489 0.309769 0.185196 0.000000
0.001757 206.222198 276.444489 -0.000142 -0.001029 0.000000
0.017032 216.888901 277.333313 0.371752 0.030006 0.000000
-0.000788 216.888901 277.333313 -0.000142 -0.001029 0.000000
0.009394 223.111099 274.666687 0.216795 -0.094139 0.000000
0.014486 230.222198 270.222198 0.247786 -0.156216 0.000000
0.037397 244.444397 257.777802 0.495715 -0.435547 0.000000
0.034852 256.888885 238.222198 0.433735 -0.683848 0.000000
0.052672 272.000000 200.000000 0.526707 -1.335626 0.000000
0.047580 280.000000 177.777802 0.278778 -0.776957 0.000000
0.042489 285.333313 163.555603 0.185804 -0.497623 0.000000
0.045035 289.777802 150.222198 0.154815 -0.466589 0.000000
0.004303 289.777802 150.222198 -0.000142 -0.001029 0.000000
0.022123 290.666687 146.666702 0.030849 -0.125175 2.000000
0.039943 288.888885 146.666702 -0.062125 -0.001029 2.000000
0.039943 282.666687 150.222198 -0.217079 0.123118 2.000000
0.065400 268.444489 164.444397 -0.495999 0.495565 2.000000
0.042489 258.666687 180.444397 -0.341045 0.557641 2.000000
0.039943 247.111099 200.000000 -0.403028 0.681791 2.000000
0.034852 232.000000 221.333298 -0.526991 0.743862 2.000000
0.001757 224.000000 232.000000 -0.279062 0.371419 1.000000
0.004303 224.000000 232.000000 -0.000142 -0.001029 1.000000
0.014486 206.222198 253.333298 -0.619965 0.743862 0.000000
0.004303 206.222198 253.333298 -0.000142 -0.001029 0.000000
0.011940 197.333298 263.111115 -0.310054 0.340382 0.000000
0.001757 190.222198 273.777802 -0.248071 0.371418 0.000000
0.004303 182.222198 282.666687 -0.279062 0.309343 0.000000
0.014486 176.000000 290.666687 -0.217079 0.278306 0.000000
0.001757 176.000000 290.666687 -0.000142 -0.001029 0.000000
0.011940 164.444397 303.111115 -0.403028 0.433491 0.000000
-0.000788 164.444397 303.111115 -0.000142 -0.001029 0.000000
0.001757 158.222198 309.333313 -0.217079 0.216231 0.000000
0.014486 152.000000 314.666687 -0.217079 0.185196 0.000000
0.006849 145.777802 319.111115 -0.217079 0.154157 0.000000
0.017032 138.666702 322.666687 -0.248071 0.123121 0.000000
0.001757 131.555603 326.222198 -0.248071 0.123119 0.000000
0.022123 124.444397 329.777802 -0.248074 0.123122 0.000000
0.004303 118.222198 331.555511 -0.217079 0.061043 0.000000
0.024669 108.444397 332.444489 -0.341045 0.030012 0.000000
0.039943 102.222198 325.333313 -0.217079 -0.249328 1.000000
0.039943 96.888893 309.333313 -0.186088 -0.559698 1.000000
0.006849 93.333344 298.666687 -0.124106 -0.373473 2.000000
0.039943 85.333344 274.666687 -0.279062 -0.839032 2.000000
0.042489 73.777779 249.777802 -0.403027 -0.870069 2.000000
0.042489 60.444439 227.555603 -0.465009 -0.776957 2.000000
0.037397 44.444439 208.888901 -0.557982 -0.652811 2.000000
0.001757 36.444439 202.666702 -0.279062 -0.218288 2.000000
0.017032 28.444441 197.333298 -0.279062 -0.187254 2.000000
0.001757 20.444441 194.666702 -0.279062 -0.094138 2.000000
0.001757 20.444441 194.666702 -0.000142 -0.001029 2.000000
0.014486 6.222222 192.888901 -0.496000 -0.063104 2.000000
0.004303 6.222222 192.888901 -0.000142 -0.001029 2.000000
0.014486 -7.111111 196.444397 -0.465009 0.123118 1.000000
0.009394 -7.111111 196.444397 -0.000142 -0.001029 1.000000
0.001757 -13.333330 200.000000 -0.217080 0.123122 1.000000
0.014486 -21.333330 206.222198 -0.279062 0.216231 0.000000
0.001757 -21.333330 206.222198 -0.000142 -0.001029 0.000000
0.011940 -23.111111 208.888901 -0.062124 0.092084 0.000000
-0.000788 -23.111111 212.444397 -0.000142 0.123118 0.000000
0.001757 -23.111111 212.444397 -0.000142 -0.001029 0.000000
0.014486 -19.555559 219.555603 0.123822 0.247272 0.000000
-0.000788 -19.555559 219.555603 -0.000142 -0.001029 0.000000
0.014486 -15.111110 224.000000 0.154814 0.154156 0.000000
0.001757 -8.888889 227.555603 0.216796 0.123122 0.000000
0.034852 4.444445 233.777802 0.464725 0.216231 0.000000
0.034852 21.333330 234.666702 0.588689 0.030009 0.000000
0.045035 42.666672 232.888901 0.743645 -0.063104 0.000000
0.050126 64.888893 230.222198 0.774636 -0.094141 0.000000
-0.000788 76.444443 230.222198 0.402742 -0.001029 1.000000
0.034852 98.666656 232.000000 0.774635 0.061047 1.000000
0.034852 122.666702 236.444397 0.836619 0.154156 2.000000
0.052672 144.888901 241.777802 0.774635 0.185197 2.000000
-0.000788 153.777802 245.333298 0.309769 0.123118 2.000000
0.001757 153.777802 245.333298 -0.000142 -0.001029 2.000000
0.009394 168.000000 252.444397 0.495715 0.247268 2.000000
0.001757 168.000000 252.444397 -0.000142 -0.001029 2.000000
0.011940 172.444397 257.777802 0.154812 0.185197 2.000000
0.001757 176.888901 263.111115 0.154815 0.185194 2.000000
0.001757 182.222198 268.444489 0.185803 0.185196 2.000000
0.014486 186.666702 273.777802 0.154815 0.185194 2.000000
0.001757 192.000000 279.111115 0.185803 0.185194 2.000000
0.014486 197.333298 284.444489 0.185803 0.185196 2.000000
0.001757 197.333298 284.444489 -0.000142 -0.001029 2.000000
-0.000788 202.666702 288.888885 0.185807 0.154156 2.000000
0.014486 209.777802 293.333313 0.247786 0.154157 1.000000
0.004303 216.000000 296.888885 0.216795 0.123121 1.000000
0.014486 223.111099 300.444489 0.247786 0.123122 0.000000
-0.000788 229.333298 304.000000 0.216795 0.123119 0.000000
0.006849 235.555603 306.666687 0.216799 0.092084 0.000000
0.011940 240.888901 309.333313 0.185803 0.092082 0.000000
0.006849 245.333298 312.000000 0.154812 0.092084 0.000000
0.011940 249.777802 314.666687 0.154815 0.092084 0.000000
0.001757 249.777802 314.666687 -0.000142 -0.001029 0.000000
0.019577 255.111099 317.333313 0.185803 0.092082 0.000000
0.001757 255.111099 317.333313 -0.000142 -0.001029 0.000000
0.004303 257.777802 317.333313 0.092832 -0.001029 0.000000
0.011940 263.111115 316.444489 0.185804 -0.032063 0.000000
0.004303 263.111115 316.444489 -0.000142 -0.001029 0.000000
0.014486 266.666687 312.888885 0.123823 -0.125179 0.000000
-0.000788 272.000000 308.444489 0.185804 -0.156213 0.000000
0.009394 277.333313 303.111115 0.185804 -0.187253 0.000000
0.011940 283.555511 296.000000 0.216795 -0.249326 0.000000
0.009394 289.777802 288.000000 0.216798 -0.280363 0.000000
0.011940 296.000000 280.888885 0.216795 -0.249326 0.000000
0.004303 302.222198 273.777802 0.216795 -0.249325 0.000000
0.017032 307.555511 267.555511 0.185804 -0.218291 0.000000
0.019577 317.333313 259.555511 0.340761 -0.280363 1.000000
0.014486 317.333313 259.555511 -0.000142 -0.001029 1.000000
0.032306 330.666687 256.888885 0.464726 -0.094139 2.000000
0.055218 337.777802 257.777802 0.247787 0.030010 2.000000
0.037397 345.777802 262.222198 0.278778 0.154156 2.000000
0.055218 356.444489 279.111115 0.371752 0.588679 2.000000
0.029760 359.111115 286.222198 0.092830 0.247268 2.000000
0.050126 368.888885 307.555511 0.340760 0.743863 2.000000
0.052672 376.000000 316.444489 0.247787 0.309346 0.000000
0.009394 379.555511 319.111115 0.123821 0.092082 0.000000
-0.003334 382.222198 320.888885 0.092832 0.061046 0.000000
0.009394 382.222198 320.888885 -0.000142 -0.001029 0.000000
0.032306 384.888885 322.666687 0.092832 0.061047 0.000000
0.045035 385.777802 323.555511 0.030850 0.030006 0.000000
0.045035 386.666687 321.777802 0.030849 -0.063101 0.000000
0.047580 388.444489 311.111115 0.061841 -0.373475 0.000000
0.019577 391.111115 303.111115 0.092830 -0.280363 0.000000
0.011940 396.444489 278.222198 0.185806 -0.870070 0.000000
-0.000788 396.444489 278.222198 -0.000142 -0.001029 0.000000
-0.003334 399.111115 262.222198 0.092830 -0.559698 0.000000
0.009394 402.666687 244.444397 0.123823 -0.621773 0.000000
-0.003334 402.666687 244.444397 -0.000142 -0.001029 0.000000
0.001757 406.222198 226.666702 0.123821 -0.621769 0.000000
0.009394 408.888885 209.777802 0.092832 -0.590735 0.000000
-0.000788 410.666687 194.666702 0.061841 -0.528660 0.000000
0.011940 412.444489 181.333298 0.061841 -0.466589 0.000000
-0.000788 412.444489 181.333298 -0.000142 -0.001029 0.000000
0.001757 413.333313 170.666702 0.030847 -0.373472 1.000000
0.011940 413.333313 161.777802 -0.000142 -0.311401 1.000000
0.001757 413.333313 153.777802 -0.000142 -0.280363 2.000000
0.001757 413.333313 153.777802 -0.000142 -0.001029 2.000000
0.011940 413.333313 146.666702 -0.000142 -0.249326 2.000000
0.001757 412.444489 140.444397 -0.031131 -0.218292 2.000000
-0.000788 411.555511 135.111099 -0.031136 -0.187250 2.000000
0.011940 411.555511 130.666702 -0.000142 -0.156213 2.000000
-0.003334 411.555511 130.666702 -0.000142 -0.001029 2.000000
0.009394 411.555511 126.222198 -0.000142 -0.156217 2.000000
-0.000788 411.555511 122.666702 -0.000142 -0.125175 2.000000
-0.000788 411.555511 119.111099 -0.000142 -0.125179 2.000000
0.014486 411.555511 116.444397 -0.000142 -0.094141 2.000000
-0.003334 411.555511 116.444397 -0.000142 -0.001029 2.000000
0.001757 412.444489 114.666702 0.030852 -0.063100 2.000000
0.011940 413.333313 112.888901 0.030847 -0.063104 2.000000
-0.000788 413.333313 112.888901 -0.000142 -0.001029 2.000000
-0.000788 413.333313 112.888901 -0.000142 -0.001029 2.000000
0.011940 413.333313 112.000000 -0.000142 -0.032066 2.000000
-0.003334 413.333313 112.000000 -0.000142 -0.001029 2.000000
-0.000788 413.333313 112.000000 -0.000142 -0.001029 2.000000
0.011940 412.444489 110.222198 -0.031131 -0.063104 1.000000
0.001757 412.444489 110.222198 -0.000142 -0.001029 1.000000
-0.003334 411.555511 110.222198 -0.031136 -0.001029 1.000000
0.014486 410.666687 110.222198 -0.031131 -0.001029 0.000000
-0.003334 410.666687 110.222198 -0.000142 -0.001029 0.000000
-0.000788 410.666687 110.222198 -0.000142 -0.001029 0.000000
0.011940 410.666687 109.333298 -0.000142 -0.032066 0.000000
-0.003334 410.666687 109.333298 -0.000142 -0.001029 0.000000
-0.000788 410.666687 109.333298 -0.000142 -0.001029 0.000000
0.011940 410.666687 109.333298 -0.000142 -0.001029 0.000000
-0.000788 410.666687 110.222198 -0.000142 0.030009 0.000000
-0.000788 410.666687 112.888901 -0.000142 0.092084 0.000000
0.009394 410.666687 117.333298 -0.000142 0.154156 0.000000
-0.003334 410.666687 117.333298 -0.000142 -0.001029 0.000000
-0.000788 410.666687 122.666702 -0.000142 0.185197 0.000000
0.009394 410.666687 129.777802 -0.000142 0.247268 0.000000
-0.000788 410.666687 137.777802 -0.000142 0.278306 0.000000
-0.000788 410.666687 137.777802 -0.000142 -0.001029 0.000000
0.011940 410.666687 146.666702 -0.000142 0.309344 0.000000
-0.000788 410.666687 158.222198 -0.000142 0.402453 0.000000
-0.000788 410.666687 158.222198 -0.000142 -0.001029 0.000000
0.011940 410.666687 182.222198 -0.000142 0.836975 0.000000
0.006849 410.666687 182.222198 -0.000142 -0.001029 0.000000
0.014486 409.777802 206.222198 -0.031133 0.836975 0.000000
0.006849 409.777802 206.222198 -0.000142 -0.001029 0.000000
0.022123 408.000000 226.666702 -0.062125 0.712829 0.000000
0.001757 408.000000 226.666702 -0.000142 -0.001029 0.000000
0.014486 407.111115 241.777802 -0.031133 0.526603 0.000000
0.004303 407.111115 241.777802 -0.000142 -0.001029 0.000000
0.019577 407.111115 254.222198 -0.000142 0.433490 0.000000
-0.000788 407.111115 254.222198 -0.000142 -0.001029 0.000000
0.006849 407.111115 259.555511 -0.000142 0.185194 0.000000
0.014486 407.111115 264.000000 -0.000142 0.154159 0.000000
0.006849 407.111115 273.777802 -0.000142 0.340381 0.000000
0.014486 407.111115 273.777802 -0.000142 -0.001029 0.000000
0.004303 408.000000 278.222198 0.030849 0.154156 0.000000
0.017032 408.000000 281.777802 -0.000142 0.123122 0.000000
-0.000788 408.000000 283.555511 -0.000142 0.061043 0.000000
0.009394 408.888885 285.333313 0.030849 0.061047 0.000000
0.014486 408.888885 286.222198 -0.000142 0.030009 0.000000
0.006849 408.888885 286.222198 -0.000142 -0.001029 0.000000
0.011940 408.888885 286.222198 -0.000142 -0.001029 0.000000
0.001757 408.888885 286.222198 -0.000142 -0.001029 0.000000
0.017032 408.888885 286.222198 -0.000142 -0.001029 0.000000
0.057763 408.888885 272.000000 -0.000142 -0.497623 0.000000
0.032306 408.888885 254.222198 -0.000142 -0.621773 0.000000
0.060309 403.555511 224.000000 -0.186090 -1.056292 0.000000
0.037397 398.222198 214.222198 -0.186088 -0.342438 0.000000
0.039943 376.000000 187.555603 -0.774919 -0.932141 0.000000
0.045035 359.111115 168.888901 -0.588973 -0.652811 0.000000
0.039943 344.888885 147.555603 -0.496000 -0.745920 0.000000
0.042489 334.222198 123.555603 -0.372036 -0.839032 2.000000
0.004303 329.777802 110.222198 -0.155096 -0.466589 2.000000
0.045035 320.888885 88.000000 -0.310054 -0.776957 2.000000
0.042489 309.333313 71.111107 -0.403027 -0.590735 2.000000
0.042489 296.000000 60.444439 -0.465008 -0.373475 2.000000
0.039943 284.444489 55.111111 -0.403025 -0.187251 2.000000
0.042489 277.333313 51.555561 -0.248073 -0.125177 2.000000
0.001757 276.444489 50.666672 -0.031131 -0.032066 2.000000
0.017032 275.555511 49.777779 -0.031136 -0.032066 2.000000
0.001757 275.555511 49.777779 -0.000142 -0.001029 2.000000
0.004303 275.555511 49.777779 -0.000142 -0.001029 2.000000
0.019577 275.555511 51.555561 -0.000142 0.061046 0.000000
0.006849 274.666687 55.111111 -0.031131 0.123120 0.000000
0.011940 273.777802 60.444439 -0.031133 0.185194 0.000000
0.001757 272.888885 67.555557 -0.031134 0.247269 0.000000
0.014486 272.000000 74.666656 -0.031133 0.247268 0.000000
0.004303 271.111115 82.666656 -0.031133 0.278306 0.000000
0.004303 270.222198 91.555557 -0.031134 0.309344 0.000000
0.014486 270.222198 100.444397 -0.000142 0.309342 0.000000
0.004303 270.222198 100.444397 -0.000142 -0.001029 0.000000
0.014486 270.222198 119.111099 -0.000142 0.650753 0.000000
0.001757 270.222198 119.111099 -0.000142 -0.001029 0.000000
0.017032 271.111115 138.666702 0.030850 0.681791 0.000000
0.060309 272.888885 159.111099 0.061840 0.712825 0.000000
0.039943 272.888885 178.666702 -0.000142 0.681791 0.000000
0.037397 272.888885 193.777802 -0.000142 0.526603 0.000000
0.001757 272.888885 200.000000 -0.000142 0.216231 0.000000
0.039943 272.888885 208.888901 -0.000142 0.309344 1.000000
0.039943 273.777802 213.333298 0.030850 0.154156 2.000000
0.037397 276.444489 216.000000 0.092832 0.092084 2.000000
0.024669 278.222198 216.888901 0.061838 0.030009 2.000000
0.017032 279.111115 216.888901 0.030850 -0.001029 2.000000
0.006849 279.111115 217.777802 -0.000142 0.030009 2.000000
0.014486 280.000000 217.777802 0.030849 -0.001029 2.000000
0.004303 280.000000 218.666702 -0.000142 0.030009 2.000000
0.017032 280.000000 218.666702 -0.000142 -0.001029 2.000000
0.004303 280.000000 218.666702 -0.000142 -0.001029 2.000000
0.022123 280.000000 218.666702 -0.000142 -0.001029 2.000000
0.001757 280.000000 218.666702 -0.000142 -0.001029 2.000000
0.014486 278.222198 218.666702 -0.062125 -0.001029 2.000000
0.001757 274.666687 218.666702 -0.124105 -0.001029 2.000000
0.004303 270.222198 217.777802 -0.155099 -0.032066 1.000000
0.019577 264.000000 214.222198 -0.217079 -0.125179 0.000000
0.009394 256.000000 208.888901 -0.279062 -0.187250 0.000000
0.014486 246.222198 201.777802 -0.341045 -0.249326 0.000000
0.006849 235.555603 192.000000 -0.372033 -0.342438 0.000000
0.019577 224.888901 181.333298 -0.372037 -0.373476 0.000000
0.006849 215.111099 170.666702 -0.341045 -0.373472 0.000000
0.017032 206.222198 159.111099 -0.310054 -0.404514 0.000000
0.004303 198.222198 148.444397 -0.279062 -0.373476 0.000000
0.019577 190.222198 138.666702 -0.279062 -0.342435 0.000000
0.001757 183.111099 129.777802 -0.248071 -0.311401 0.000000
0.019577 168.888901 115.555603 -0.495999 -0.497623 0.000000
0.004303 168.888901 115.555603 -0.000142 -0.001029 0.000000
0.019577 154.666702 106.666702 -0.495999 -0.311401 0.000000
0.004303 154.666702 106.666702 -0.000142 -0.001029 0.000000
0.019577 144.000000 102.222198 -0.372037 -0.156217 0.000000
0.006849 141.333298 102.222198 -0.093117 -0.001029 0.000000
0.029760 139.555603 101.333298 -0.062121 -0.032066 0.000000
0.009394 139.555603 101.333298 -0.000142 -0.001029 0.000000
0.022123 141.333298 107.555603 0.061837 0.216235 1.000000
0.039943 152.000000 120.000000 0.371752 0.433490 2.000000
0.034852 168.888901 133.333298 0.588689 0.464528 2.000000
0.057763 193.777802 144.888901 0.867609 0.402456 2.000000
0.034852 228.444397 151.111099 1.208509 0.216231 2.000000
0.052672 285.333313 149.333298 1.983290 -0.063104 2.000000
0.034852 318.222198 141.333298 1.146529 -0.280363 2.000000
0.057763 349.333313 132.444397 1.084547 -0.311401 2.000000
0.004303 362.666687 128.888901 0.464726 -0.125175 2.000000
0.014486 372.444489 127.111099 0.340761 -0.063104 2.000000
0.006849 379.555511 126.222198 0.247784 -0.032066 0.000000
0.014486 384.888885 126.222198 0.185806 -0.001029 0.000000
0.065400 389.333313 132.444397 0.154813 0.216231 0.000000
0.039943 379.555511 139.555603 -0.341045 0.247272 0.000000
0.034852 357.333313 148.444397 -0.774919 0.309340 0.000000
0.055218 305.777802 165.333298 -1.797625 0.588678 0.000000
0.006849 305.777802 165.333298 -0.000142 -0.001029 0.000000
0.009394 259.555511 184.000000 -1.611682 0.650753 0.000000
-0.003334 259.555511 184.000000 -0.000142 -0.001029 0.000000
0.001757 235.555603 196.444397 -0.836899 0.433490 0.000000
0.014486 211.555603 208.888901 -0.836902 0.433494 0.000000
-0.000788 211.555603 208.888901 -0.000142 -0.001029 0.000000
0.017032 170.666702 232.888901 -1.425734 0.836975 0.000000
-0.000788 170.666702 232.888901 -0.000142 -0.001029 0.000000
0.004303 153.777802 243.555603 -0.588974 0.371419 0.000000
0.019577 126.222198 261.333313 -0.960868 0.619713 2.000000
0.011940 117.333298 269.333313 -0.310054 0.278306 2.000000
0.006849 117.333298 269.333313 -0.000142 -0.001029 2.000000
0.001757 111.111099 275.555511 -0.217079 0.216231 2.000000
0.017032 107.555603 281.777802 -0.124105 0.216234 2.000000
0.004303 107.555603 286.222198 -0.000142 0.154156 2.000000
0.019577 111.111099 293.333313 0.123820 0.247269 2.000000
0.004303 111.111099 293.333313 -0.000142 -0.001029 2.000000
0.022123 125.333298 296.000000 0.495715 0.092084 2.000000
0.004303 135.111099 295.111115 0.340761 -0.032066 2.000000
0.042489 162.666702 285.333313 0.960584 -0.342438 2.000000
0.042489 196.444397 271.111115 1.177517 -0.497623 3.000000
0.045035 233.777802 261.333313 1.301487 -0.342438 0.000000
0.039943 271.111115 258.666687 1.301484 -0.094139 0.000000
0.042489 305.777802 260.444489 1.208512 0.061047 0.000000
0.045035 344.888885 272.000000 1.363466 0.402453 0.000000
0.037397 352.888885 276.444489 0.278778 0.154159 0.000000
0.001757 359.111115 280.888885 0.216796 0.154156 0.000000
0.034852 365.333313 288.888885 0.216795 0.278306 0.000000
0.034852 364.444489 294.222198 -0.031131 0.185194 0.000000
0.055218 341.333313 297.777802 -0.805913 0.123122 0.000000
0.052672 314.666687 295.111115 -0.929874 -0.094141 0.000000
0.032306 284.444489 285.333313 -1.053839 -0.342438 2.000000
0.047580 253.333298 270.222198 -1.084834 -0.528661 2.000000
0.050126 221.333298 250.666702 -1.115822 -0.683844 2.000000
0.032306 187.555603 228.444397 -1.177801 -0.776961 2.000000
-0.000788 169.777802 218.666702 -0.619965 -0.342435 2.000000
0.034852 132.444397 205.333298 -1.301771 -0.466589 2.000000
0.045035 100.444397 200.888901 -1.115822 -0.156213 2.000000
0.050126 70.222221 203.555603 -1.053838 0.092084 2.000000
0.034852 65.777779 206.222198 -0.155098 0.092080 0.000000
0.057763 65.777779 214.222198 -0.000142 0.278306 0.000000
-0.000788 65.777779 214.222198 -0.000142 -0.001029 0.000000
0.014486 77.333344 222.222198 0.402743 0.278306 0.000000
-0.000788 77.333344 222.222198 -0.000142 -0.001029 0.000000
-0.000788 87.111107 224.888901 0.340760 0.092084 0.000000
0.014486 98.666656 227.555603 0.402742 0.092084 0.000000
-0.000788 112.000000 230.222198 0.464725 0.092080 0.000000
0.014486 127.111099 232.888901 0.526706 0.092084 0.000000
0.001757 127.111099 232.888901 -0.000142 -0.001029 0.000000
0.004303 156.444397 239.111099 1.022563 0.216231 0.000000
0.014486 156.444397 239.111099 -0.000142 -0.001029 0.000000
0.001757 167.111099 241.777802 0.371752 0.092084 0.000000
0.017032 174.222198 244.444397 0.247786 0.092080 0.000000
0.001757 178.666702 246.222198 0.154815 0.061047 0.000000
0.019577 177.777802 251.555603 -0.031134 0.185197 0.000000
0.004303 177.777802 251.555603 -0.000142 -0.001029 1.000000
0.004303 172.444397 254.222198 -0.186091 0.092080 1.000000
0.022123 152.000000 261.333313 -0.712936 0.247269 2.000000
0.006849 152.000000 261.333313 -0.000142 -0.001029 2.000000
0.019577 122.666702 263.111115 -1.022848 0.061047 2.000000
0.006849 122.666702 263.111115 -0.000142 -0.001029 2.000000
0.017032 89.777779 262.222198 -1.146814 -0.032067 2.000000
0.006849 72.888893 260.444489 -0.588973 -0.063101 2.000000
0.022123 54.222221 257.777802 -0.650956 -0.094141 2.000000
0.006849 36.444439 256.000000 -0.619965 -0.063104 2.000000
0.019577 20.444441 255.111099 -0.557982 -0.032066 2.000000
0.004303 5.333333 255.111099 -0.526991 -0.001029 2.000000
0.019577 -14.222220 255.111099 -0.681947 -0.001029 2.000000
0.006849 -19.555559 256.000000 -0.186089 0.030009 2.000000
0.022123 -22.222219 256.000000 -0.093115 -0.001029 2.000000
0.006849 -22.222219 256.000000 -0.000142 -0.001029 0.000000
0.022123 -21.333330 256.000000 0.030849 -0.001029 0.000000
0.037397 -9.777778 249.777802 0.402742 -0.218288 0.000000
0.037397 13.333330 239.111099 0.805627 -0.373476 0.000000
0.055218 64.000000 223.111099 1.766351 -0.559698 0.000000
0.037397 104.000000 216.888901 1.394458 -0.218288 0.000000
0.039943 144.888901 213.333298 1.425449 -0.125179 0.000000
0.047580 180.444397 210.666702 1.239500 -0.094138 0.000000
0.045035 208.888901 207.111099 0.991575 -0.125179 0.000000
0.004303 222.222198 204.444397 0.464723 -0.094141 0.000000
0.022123 234.666702 202.666702 0.433735 -0.063100 0.000000
0.006849 258.666687 199.111099 0.836617 -0.125179 2.000000
0.022123 270.222198 198.222198 0.402741 -0.032066 2.000000
0.050126 289.777802 197.333298 0.681664 -0.032066 2.000000
0.045035 304.000000 197.333298 0.495715 -0.001029 2.000000
0.042489 309.333313 197.333298 0.185804 -0.001029 2.000000
0.039943 304.888885 196.444397 -0.155097 -0.032066 2.000000
0.039943 287.111115 188.444397 -0.619964 -0.280363 2.000000
0.004303 287.111115 188.444397 -0.000142 -0.001029 2.000000
0.017032 258.666687 176.000000 -0.991857 -0.435547 0.000000
0.004303 258.666687 176.000000 -0.000142 -0.001029 0.000000
0.004303 241.777802 167.111099 -0.588973 -0.311401 0.000000
0.014486 225.777802 158.222198 -0.557982 -0.311401 0.000000
0.001757 209.777802 147.555603 -0.557982 -0.373472 0.000000
0.014486 194.666702 136.000000 -0.526991 -0.404514 0.000000
0.004303 179.555603 124.444397 -0.526991 -0.404514 0.000000
0.014486 162.666702 113.777802 -0.588974 -0.373472 0.000000
0.001757 144.888901 104.888901 -0.619965 -0.311401 0.000000
0.004303 126.222198 97.777779 -0.650957 -0.249326 0.000000
0.022123 108.444397 92.444443 -0.619965 -0.187252 0.000000
0.009394 91.555557 88.888893 -0.588972 -0.125177 0.000000
0.022123 64.000000 85.333344 -0.960867 -0.125177 0.000000
0.004303 64.000000 85.333344 -0.000142 -0.001029 0.000000
0.022123 47.111111 85.333344 -0.588973 -0.001029 0.000000
0.042489 41.777779 86.222221 -0.186089 0.030008 0.000000
0.045035 48.888889 94.222221 0.247787 0.278306 0.000000
0.050126 88.888893 110.222198 1.394458 0.557640 2.000000
0.047580 129.777802 117.333298 1.425450 0.247268 2.000000
0.042489 176.888901 124.444397 1.642386 0.247268 2.000000
0.042489 222.222198 132.444397 1.580403 0.278306 2.000000
0.017032 243.555603 135.111099 0.743647 0.092084 2.000000
0.004303 263.111115 138.666702 0.681661 0.123122 2.000000
0.006849 280.888885 142.222198 0.619680 0.123118 2.000000
0.017032 297.777802 144.888901 0.588690 0.092084 2.000000
0.004303 314.666687 148.444397 0.588689 0.123118 2.000000
0.019577 329.777802 152.000000 0.526707 0.123122 2.000000
0.001757 343.111115 155.555603 0.464724 0.123122 2.000000
0.017032 362.666687 165.333298 0.681663 0.340378 3.000000
0.001757 362.666687 165.333298 -0.000142 -0.001029 3.000000
0.004303 368.888885 170.666702 0.216795 0.185197 0.000000
0.014486 372.444489 176.000000 0.123824 0.185193 0.000000
-0.000788 372.444489 176.000000 -0.000142 -0.001029 0.000000
0.022123 374.222198 187.555603 0.061838 0.402456 0.000000
0.004303 370.666687 192.000000 -0.124105 0.154156 0.000000
0.022123 364.444489 196.444397 -0.217079 0.154156 0.000000
0.006849 356.444489 200.000000 -0.279062 0.123122 0.000000
0.019577 337.777802 204.444397 -0.650956 0.154156 0.000000
0.045035 320.888885 203.555603 -0.588974 -0.032062 0.000000
0.045035 308.444489 193.777802 -0.434016 -0.342438 0.000000
0.045035 302.222198 176.888901 -0.217082 -0.590735 0.000000
0.047580 302.222198 152.000000 -0.000142 -0.870070 0.000000
0.047580 324.444489 100.444397 0.774638 -1.801186 3.000000
0.045035 350.222198 68.444443 0.898598 -1.118365 2.000000
0.009394 362.666687 57.777779 0.433735 -0.373475 2.000000
0.014486 374.222198 50.666672 0.402741 -0.249326 2.000000
0.006849 383.111115 46.222221 0.309770 -0.156215 2.000000
0.017032 389.333313 44.444439 0.216795 -0.063103 2.000000
0.004303 394.666687 44.444439 0.185806 -0.001029 2.000000
0.019577 399.111115 44.444439 0.154813 -0.001029 2.000000
0.004303 402.666687 45.333328 0.123823 0.030009 2.000000
0.014486 405.333313 47.111111 0.092830 0.061046 2.000000
0.001757 408.000000 50.666672 0.092832 0.123120 2.000000
0.006849 410.666687 54.222221 0.092832 0.123120 2.000000
0.017032 411.555511 57.777779 0.030847 0.123120 2.000000
0.022123 412.444489 66.666656 0.030852 0.309343 0.000000
0.009394 409.777802 72.000000 -0.093116 0.185195 0.000000
0.019577 402.666687 76.444443 -0.248071 0.154157 0.000000
0.006849 392.000000 80.888893 -0.372036 0.154158 0.000000
0.047580 360.888885 90.666656 -1.084831 0.340380 0.000000
0.042489 316.444489 100.444397 -1.549696 0.340379 0.000000
0.045035 260.444489 112.888901 -1.952582 0.433494 0.000000
0.042489 194.666702 129.777802 -2.293485 0.588678 0.000000
0.042489 86.222221 171.555603 -3.781059 1.457720 0.000000
0.045035 25.777781 198.222198 -2.107538 0.930084 0.000000
0.039943 -8.000000 212.444397 -1.177804 0.495565 0.000000
0.004303 -15.111110 215.111099 -0.248071 0.092084 2.000000
0.017032 -18.666670 216.000000 -0.124107 0.030009 2.000000
0.004303 -18.666670 215.111099 -0.000142 -0.032066 2.000000
0.017032 -16.888889 209.777802 0.061840 -0.187250 2.000000
0.004303 -12.444440 203.555603 0.154814 -0.218288 2.000000
0.017032 -5.333333 194.666702 0.247787 -0.311401 2.000000
0.004303 3.555556 185.777802 0.309769 -0.311401 2.000000
0.004303 14.222220 176.888901 0.371751 -0.311401 2.000000
0.014486 25.777781 168.888901 0.402742 -0.280363 2.000000
-0.000788 25.777781 168.888901 -0.000142 -0.001029 2.000000
0.014486 53.333328 156.444397 0.960582 -0.435551 2.000000
0.006849 68.444443 152.000000 0.526707 -0.156213 2.000000
0.019577 83.555557 148.444397 0.526707 -0.125179 2.000000
-0.000788 83.555557 148.444397 -0.000142 -0.001029 2.000000
0.009394 118.222198 146.666702 1.208510 -0.063100 0.000000
0.019577 137.777802 146.666702 0.681664 -0.001029 0.000000
0.039943 183.111099 150.222198 1.580403 0.123118 0.000000
0.042489 234.666702 157.333298 1.797344 0.247268 0.000000
0.042489 287.111115 171.555603 1.828332 0.495569 0.000000
0.042489 333.333313 191.111099 1.611395 0.681787 0.000000
0.045035 390.222198 221.333298 1.983289 1.054235 0.000000
0.042489 418.666687 239.111099 0.991575 0.619716 0.000000
0.042489 440.000000 251.555603 0.743644 0.433494 0.000000
-0.000788 440.000000 251.555603 -0.000142 -0.001029 0.000000
0.019577 451.555511 258.666687 0.402741 0.247268 3.000000
0.001757 451.555511 258.666687 -0.000142 -0.001029 3.000000
0.006849 455.111115 260.444489 0.123824 0.061047 3.000000
0.014486 456.888885 264.000000 0.061840 0.123119 3.000000
0.004303 456.888885 264.000000 -0.000142 -0.001029 2.000000
0.014486 456.888885 264.888885 -0.000142 0.030009 2.000000
0.004303 452.444489 265.777802 -0.155096 0.030010 2.000000
0.014486 445.333313 265.777802 -0.248073 -0.001029 2.000000
0.004303 434.666687 265.777802 -0.372034 -0.001029 2.000000
0.001757 420.444489 263.111115 -0.495999 -0.094141 2.000000
0.011940 402.666687 258.666687 -0.619965 -0.156214 2.000000
-0.000788 381.333313 253.333298 -0.743930 -0.187254 2.000000
-0.000788 381.333313 253.333298 -0.000142 -0.001029 2.000000
0.014486 357.333313 245.333298 -0.836902 -0.280363 2.000000
0.001757 330.666687 237.333298 -0.929874 -0.280363 2.000000
0.014486 304.888885 229.333298 -0.898885 -0.280363 2.000000
0.001757 278.222198 221.333298 -0.929876 -0.280363 2.000000
0.009394 253.333298 214.222198 -0.867894 -0.249326 0.000000
0.009394 228.444397 208.888901 -0.867894 -0.187250 0.000000
0.050126 176.000000 205.333298 -1.828616 -0.125179 0.000000
0.029760 116.444397 216.000000 -2.076548 0.371419 0.000000
0.050126 22.222219 260.444489 -3.285198 1.550832 0.000000
0.050126 -15.111110 286.222198 -1.301769 0.899047 0.000000
0.037397 -27.555559 298.666687 -0.434018 0.433493 0.000000
0.019577 -27.555559 301.333313 -0.000142 0.092082 0.000000
0.011940 -24.000000 301.333313 0.123822 -0.001029 0.000000
0.001757 -13.333330 296.888885 0.371751 -0.156214 0.000000
0.014486 2.666667 288.888885 0.557698 -0.280363 0.000000
-0.000788 24.888889 277.333313 0.774636 -0.404512 0.000000
0.004303 24.888889 277.333313 -0.000142 -0.001029 0.000000
0.014486 80.000000 247.111099 1.921307 -1.056292 2.000000
0.009394 110.222198 229.333298 1.053555 -0.621773 2.000000
0.006849 110.222198 229.333298 -0.000142 -0.001029 2.000000
0.001757 141.333298 210.666702 1.084546 -0.652807 2.000000
0.001757 172.444397 191.111099 1.084546 -0.683848 2.000000
0.011940 203.555603 172.444397 1.084550 -0.652811 2.000000
0.001757 231.111099 155.555603 0.960580 -0.590732 2.000000
0.014486 256.000000 142.222198 0.867609 -0.466589 2.000000
-0.000788 256.000000 142.222198 -0.000142 -0.001029 2.000000
-0.000788 275.555511 133.333298 0.681661 -0.311401 2.000000
0.014486 289.777802 127.111099 0.495718 -0.218288 2.000000
-0.000788 299.555511 124.444397 0.340758 -0.094141 2.000000
0.014486 305.777802 123.555603 0.216798 -0.032062 2.000000
-0.000788 308.444489 122.666702 0.092832 -0.032066 2.000000
0.037397 308.444489 123.555603 -0.000142 0.030009 0.000000
0.006849 308.444489 123.555603 -0.000142 -0.001029 0.000000
0.024669 292.444489 134.222198 -0.557982 0.371415 0.000000
0.047580 260.444489 151.111099 -1.115822 0.588678 0.000000
0.047580 196.444397 184.888901 -2.231505 1.178385 0.000000
0.047580 156.444397 203.555603 -1.394742 0.650753 0.000000
0.052672 122.666702 215.111099 -1.177801 0.402453 0.000000
0.034852 93.333344 220.444397 -1.022850 0.185193 0.000000
0.057763 71.111107 209.777802 -0.774920 -0.373472 3.000000
0.027215 73.777779 198.222198 0.092831 -0.404514 3.000000
0.004303 99.555557 162.666702 0.898600 -1.242514 2.000000
0.029760 122.666702 141.333298 0.805628 -0.745923 2.000000
0.047580 183.111099 105.777802 2.107252 -1.242514 2.000000
0.001757 216.888901 96.000000 1.177521 -0.342438 2.000000
0.011940 249.777802 91.555557 1.146529 -0.156214 2.000000
0.050126 327.111115 111.111099 2.696084 0.681789 2.000000
0.027215 342.222198 125.333298 0.526706 0.495565 2.000000
-0.000788 352.000000 142.222198 0.340761 0.588678 3.000000
0.050126 350.222198 178.666702 -0.062125 1.271498 0.000000
0.042489 324.444489 210.666702 -0.898882 1.116310 0.000000
0.047580 286.222198 235.555603 -1.332762 0.868013 0.000000
0.047580 226.666702 260.444489 -2.076545 0.868012 0.000000
0.032306 198.222198 270.222198 -0.991860 0.340378 0.000000
0.047580 176.888901 276.444489 -0.743928 0.216234 0.000000
0.032306 158.222198 281.777802 -0.650957 0.185194 3.000000
0.001757 158.222198 281.777802 -0.000142 -0.001029 3.000000
0.029760 144.000000 282.666687 -0.495999 0.030009 2.000000
-0.000788 139.555603 281.777802 -0.155096 -0.032066 2.000000
0.042489 137.777802 264.888885 -0.062125 -0.590736 2.000000
0.032306 148.444397 228.444397 0.371749 -1.273554 2.000000
0.047580 170.666702 176.000000 0.774638 -1.832220 2.000000
-0.000788 170.666702 176.000000 -0.000142 -0.001029 2.000000
0.032306 200.888901 120.888901 1.053555 -1.925333 2.000000
0.047580 250.666702 65.777779 1.735361 -1.925334 3.000000
0.042489 278.222198 51.555561 0.960580 -0.497623 0.000000
0.047580 304.000000 48.888889 0.898601 -0.094140 0.000000
0.042489 327.111115 59.555561 0.805627 0.371418 0.000000
0.050126 352.888885 96.000000 0.898600 1.271496 0.000000
0.029760 357.333313 112.888901 0.154813 0.588678 0.000000
-0.003334 359.111115 129.777802 0.061841 0.588678 0.000000
0.045035 358.222198 167.111099 -0.031134 1.302532 0.000000
0.034852 348.444489 202.666702 -0.341042 1.240460 0.000000
-0.000788 341.333313 219.555603 -0.248073 0.588678 3.000000
0.039943 320.888885 254.222198 -0.712937 1.209419 2.000000
0.045035 293.333313 288.000000 -0.960867 1.178385 2.000000
0.045035 253.333298 315.555511 -1.394743 0.961122 2.000000
0.034852 205.333298 334.222198 -1.673662 0.650753 2.000000
0.047580 165.333298 336.888885 -1.394742 0.092084 3.000000
0.050126 142.222198 292.444489 -0.805911 -1.552886 3.000000
0.029760 143.111099 264.000000 0.030849 -0.994220 0.000000
-0.000788 149.333298 233.777802 0.216795 -1.056292 0.000000
0.039943 173.333298 179.555603 0.836618 -1.894296 0.000000
0.045035 208.888901 146.666702 1.239504 -1.149405 0.000000
0.050126 271.111115 121.777802 2.169235 -0.870070 0.000000
0.034852 291.555511 118.222198 0.712652 -0.125179 0.000000
0.029760 328.888885 117.333298 1.301486 -0.032066 0.000000
-0.000788 342.222198 121.777802 0.464724 0.154159 0.000000
0.001757 352.000000 129.777802 0.340761 0.278306 2.000000
0.032306 356.444489 141.333298 0.154815 0.402453 2.000000
0.029760 351.111115 171.555603 -0.186090 1.054238 2.000000
0.052672 314.666687 212.444397 -1.270777 1.426678 2.000000
0.055218 282.666687 226.666702 -1.115822 0.495569 2.000000
0.032306 251.555603 230.222198 -1.084830 0.123118 3.000000
0.050126 222.222198 222.222198 -1.022851 -0.280363 3.000000
0.004303 207.111099 213.333298 -0.526991 -0.311401 0.000000
0.011940 192.000000 201.777802 -0.526991 -0.404510 0.000000
0.001757 176.000000 188.444397 -0.557982 -0.466589 0.000000
0.032306 160.000000 174.222198 -0.557982 -0.497623 0.000000
0.055218 113.777802 131.555603 -1.611679 -1.490811 0.000000
0.032306 91.555557 106.666702 -0.774921 -0.870070 0.000000
0.060309 75.555557 80.000000 -0.557982 -0.932145 3.000000
0.032306 73.777779 69.333344 -0.062124 -0.373474 3.000000
0.001757 73.777779 69.333344 -0.000142 -0.001029 2.000000
0.032306 86.222221 56.888889 0.433733 -0.435549 2.000000
0.001757 86.222221 56.888889 -0.000142 -0.001029 2.000000
0.032306 118.222198 43.555561 1.115537 -0.466586 2.000000
0.029760 168.000000 32.888889 1.735361 -0.373475 2.000000
0.055218 260.444489 44.444439 3.222935 0.402455 2.000000
0.032306 290.666687 59.555561 1.053555 0.526604 2.000000
0.006849 339.555511 103.111099 1.704367 1.519793 3.000000
0.022123 356.444489 128.000000 0.588692 0.868013 3.000000
0.009394 368.000000 152.888901 0.402741 0.868013 0.000000
0.029760 374.222198 176.888901 0.216795 0.836975 0.000000
0.032306 373.333313 222.222198 -0.031133 1.581866 0.000000
0.034852 357.333313 259.555511 -0.557982 1.302532 0.000000
0.004303 345.777802 275.555511 -0.403025 0.557641 0.000000
0.034852 321.777802 304.888885 -0.836902 1.023200 0.000000
0.055218 301.333313 329.777802 -0.712939 0.868013 0.000000
0.032306 285.333313 349.333313 -0.557982 0.681788 0.000000
0.037397 273.777802 360.888885 -0.403025 0.402455 2.000000
0.004303 269.333313 363.555511 -0.155099 0.092082 2.000000
0.032306 262.222198 361.777802 -0.248071 -0.063101 2.000000
0.055218 257.777802 344.888885 -0.155096 -0.590736 2.000000
0.014486 256.888885 331.555511 -0.031134 -0.466588 2.000000
0.004303 256.888885 315.555511 -0.000142 -0.559698 2.000000
0.052672 256.888885 272.000000 -0.000142 -1.521849 2.000000
0.034852 256.000000 251.555603 -0.031133 -0.714882 3.000000
0.037397 252.444397 233.777802 -0.124108 -0.621773 0.000000
0.006849 252.444397 233.777802 -0.000142 -0.001029 0.000000
0.032306 247.111099 216.000000 -0.186088 -0.621773 0.000000
0.001757 246.222198 205.333298 -0.031134 -0.373476 0.000000
0.014486 246.222198 193.777802 -0.000142 -0.404510 0.000000
0.055218 250.666702 153.777802 0.154815 -1.397702 0.000000
0.034852 255.111099 132.444397 0.154812 -0.745923 0.000000
0.039943 255.111099 117.333298 -0.000142 -0.528660 0.000000
0.004303 255.111099 117.333298 -0.000142 -0.001029 3.000000
0.039943 252.444397 101.333298 -0.093117 -0.559698 2.000000
0.039943 251.555603 96.000000 -0.031130 -0.187250 2.000000
0.034852 248.888901 85.333344 -0.093117 -0.373474 2.000000
0.004303 248.000000 80.888893 -0.031134 -0.156215 2.000000
0.014486 246.222198 76.444443 -0.062125 -0.156215 2.000000
0.004303 244.444397 72.000000 -0.062125 -0.156214 2.000000
0.037397 236.444397 64.888893 -0.279062 -0.249326 2.000000
0.039943 221.333298 60.444439 -0.526991 -0.156215 2.000000
0.009394 212.444397 59.555561 -0.310054 -0.032065 0.000000
0.014486 202.666702 59.555561 -0.341041 -0.001029 0.000000
0.004303 193.777802 59.555561 -0.310054 -0.001029 0.000000
0.037397 178.666702 59.555561 -0.526991 -0.001029 0.000000
0.037397 166.222198 62.222221 -0.434020 0.092083 0.000000
0.039943 153.777802 64.000000 -0.434016 0.061046 0.000000
0.004303 147.555603 65.777779 -0.217079 0.061046 0.000000
0.017032 140.444397 67.555557 -0.248074 0.061046 0.000000
0.004303 133.333298 71.111107 -0.248071 0.123120 0.000000
0.034852 119.111099 76.444443 -0.495999 0.185195 0.000000
0.039943 110.222198 81.777779 -0.310054 0.185195 1.000000
0.039943 106.666702 86.222221 -0.124105 0.154157 1.000000
0.004303 105.777802 88.000000 -0.031134 0.061046 2.000000
0.034852 105.777802 89.777779 -0.000142 0.061046 2.000000
0.037397 104.000000 95.111107 -0.062125 0.185194 2.000000
0.057763 97.777779 110.222198 -0.217080 0.526603 2.000000
0.011940 96.000000 115.555603 -0.062124 0.185197 2.000000
0.004303 94.222221 121.777802 -0.062124 0.216231 2.000000
0.055218 93.333344 136.000000 -0.031133 0.495565 2.000000
0.014486 93.333344 139.555603 -0.000142 0.123122 0.000000
0.001757 93.333344 139.555603 -0.000142 -0.001029 0.000000
0.034852 95.111107 145.777802 0.061840 0.216231 0.000000
-0.000788 96.000000 149.333298 0.030849 0.123118 0.000000
0.032306 96.888893 160.000000 0.030849 0.371419 0.000000
0.047580 97.777779 172.444397 0.030849 0.433490 0.000000
0.052672 100.444397 181.333298 0.092829 0.309344 0.000000
-0.000788 102.222198 184.000000 0.061841 0.092084 0.000000
0.014486 104.888901 185.777802 0.092832 0.061047 0.000000
0.037397 111.111099 187.555603 0.216795 0.061047 1.000000
0.004303 114.666702 187.555603 0.123824 -0.001029 1.000000
0.047580 120.888901 190.222198 0.216795 0.092080 2.000000
0.027215 125.333298 194.666702 0.154812 0.154159 2.000000
0.029760 128.888901 200.000000 0.123824 0.185193 2.000000
-0.000788 128.888901 200.000000 -0.000142 -0.001029 2.000000
0.052672 138.666702 204.444397 0.340761 0.154156 2.000000
0.052672 148.444397 204.444397 0.340757 -0.001029 2.000000
0.029760 160.888901 201.777802 0.433735 -0.094138 0.000000
0.055218 171.555603 200.000000 0.371752 -0.063104 0.000000
0.045035 181.333298 200.000000 0.340757 -0.001029 0.000000
0.001757 181.333298 200.000000 -0.000142 -0.001029 0.000000
0.014486 184.888901 200.888901 0.123824 0.030009 0.000000
0.050126 201.777802 200.888901 0.588689 -0.001029 0.000000
-0.000788 208.888901 199.111099 0.247786 -0.063104 0.000000
0.009394 208.888901 199.111099 -0.000142 -0.001029 0.000000
-0.003334 216.888901 195.555603 0.278778 -0.125175 0.000000
0.029760 234.666702 184.888901 0.619681 -0.373476 1.000000
0.001757 234.666702 184.888901 -0.000142 -0.001029 1.000000
0.027215 250.666702 169.777802 0.557698 -0.528660 2.000000
-0.000788 257.777802 160.888901 0.247786 -0.311401 2.000000
0.047580 269.333313 142.222198 0.402741 -0.652811 2.000000
0.042489 282.666687 120.888901 0.464726 -0.745920 2.000000
0.034852 298.666687 96.888893 0.557698 -0.839033 2.000000
0.034852 318.222198 75.555557 0.681661 -0.745921 1.000000
0.006849 328.888885 65.777779 0.371752 -0.342438 1.000000
0.032306 339.555511 56.888889 0.371750 -0.311400 1.000000
0.004303 356.444489 41.777779 0.588692 -0.528661 0.000000
0.034852 362.666687 35.555561 0.216795 -0.218289 0.000000
0.032306 371.555511 23.111111 0.309767 -0.435549 0.000000
0.055218 386.666687 7.111111 0.526709 -0.559698 0.000000
0.032306 392.888885 3.555556 0.216795 -0.125177 0.000000
0.060309 411.555511 0.888889 0.650670 -0.094140 3.000000
0.022123 421.333313 4.444445 0.340761 0.123120 3.000000
-0.000788 421.333313 4.444445 -0.000142 -0.001029 3.000000
0.034852 427.555511 9.777778 0.216795 0.185194 2.000000
0.047580 429.333313 16.888889 0.061841 0.247269 2.000000
0.050126 430.222198 28.444441 0.030849 0.402455 2.000000
0.047580 432.000000 36.444439 0.061841 0.278306 2.000000
0.001757 432.888885 40.000000 0.030849 0.123120 1.000000
0.032306 435.555511 44.444439 0.092830 0.154157 1.000000
0.029760 435.555511 45.333328 -0.000142 0.030009 0.000000
0.052672 436.444489 48.888889 0.030852 0.123120 0.000000
0.050126 430.222198 56.888889 -0.217082 0.278306 0.000000
0.017032 423.111115 68.444443 -0.248070 0.402455 3.000000
0.009394 423.111115 68.444443 -0.000142 -0.001029 3.000000
0.039943 417.777802 80.000000 -0.186088 0.402455 3.000000
0.047580 412.444489 90.666656 -0.186088 0.371417 3.000000
0.032306 410.666687 93.333344 -0.062125 0.092084 3.000000
0.050126 404.444489 96.000000 -0.217079 0.092083 3.000000
0.047580 401.777802 96.000000 -0.093116 -0.001029 3.000000
0.001757 401.777802 95.111107 -0.000142 -0.032066 3.000000
0.011940 401.777802 92.444443 -0.000142 -0.094140 3.000000
-0.003334 401.777802 92.444443 -0.000142 -0.001029 3.000000
0.001757 402.666687 88.000000 0.030849 -0.156214 3.000000
0.009394 406.222198 81.777779 0.123821 -0.218289 3.000000
-0.000788 409.777802 75.555557 0.123824 -0.218289 3.000000
0.014486 415.111115 67.555557 0.185804 -0.280363 3.000000
-0.000788 419.555511 61.333328 0.154812 -0.218289 3.000000
-0.000788 419.555511 61.333328 -0.000142 -0.001029 3.000000
0.014486 427.555511 52.444439 0.278778 -0.311400 3.000000
-0.000788 427.555511 52.444439 -0.000142 -0.001029 3.000000
0.001757 430.222198 49.777779 0.092832 -0.094140 3.000000
0.014486 432.000000 48.888889 0.061841 -0.032066 0.000000
0.006849 433.777802 48.000000 0.061841 -0.032066 0.000000
0.017032 434.666687 48.000000 0.030849 -0.001029 0.000000
0.001757 435.555511 48.000000 0.030847 -0.001029 0.000000
0.014486 435.555511 48.000000 -0.000142 -0.001029 0.000000
0.006849 435.555511 48.000000 -0.000142 -0.001029 0.000000
0.039943 433.777802 48.888889 -0.062122 0.030009 0.000000
0.042489 426.666687 56.000000 -0.248071 0.247269 0.000000
0.065400 406.222198 78.222221 -0.712939 0.774901 0.000000
0.037397 387.555511 97.777779 -0.650956 0.681789 0.000000
0.017032 376.888885 106.666702 -0.372034 0.309344 3.000000
0.006849 364.444489 112.888901 -0.434016 0.216231 3.000000
0.052672 336.000000 121.777802 -0.991859 0.309344 2.000000
0.045035 330.666687 120.888901 -0.186088 -0.032066 2.000000
0.039943 323.555511 97.777779 -0.248073 -0.807996 2.000000
0.039943 320.888885 72.888893 -0.093114 -0.870069 2.000000
0.039943 315.555511 46.222221 -0.186090 -0.932144 2.000000
0.004303 315.555511 46.222221 -0.000142 -0.001029 2.000000
0.019577 305.777802 23.111111 -0.341042 -0.807995 1.000000
0.039943 295.111115 7.111111 -0.372036 -0.559698 0.000000
0.001757 295.111115 7.111111 -0.000142 -0.001029 0.000000
0.037397 287.111115 0.888889 -0.279062 -0.218289 0.000000
0.050126 287.111115 1.777778 -0.000142 0.030009 0.000000
0.032306 293.333313 11.555560 0.216795 0.340381 0.000000
0.050126 304.888885 26.666670 0.402743 0.526603 0.000000
0.050126 326.222198 61.333328 0.743644 1.209421 0.000000
0.029760 331.555511 77.333344 0.185804 0.557641 1.000000
0.001757 335.111115 93.333344 0.123824 0.557641 1.000000
-0.000788 336.000000 111.111099 0.030849 0.619714 2.000000
0.011940 336.000000 128.000000 -0.000142 0.588678 2.000000
0.042489 328.888885 159.111099 -0.248071 1.085272 2.000000
0.034852 321.777802 182.222198 -0.248070 0.805938 2.000000
-0.003334 321.777802 182.222198 -0.000142 -0.001029 2.000000
0.001757 319.111115 189.333298 -0.093116 0.247268 2.000000
0.009394 317.333313 193.777802 -0.062125 0.154159 2.000000
-0.000788 317.333313 193.777802 -0.000142 -0.001029 2.000000
0.001757 315.555511 196.444397 -0.062125 0.092080 2.000000
0.009394 314.666687 198.222198 -0.031131 0.061047 2.000000
-0.003334 314.666687 199.111099 -0.000142 0.030009 2.000000
-0.000788 314.666687 199.111099 -0.000142 -0.001029 2.000000
0.011940 313.777802 200.000000 -0.031133 0.030009 1.000000
0.001757 313.777802 200.000000 -0.000142 -0.001029 1.000000
-0.003334 313.777802 200.000000 -0.000142 -0.001029 1.000000
0.009394 313.777802 200.000000 -0.000142 -0.001029 0.000000
-0.000788 313.777802 200.000000 -0.000142 -0.001029 0.000000
0.001757 316.444489 200.000000 0.092832 -0.001029 0.000000
0.009394 320.000000 200.000000 0.123821 -0.001029 0.000000
0.001757 326.222198 199.111099 0.216795 -0.032066 0.000000
-0.000788 326.222198 199.111099 -0.000142 -0.001029 0.000000
0.011940 333.333313 197.333298 0.247787 -0.063104 0.000000
-0.000788 342.222198 193.777802 0.309769 -0.125175 0.000000
0.014486 352.000000 190.222198 0.340761 -0.125179 0.000000
0.001757 361.777802 187.555603 0.340761 -0.094138 0.000000
-0.000788 361.777802 187.555603 -0.000142 -0.001029 0.000000
0.009394 371.555511 184.888901 0.340758 -0.094141 0.000000
-0.000788 379.555511 182.222198 0.278778 -0.094141 0.000000
-0.000788 387.555511 181.333298 0.278778 -0.032066 0.000000
0.011940 393.777802 180.444397 0.216798 -0.032066 0.000000
-0.003334 393.777802 180.444397 -0.000142 -0.001029 0.000000
0.001757 399.111115 180.444397 0.185804 -0.001029 0.000000
0.011940 403.555511 180.444397 0.154812 -0.001029 0.000000
-0.000788 407.111115 181.333298 0.123824 0.030009 0.000000
-0.000788 407.111115 181.333298 -0.000142 -0.001029 0.000000
0.011940 409.777802 183.111099 0.092832 0.061047 0.000000
-0.003334 412.444489 184.888901 0.092832 0.061047 0.000000
-0.000788 412.444489 184.888901 -0.000142 -0.001029 0.000000
0.011940 417.777802 187.555603 0.185804 0.092084 0.000000
-0.003334 417.777802 187.555603 -0.000142 -0.001029 0.000000
-0.000788 420.444489 188.444397 0.092832 0.030005 0.000000
0.011940 423.111115 189.333298 0.092830 0.030009 0.000000
-0.003334 423.111115 189.333298 -0.000142 -0.001029 0.000000
0.011940 426.666687 190.222198 0.123823 0.030009 0.000000
-0.000788 426.666687 190.222198 -0.000142 -0.001029 0.000000
-0.000788 427.555511 190.222198 0.030847 -0.001029 0.000000
0.011940 427.555511 190.222198 -0.000142 -0.001029 0.000000
-0.000788 427.555511 190.222198 -0.000142 -0.001029 0.000000
-0.000788 427.555511 191.111099 -0.000142 0.030009 0.000000
0.011940 428.444489 192.000000 0.030852 0.030009 0.000000
-0.000788 429.333313 192.888901 0.030847 0.030009 0.000000
-0.003334 429.333313 192.888901 -0.000142 -0.001029 0.000000
0.009394 430.222198 194.666702 0.030849 0.061047 0.000000
-0.003334 432.000000 195.555603 0.061841 0.030009 0.000000
-0.000788 432.000000 195.555603 -0.000142 -0.001029 0.000000
0.011940 435.555511 197.333298 0.123821 0.061043 0.000000
-0.003334 435.555511 197.333298 -0.000142 -0.001029 0.000000
0.004303 438.222198 198.222198 0.092832 0.030009 0.000000
0.009394 440.888885 198.222198 0.092832 -0.001029 0.000000
-0.005880 440.888885 198.222198 -0.000142 -0.001029 0.000000
-0.000788 443.555511 198.222198 0.092830 -0.001029 0.000000
0.014486 446.222198 198.222198 0.092832 -0.001029 0.000000
-0.003334 446.222198 198.222198 -0.000142 -0.001029 0.000000
-0.000788 447.111115 198.222198 0.030850 -0.001029 0.000000
0.011940 448.000000 198.222198 0.030849 -0.001029 0.000000
