-0.018609 256.000000 -500.000000 -0.000142 -0.001029 3.000000
-0.021154 256.000000 -500.000000 -0.000142 -0.001029 3.000000
-5.031145 320.888885 159.111099 2.262209 23.013039 0.000000
0.017032 322.666687 159.111099 0.061841 -0.001029 0.000000
0.042489 328.000000 159.111099 0.185804 -0.001029 0.000000
0.039943 332.444489 159.111099 0.154815 -0.001029 0.000000
0.034852 334.222198 159.111099 0.061838 -0.001029 0.000000
0.057763 334.222198 159.111099 -0.000142 -0.001029 0.000000
0.039943 334.222198 159.111099 -0.000142 -0.001029 0.000000
0.045035 329.777802 160.888901 -0.155096 0.061047 0.000000
0.045035 320.000000 165.333298 -0.341045 0.154156 0.000000
0.042489 303.111115 170.666702 -0.588973 0.185197 0.000000
0.047580 293.333313 173.333298 -0.341045 0.092080 0.000000
0.042489 283.555511 176.000000 -0.341045 0.092084 0.000000
0.042489 275.555511 177.777802 -0.279062 0.061047 0.000000
0.050126 264.888885 179.555603 -0.372034 0.061047 0.000000
0.045035 256.000000 180.444397 -0.310053 0.030005 0.000000
0.042489 245.333298 180.444397 -0.372037 -0.001029 0.000000
0.045035 235.555603 177.777802 -0.341041 -0.094138 0.000000
0.042489 225.777802 173.333298 -0.341045 -0.156217 0.000000
0.047580 216.888901 167.111099 -0.310054 -0.218288 0.000000
0.045035 203.555603 154.666702 -0.465008 -0.435547 0.000000
0.042489 194.666702 147.555603 -0.310054 -0.249326 0.000000
0.017032 190.222198 144.888901 -0.155100 -0.094141 0.000000
0.009394 186.666702 143.111099 -0.124105 -0.063104 0.000000
0.045035 179.555603 142.222198 -0.248071 -0.032066 0.000000
0.042489 176.000000 144.000000 -0.124108 0.061047 0.000000
0.045035 175.111099 157.333298 -0.031134 0.464528 0.000000
0.045035 180.444397 171.555603 0.185803 0.495569 0.000000
0.060309 199.111099 191.111099 0.650672 0.681787 0.000000
0.029760 208.000000 195.555603 0.309769 0.154159 0.000000
-0.003334 218.666702 199.111099 0.371752 0.123118 0.000000
0.032306 240.000000 200.000000 0.743643 0.030009 0.000000
-0.003334 240.000000 200.000000 -0.000142 -0.001029 1.000000
0.029760 260.444489 195.555603 0.712655 -0.156213 1.000000
0.045035 280.888885 179.555603 0.712652 -0.559698 1.000000
0.052672 297.777802 157.333298 0.588690 -0.776961 1.000000
0.037397 310.222198 124.444397 0.433732 -1.149405 1.000000
0.022123 310.222198 116.444397 -0.000142 -0.280363 0.000000
0.014486 307.555511 110.222198 -0.093116 -0.218288 0.000000
0.004303 302.222198 105.777802 -0.186088 -0.156213 0.000000
0.014486 292.444489 103.111099 -0.341042 -0.094141 0.000000
0.101041 232.000000 120.000000 -2.107539 0.588678 0.000000
-0.008426 217.777802 131.555603 -0.495999 0.402456 0.000000
0.083221 194.666702 176.000000 -0.805911 1.550829 0.000000
0.011940 192.888901 190.222198 -0.062125 0.495565 0.000000
0.067946 202.666702 225.777802 0.340761 1.240460 0.000000
0.011940 210.666702 235.555603 0.278778 0.340381 0.000000
0.034852 246.222198 248.888901 1.239500 0.464528 0.000000
0.014486 246.222198 248.888901 -0.000142 -0.001029 0.000000
0.022123 272.000000 246.222198 0.898601 -0.094141 0.000000
0.062855 300.444489 224.888901 0.991575 -0.745920 0.000000
0.024669 305.777802 215.111099 0.185804 -0.342438 0.000000
0.057763 307.555511 180.444397 0.061838 -1.211480 0.000000
0.034852 296.888885 158.222198 -0.372034 -0.776957 0.000000
0.083221 263.111115 143.111099 -1.177804 -0.528660 0.000000
0.006849 248.888901 143.111099 -0.496000 -0.001029 0.000000
0.065400 209.777802 158.222198 -1.363751 0.526603 0.000000
0.042489 194.666702 172.444397 -0.526991 0.495565 0.000000
0.042489 187.555603 193.777802 -0.248071 0.743866 0.000000
0.027215 187.555603 200.888901 -0.000142 0.247268 0.000000
0.062855 200.888901 217.777802 0.464723 0.588678 1.000000
0.014486 208.888901 221.333298 0.278778 0.123118 1.000000
0.017032 218.666702 223.111099 0.340761 0.061047 1.000000
0.039943 239.111099 221.333298 0.712652 -0.063104 1.000000
0.045035 262.222198 202.666702 0.805626 -0.652807 1.000000
0.055218 268.444489 181.333298 0.216798 -0.745923 1.000000
0.034852 268.444489 156.444397 -0.000142 -0.870070 1.000000
0.037397 258.666687 136.888901 -0.341045 -0.683844 1.000000
0.039943 240.888901 126.222198 -0.619965 -0.373476 1.000000
0.019577 216.888901 124.444397 -0.836902 -0.063104 0.000000
0.011940 216.888901 124.444397 -0.000142 -0.001029 0.000000
0.047580 182.222198 139.555603 -1.208797 0.526607 0.000000
0.039943 168.000000 158.222198 -0.495999 0.650750 0.000000
0.047580 163.555603 179.555603 -0.155096 0.743866 0.000000
0.034852 165.333298 200.000000 0.061837 0.712825 0.000000
0.047580 176.000000 215.111099 0.371752 0.526603 0.000000
0.070492 198.222198 224.888901 0.774635 0.340381 0.000000
0.055218 216.000000 221.333298 0.619681 -0.125179 1.000000
0.029760 221.333298 214.222198 0.185803 -0.249326 1.000000
0.055218 220.444397 201.777802 -0.031134 -0.435547 1.000000
0.034852 211.555603 189.333298 -0.310050 -0.435551 0.000000
0.055218 199.111099 178.666702 -0.434020 -0.373472 0.000000
0.032306 185.777802 173.333298 -0.465008 -0.187254 0.000000
0.055218 165.333298 172.444397 -0.712940 -0.032066 0.000000
0.014486 159.111099 172.444397 -0.217079 -0.001029 0.000000
0.050126 148.444397 174.222198 -0.372037 0.061047 0.000000
0.067946 139.555603 178.666702 -0.310050 0.154159 0.000000
0.050126 140.444397 186.666702 0.030846 0.278306 0.000000
0.011940 144.000000 190.222198 0.123824 0.123118 0.000000
0.123952 172.444397 202.666702 0.991572 0.433494 0.000000
-0.021154 206.222198 213.333298 1.177521 0.371415 0.000000
0.027215 244.444397 224.000000 1.332475 0.371419 0.000000
0.022123 272.000000 232.000000 0.960584 0.278306 0.000000
0.024669 302.222198 241.777802 1.053555 0.340381 0.000000
0.045035 332.444489 254.222198 1.053558 0.433490 0.000000
0.032306 360.000000 265.777802 0.960581 0.402456 0.000000
0.052672 382.222198 277.333313 0.774635 0.402453 0.000000
0.047580 409.777802 288.888885 0.960584 0.402455 0.000000
0.050126 428.444489 291.555511 0.650672 0.092082 0.000000
0.039943 444.444489 291.555511 0.557698 -0.001029 0.000000
0.037397 456.000000 291.555511 0.402741 -0.001029 0.000000
0.055218 464.888885 291.555511 0.309769 -0.001029 0.000000
0.055218 466.666687 291.555511 0.061841 -0.001029 0.000000
0.047580 465.777802 289.777802 -0.031133 -0.063101 0.000000
0.144318 433.777802 269.333313 -1.115822 -0.714885 0.000000
-0.003334 433.777802 269.333313 -0.000142 -0.001029 0.000000
-0.003334 426.666687 265.777802 -0.248071 -0.125176 0.000000
0.019577 419.555511 262.222198 -0.248073 -0.125179 0.000000
0.047580 397.333313 252.444397 -0.774919 -0.342438 0.000000
0.032306 379.555511 246.222198 -0.619965 -0.218288 0.000000
0.052672 356.444489 240.888901 -0.805908 -0.187250 0.000000
0.052672 319.111115 235.555603 -1.301770 -0.187250 0.000000
0.055218 302.222198 234.666702 -0.588974 -0.032066 0.000000
0.027215 290.666687 234.666702 -0.403025 -0.001029 0.000000
0.101041 275.555511 234.666702 -0.526993 -0.001029 0.000000
0.011940 273.777802 234.666702 -0.062122 -0.001029 3.000000
0.037397 270.222198 234.666702 -0.124108 -0.001029 3.000000
0.039943 266.666687 233.777802 -0.124105 -0.032066 3.000000
0.083221 262.222198 233.777802 -0.155099 -0.001029 3.000000
-0.000788 262.222198 233.777802 -0.000142 -0.001029 3.000000
0.067946 258.666687 233.777802 -0.124105 -0.001029 3.000000
0.017032 256.888885 233.777802 -0.062125 -0.001029 3.000000
0.062855 254.222198 234.666702 -0.093116 0.030009 3.000000
0.037397 254.222198 234.666702 -0.000142 -0.001029 3.000000
0.037397 256.000000 234.666702 0.061841 -0.001029 3.000000
0.039943 259.555511 234.666702 0.123821 -0.001029 3.000000
0.062855 267.555511 234.666702 0.278778 -0.001029 3.000000
0.034852 272.000000 234.666702 0.154815 -0.001029 3.000000
0.039943 272.888885 234.666702 0.030849 -0.001029 3.000000
0.042489 272.888885 236.444397 -0.000142 0.061043 3.000000
0.062855 268.444489 242.666702 -0.155096 0.216235 3.000000
0.039943 266.666687 246.222198 -0.062125 0.123118 3.000000
0.039943 265.777802 252.444397 -0.031133 0.216231 3.000000
0.039943 264.888885 262.222198 -0.031134 0.340381 3.000000
0.065400 259.555511 283.555511 -0.186090 0.743863 3.000000
0.039943 254.222198 296.000000 -0.186088 0.433493 3.000000
0.055218 250.666702 304.000000 -0.124105 0.278306 3.000000
0.019577 249.777802 304.888885 -0.031134 0.030009 3.000000
0.067946 249.777802 304.888885 -0.000142 -0.001029 3.000000
0.001757 249.777802 304.888885 -0.000142 -0.001029 3.000000
0.004303 248.888901 304.888885 -0.031134 -0.001029 3.000000
0.011940 248.000000 304.000000 -0.031134 -0.032066 3.000000
0.027215 246.222198 304.000000 -0.062125 -0.001029 3.000000
0.004303 244.444397 304.000000 -0.062125 -0.001029 3.000000
0.029760 241.777802 303.111115 -0.093113 -0.032066 0.000000
0.024669 240.888901 303.111115 -0.031134 -0.001029 0.000000
0.009394 240.000000 303.111115 -0.031134 -0.001029 0.000000
0.024669 240.000000 303.111115 -0.000142 -0.001029 0.000000
0.011940 240.000000 303.111115 -0.000142 -0.001029 0.000000
0.032306 240.000000 303.111115 -0.000142 -0.001029 0.000000
0.017032 240.000000 303.111115 -0.000142 -0.001029 0.000000
0.045035 244.444397 303.111115 0.154812 -0.001029 0.000000
0.045035 250.666702 302.222198 0.216799 -0.032067 0.000000
0.047580 261.333313 288.000000 0.371749 -0.497623 0.000000
0.011940 264.888885 280.000000 0.123823 -0.280363 1.000000
0.022123 267.555511 268.444489 0.092830 -0.404510 1.000000
0.009394 270.222198 256.888885 0.092832 -0.404514 2.000000
0.027215 274.666687 232.000000 0.154815 -0.870069 2.000000
0.022123 276.444489 220.444397 0.061841 -0.404514 2.000000
0.050126 277.333313 204.444397 0.030847 -0.559698 2.000000
0.050126 272.000000 191.111099 -0.186088 -0.466585 2.000000
0.050126 262.222198 185.777802 -0.341045 -0.187250 2.000000
0.052672 241.777802 184.888901 -0.712936 -0.032066 1.000000
0.006849 233.777802 186.666702 -0.279062 0.061047 0.000000
0.022123 225.777802 189.333298 -0.279062 0.092080 0.000000
0.019577 210.666702 195.555603 -0.526991 0.216235 0.000000
0.047580 195.555603 203.555603 -0.526991 0.278306 0.000000
0.006849 187.555603 208.000000 -0.279062 0.154156 0.000000
0.024669 180.444397 212.444397 -0.248074 0.154156 0.000000
0.006849 171.555603 217.777802 -0.310050 0.185197 0.000000
0.022123 152.888901 226.666702 -0.650957 0.309344 0.000000
0.006849 152.888901 226.666702 -0.000142 -0.001029 0.000000
0.024669 132.444397 234.666702 -0.712940 0.278306 0.000000
0.011940 123.555603 236.444397 -0.310050 0.061043 1.000000
0.034852 109.333298 238.222198 -0.496003 0.061047 2.000000
0.029760 104.888901 238.222198 -0.155096 -0.001029 2.000000
0.029760 96.888893 234.666702 -0.279062 -0.125175 2.000000
0.011940 95.111107 232.000000 -0.062125 -0.094141 2.000000
0.024669 92.444443 227.555603 -0.093115 -0.156213 2.000000
0.006849 91.555557 225.777802 -0.031133 -0.063104 2.000000
0.027215 91.555557 223.111099 -0.000142 -0.094141 2.000000
0.024669 93.333344 216.888901 0.061840 -0.218288 1.000000
0.009394 96.000000 214.222198 0.092831 -0.094141 1.000000
0.029760 99.555557 210.666702 0.123822 -0.125175 0.000000
0.009394 103.111099 207.111099 0.123822 -0.125179 0.000000
0.022123 111.111099 198.222198 0.278778 -0.311401 0.000000
0.024669 114.666702 192.888901 0.123824 -0.187250 0.000000
0.014486 120.888901 179.555603 0.216795 -0.466585 0.000000
0.027215 122.666702 171.555603 0.061841 -0.280363 0.000000
0.032306 123.555603 152.888901 0.030849 -0.652811 0.000000
0.062855 118.222198 125.333298 -0.186091 -0.963183 0.000000
0.029760 116.444397 118.222198 -0.062125 -0.249326 1.000000
0.017032 111.111099 105.777802 -0.186088 -0.435547 2.000000
0.027215 107.555603 100.444397 -0.124105 -0.187254 2.000000
0.029760 102.222198 89.777779 -0.186091 -0.373473 2.000000
0.062855 95.111107 76.444443 -0.248070 -0.466586 2.000000
0.034852 90.666656 70.222221 -0.155098 -0.218289 2.000000
0.027215 88.888893 69.333344 -0.062124 -0.032065 2.000000
0.052672 88.000000 67.555557 -0.031133 -0.063103 0.000000
0.042489 88.888893 68.444443 0.030849 0.030009 0.000000
0.047580 92.444443 73.777779 0.123822 0.185195 0.000000
0.045035 97.777779 87.111107 0.185805 0.464529 0.000000
0.045035 102.222198 96.000000 0.154813 0.309343 0.000000
0.004303 102.222198 96.000000 -0.000142 -0.001029 0.000000
0.019577 106.666702 104.888901 0.154815 0.309344 1.000000
0.050126 112.888901 116.444397 0.216795 0.402453 2.000000
0.004303 115.555603 122.666702 0.092832 0.216235 2.000000
0.022123 120.888901 136.888901 0.185803 0.495565 2.000000
0.047580 126.222198 149.333298 0.185803 0.433490 2.000000
0.045035 129.777802 157.333298 0.123824 0.278306 2.000000
0.042489 134.222198 163.555603 0.154812 0.216235 2.000000
0.052672 142.222198 169.777802 0.278778 0.216231 1.000000
0.027215 144.888901 169.777802 0.092832 -0.001029 0.000000
0.034852 150.222198 169.777802 0.185803 -0.001029 0.000000
0.004303 154.666702 166.222198 0.154815 -0.125179 0.000000
0.009394 158.222198 160.888901 0.123820 -0.187250 0.000000
0.032306 167.111099 145.777802 0.309769 -0.528660 0.000000
0.034852 178.666702 125.333298 0.402744 -0.714886 0.000000
0.034852 192.000000 104.000000 0.464723 -0.745920 0.000000
0.009394 192.000000 104.000000 -0.000142 -0.001029 0.000000
0.029760 207.111099 84.444443 0.526706 -0.683846 1.000000
0.032306 224.000000 69.333344 0.588689 -0.528660 2.000000
0.014486 233.777802 61.333328 0.340761 -0.280364 2.000000
0.019577 243.555603 54.222221 0.340761 -0.249326 2.000000
0.052672 271.111115 36.444439 0.960581 -0.621772 2.000000
0.045035 283.555511 27.555559 0.433732 -0.311400 2.000000
0.047580 292.444489 24.000000 0.309772 -0.125177 2.000000
0.022123 296.888885 22.222219 0.154812 -0.063103 1.000000
0.006849 296.888885 22.222219 -0.000142 -0.001029 1.000000
0.022123 299.555511 22.222219 0.092830 -0.001029 0.000000
0.062855 304.888885 25.777781 0.185806 0.123120 0.000000
0.004303 306.666687 28.444441 0.061841 0.092083 0.000000
0.022123 308.444489 30.222219 0.061841 0.061046 0.000000
0.045035 311.111115 35.555561 0.092830 0.185195 0.000000
0.045035 314.666687 40.888889 0.123823 0.185194 0.000000
0.019577 317.333313 48.888889 0.092830 0.278306 1.000000
0.006849 318.222198 53.333328 0.030849 0.154157 1.000000
0.004303 319.111115 57.777779 0.030850 0.154158 2.000000
0.024669 319.111115 63.111111 -0.000142 0.185194 2.000000
0.034852 319.111115 72.888893 -0.000142 0.340381 2.000000
0.045035 318.222198 81.777779 -0.031134 0.309343 2.000000
0.001757 316.444489 87.111107 -0.062122 0.185194 2.000000
0.019577 312.888885 92.444443 -0.124108 0.185195 2.000000
0.001757 309.333313 98.666656 -0.124107 0.216231 2.000000
0.022123 301.333313 111.111099 -0.279062 0.433492 2.000000
0.004303 301.333313 111.111099 -0.000142 -0.001029 2.000000
0.019577 294.222198 124.444397 -0.248071 0.464528 1.000000
0.004303 294.222198 124.444397 -0.000142 -0.001029 1.000000
0.024669 289.777802 137.777802 -0.155096 0.464532 0.000000
0.004303 289.777802 137.777802 -0.000142 -0.001029 0.000000
0.017032 288.888885 150.222198 -0.031134 0.433490 0.000000
-0.000788 288.888885 150.222198 -0.000142 -0.001029 0.000000
0.001757 288.888885 156.444397 -0.000142 0.216231 0.000000
0.022123 289.777802 168.888901 0.030850 0.433494 0.000000
0.017032 290.666687 176.000000 0.030849 0.247268 0.000000
0.006849 292.444489 183.111099 0.061841 0.247268 0.000000
0.004303 294.222198 189.333298 0.061838 0.216231 0.000000
0.022123 296.000000 196.444397 0.061841 0.247268 0.000000
0.004303 297.777802 204.444397 0.061841 0.278306 0.000000
0.022123 299.555511 211.555603 0.061838 0.247272 1.000000
0.004303 301.333313 217.777802 0.061841 0.216231 1.000000
0.024669 303.111115 224.888901 0.061841 0.247268 2.000000
0.001757 304.000000 231.111099 0.030849 0.216231 2.000000
0.017032 305.777802 242.666702 0.061841 0.402456 2.000000
0.004303 305.777802 242.666702 -0.000142 -0.001029 2.000000
0.019577 306.666687 256.888885 0.030849 0.495565 2.000000
0.004303 306.666687 256.888885 -0.000142 -0.001029 2.000000
0.014486 306.666687 272.000000 -0.000142 0.526604 2.000000
0.014486 306.666687 280.000000 -0.000142 0.278306 2.000000
0.027215 307.555511 288.000000 0.030847 0.278306 2.000000
0.006849 307.555511 296.000000 -0.000142 0.278306 2.000000
0.027215 311.111115 310.222198 0.123824 0.495565 1.000000
0.050126 318.222198 321.777802 0.247786 0.402456 0.000000
0.017032 322.666687 327.111115 0.154815 0.185194 0.000000
0.047580 339.555511 338.666687 0.588687 0.402455 0.000000
0.060309 356.444489 346.666687 0.588692 0.278306 0.000000
0.050126 361.777802 352.888885 0.185804 0.216231 0.000000
0.019577 363.555511 357.333313 0.061838 0.154157 0.000000
0.006849 363.555511 360.888885 -0.000142 0.123121 0.000000
0.022123 361.777802 368.000000 -0.062122 0.247269 1.000000
0.014486 359.111115 370.666687 -0.093116 0.092084 2.000000
0.014486 356.444489 373.333313 -0.093114 0.092082 2.000000
0.045035 352.000000 376.000000 -0.155099 0.092084 2.000000
0.060309 350.222198 373.333313 -0.062125 -0.094141 2.000000
0.047580 350.222198 362.666687 -0.000142 -0.373473 2.000000
0.024669 353.777802 348.444489 0.123824 -0.497623 2.000000
0.052672 360.888885 332.444489 0.247786 -0.559698 2.000000
0.055218 376.000000 310.222198 0.526707 -0.776960 0.000000
0.055218 386.666687 297.777802 0.371752 -0.435547 0.000000
0.017032 393.777802 288.888885 0.247787 -0.311401 0.000000
0.006849 393.777802 288.888885 -0.000142 -0.001029 0.000000
0.024669 394.666687 282.666687 0.030849 -0.218288 0.000000
0.055218 384.000000 279.111115 -0.372036 -0.125178 0.000000
0.050126 366.222198 279.111115 -0.619965 -0.001029 0.000000
0.022123 354.666687 280.888885 -0.403025 0.061046 1.000000
0.006849 341.333313 283.555511 -0.465010 0.092082 1.000000
0.024669 312.000000 290.666687 -1.022848 0.247271 2.000000
0.006849 296.888885 295.111115 -0.526991 0.154157 2.000000
0.019577 283.555511 300.444489 -0.465010 0.185196 2.000000
0.006849 270.222198 306.666687 -0.465008 0.216231 2.000000
0.027215 257.777802 312.888885 -0.434016 0.216231 2.000000
0.004303 246.222198 318.222198 -0.403028 0.185194 2.000000
0.019577 225.777802 328.888885 -0.712936 0.371418 2.000000
0.006849 225.777802 328.888885 -0.000142 -0.001029 2.000000
0.022123 208.000000 336.888885 -0.619965 0.278306 2.000000
0.004303 200.000000 340.444489 -0.279062 0.123122 2.000000
0.027215 192.000000 344.000000 -0.279062 0.123119 1.000000
0.009394 183.111099 346.666687 -0.310054 0.092084 1.000000
0.029760 167.111099 352.888885 -0.557982 0.216231 0.000000
0.024669 160.000000 354.666687 -0.248071 0.061047 0.000000
0.055218 143.111099 353.777802 -0.588974 -0.032066 0.000000
0.052672 137.777802 343.111115 -0.186088 -0.373475 0.000000
0.022123 135.111099 321.777802 -0.093117 -0.745920 0.000000
0.014486 134.222198 307.555511 -0.031134 -0.497626 1.000000
0.022123 133.333298 271.111115 -0.031134 -1.273551 1.000000
0.060309 131.555603 231.111099 -0.062121 -1.397702 2.000000
0.022123 128.000000 196.444397 -0.124108 -1.211480 2.000000
0.011940 125.333298 182.222198 -0.093117 -0.497623 2.000000
0.022123 121.777802 170.666702 -0.124105 -0.404510 2.000000
0.004303 117.333298 161.777802 -0.155100 -0.311401 2.000000
0.022123 112.888901 155.555603 -0.155096 -0.218288 2.000000
0.006849 106.666702 152.000000 -0.217079 -0.125179 2.000000
0.024669 94.222221 149.333298 -0.434019 -0.094141 2.000000
0.022123 88.888893 149.333298 -0.186089 -0.001029 2.000000
0.004303 83.555557 150.222198 -0.186089 0.030009 1.000000
0.004303 80.000000 152.888901 -0.124107 0.092084 1.000000
0.024669 75.555557 159.111099 -0.155098 0.216231 0.000000
0.022123 75.555557 163.555603 -0.000142 0.154159 0.000000
0.004303 75.555557 163.555603 -0.000142 -0.001029 0.000000
0.019577 77.333344 172.444397 0.061840 0.309340 0.000000
0.009394 80.888893 177.777802 0.123822 0.185197 0.000000
0.022123 86.222221 183.111099 0.185804 0.185193 0.000000
0.006849 91.555557 188.444397 0.185805 0.185193 0.000000
0.019577 104.888901 199.111099 0.464725 0.371419 0.000000
0.006849 104.888901 199.111099 -0.000142 -0.001029 0.000000
0.022123 120.888901 210.666702 0.557698 0.402456 0.000000
0.009394 128.888901 216.000000 0.278778 0.185193 1.000000
0.022123 135.111099 221.333298 0.216795 0.185193 1.000000
0.050126 149.333298 241.777802 0.495715 0.712829 2.000000
0.052672 154.666702 258.666687 0.185807 0.588678 2.000000
0.019577 156.444397 265.777802 0.061837 0.247269 2.000000
0.004303 158.222198 272.888885 0.061841 0.247268 2.000000
0.022123 159.111099 280.888885 0.030849 0.278306 2.000000
0.006849 159.111099 280.888885 -0.000142 -0.001029 2.000000
0.022123 160.000000 282.666687 0.030849 0.061047 2.000000
0.004303 160.000000 282.666687 -0.000142 -0.001029 2.000000
0.024669 160.888901 280.888885 0.030849 -0.063104 2.000000
0.006849 161.777802 277.333313 0.030849 -0.125178 1.000000
0.024669 166.222198 264.000000 0.154812 -0.466585 0.000000
0.009394 166.222198 264.000000 -0.000142 -0.001029 0.000000
0.022123 171.555603 249.777802 0.185807 -0.497623 0.000000
0.029760 181.333298 238.222198 0.340757 -0.404514 0.000000
0.009394 186.666702 233.777802 0.185807 -0.156213 0.000000
0.022123 192.000000 230.222198 0.185803 -0.125179 0.000000
0.055218 214.222198 217.777802 0.774635 -0.435547 0.000000
0.060309 239.111099 206.222198 0.867609 -0.404514 0.000000
0.019577 247.111099 203.555603 0.278778 -0.094138 1.000000
0.009394 255.111099 201.777802 0.278778 -0.063104 1.000000
0.019577 262.222198 201.777802 0.247786 -0.001029 1.000000
0.009394 268.444489 201.777802 0.216798 -0.001029 2.000000
0.022123 280.000000 208.000000 0.402741 0.216231 2.000000
0.057763 289.777802 218.666702 0.340761 0.371419 2.000000
0.042489 296.000000 230.222198 0.216795 0.402453 2.000000
0.042489 298.666687 249.777802 0.092832 0.681791 2.000000
0.022123 297.777802 256.888885 -0.031133 0.247268 2.000000
-0.000788 297.777802 256.888885 -0.000142 -0.001029 2.000000
0.006849 293.333313 272.000000 -0.155099 0.526604 1.000000
0.024669 290.666687 278.222198 -0.093114 0.216231 1.000000
0.006849 288.000000 282.666687 -0.093116 0.154159 0.000000
0.022123 287.111115 286.222198 -0.031133 0.123119 0.000000
0.045035 285.333313 288.000000 -0.062125 0.061047 0.000000
0.042489 282.666687 277.333313 -0.093114 -0.373475 0.000000
0.047580 280.888885 256.888885 -0.062125 -0.714883 0.000000
0.047580 280.000000 229.333298 -0.031133 -0.963182 0.000000
0.022123 279.111115 196.444397 -0.031133 -1.149405 0.000000
0.009394 278.222198 182.222198 -0.031134 -0.497623 1.000000
0.019577 278.222198 171.555603 -0.000142 -0.373472 1.000000
0.009394 276.444489 163.555603 -0.062122 -0.280363 2.000000
0.022123 274.666687 154.666702 -0.062125 -0.311401 2.000000
0.052672 272.888885 153.777802 -0.062125 -0.032066 2.000000
0.050126 272.000000 160.000000 -0.031133 0.216231 2.000000
0.019577 271.111115 176.000000 -0.031133 0.557641 2.000000
0.006849 271.111115 176.000000 -0.000142 -0.001029 2.000000
0.001757 272.888885 187.555603 0.061840 0.402456 2.000000
0.022123 278.222198 215.111099 0.185804 0.961122 2.000000
0.019577 280.000000 230.222198 0.061841 0.526603 1.000000
0.004303 282.666687 246.222198 0.092832 0.557641 1.000000
0.001757 282.666687 246.222198 -0.000142 -0.001029 1.000000
0.022123 284.444489 273.777802 0.061841 0.961126 0.000000
0.006849 284.444489 285.333313 -0.000142 0.402453 0.000000
0.014486 284.444489 296.000000 -0.000142 0.371418 0.000000
0.006849 284.444489 304.888885 -0.000142 0.309343 0.000000
0.027215 283.555511 312.888885 -0.031136 0.278306 0.000000
0.019577 282.666687 324.444489 -0.031131 0.402456 0.000000
0.009394 282.666687 328.000000 -0.000142 0.123119 0.000000
0.052672 282.666687 331.555511 -0.000142 0.123119 0.000000
0.029760 285.333313 333.333313 0.092830 0.061047 0.000000
0.014486 287.111115 333.333313 0.061841 -0.001029 1.000000
0.029760 292.444489 330.666687 0.185806 -0.094139 2.000000
0.027215 296.888885 326.222198 0.154812 -0.156216 2.000000
0.065400 315.555511 299.555511 0.650670 -0.932145 2.000000
0.027215 332.444489 273.777802 0.588692 -0.901104 2.000000
0.029760 349.333313 251.555603 0.588687 -0.776957 2.000000
0.006849 357.333313 243.555603 0.278778 -0.280363 2.000000
0.029760 364.444489 236.444397 0.247789 -0.249329 2.000000
0.009394 370.666687 232.000000 0.216795 -0.156213 2.000000
0.022123 380.444489 225.777802 0.340761 -0.218288 1.000000
0.004303 380.444489 225.777802 -0.000142 -0.001029 1.000000
0.022123 384.888885 224.888901 0.154812 -0.032066 0.000000
0.006849 385.777802 224.888901 0.030850 -0.001029 0.000000
0.022123 385.777802 224.888901 -0.000142 -0.001029 0.000000
0.024669 385.777802 232.000000 -0.000142 0.247268 0.000000
0.004303 385.777802 232.000000 -0.000142 -0.001029 0.000000
0.022123 383.111115 244.444397 -0.093116 0.433490 0.000000
0.004303 381.333313 252.444397 -0.062125 0.278306 0.000000
0.019577 378.666687 261.333313 -0.093114 0.309344 0.000000
0.004303 376.888885 270.222198 -0.062125 0.309343 0.000000
0.039943 375.111115 286.222198 -0.062124 0.557641 0.000000
0.004303 375.111115 292.444489 -0.000142 0.216234 1.000000
0.019577 375.111115 297.777802 -0.000142 0.185194 1.000000
0.045035 376.000000 304.000000 0.030849 0.216231 2.000000
0.045035 379.555511 305.777802 0.123821 0.061047 2.000000
0.062855 388.444489 293.333313 0.309772 -0.435551 2.000000
0.037397 398.222198 268.444489 0.340758 -0.870067 2.000000
0.042489 411.555511 233.777802 0.464724 -1.211479 2.000000
0.017032 425.777802 202.666702 0.495718 -1.087329 1.000000
0.001757 425.777802 202.666702 -0.000142 -0.001029 1.000000
0.006849 431.111115 192.000000 0.185804 -0.373476 0.000000
0.019577 434.666687 183.111099 0.123823 -0.311401 0.000000
0.001757 437.333313 176.000000 0.092830 -0.249326 0.000000
0.017032 438.222198 170.666702 0.030849 -0.187250 0.000000
0.001757 438.222198 167.111099 -0.000142 -0.125179 0.000000
0.017032 437.333313 163.555603 -0.031133 -0.125175 0.000000
0.004303 433.777802 160.888901 -0.124105 -0.094141 0.000000
0.001757 429.333313 160.000000 -0.155099 -0.032066 0.000000
0.022123 423.111115 160.000000 -0.217079 -0.001029 0.000000
0.027215 408.000000 160.888901 -0.526991 0.030009 0.000000
0.009394 400.888885 163.555603 -0.248071 0.092084 0.000000
0.022123 393.777802 165.333298 -0.248070 0.061043 1.000000
0.009394 387.555511 167.111099 -0.217082 0.061047 1.000000
0.024669 375.111115 168.000000 -0.434016 0.030009 2.000000
0.009394 368.888885 168.000000 -0.217080 -0.001029 2.000000
0.019577 363.555511 167.111099 -0.186090 -0.032066 2.000000
0.011940 358.222198 164.444397 -0.186088 -0.094141 2.000000
0.029760 344.888885 157.333298 -0.465008 -0.249326 2.000000
0.019577 337.777802 152.888901 -0.248070 -0.156213 2.000000
0.011940 329.777802 149.333298 -0.279062 -0.125179 2.000000
0.019577 315.555511 142.222198 -0.496002 -0.249326 2.000000
0.009394 315.555511 142.222198 -0.000142 -0.001029 2.000000
0.019577 304.888885 136.888901 -0.372034 -0.187250 1.000000
0.009394 300.444489 134.222198 -0.155096 -0.094141 1.000000
0.027215 293.333313 128.888901 -0.248073 -0.187250 1.000000
0.019577 290.666687 127.111099 -0.093114 -0.063104 0.000000
0.014486 288.000000 125.333298 -0.093116 -0.063104 0.000000
0.042489 282.666687 121.777802 -0.186088 -0.125175 0.000000
0.037397 280.000000 120.000000 -0.093116 -0.063104 0.000000
0.039943 277.333313 118.222198 -0.093116 -0.063104 0.000000
0.042489 275.555511 117.333298 -0.062125 -0.032066 0.000000
0.047580 269.333313 116.444397 -0.217079 -0.032066 0.000000
0.045035 264.888885 115.555603 -0.155097 -0.032062 0.000000
0.045035 262.222198 114.666702 -0.093116 -0.032066 0.000000
0.039943 260.444489 113.777802 -0.062122 -0.032066 0.000000
0.042489 259.555511 113.777802 -0.031136 -0.001029 0.000000
0.065400 259.555511 126.222198 -0.000142 0.433490 0.000000
0.024669 263.111115 136.888901 0.123824 0.371419 2.000000
0.006849 263.111115 136.888901 -0.000142 -0.001029 2.000000
0.034852 271.111115 147.555603 0.278778 0.371419 2.000000
0.001757 276.444489 152.000000 0.185806 0.154156 2.000000
0.024669 286.222198 163.555603 0.340758 0.402456 2.000000
0.014486 290.666687 169.777802 0.154815 0.216231 2.000000
0.001757 290.666687 169.777802 -0.000142 -0.001029 2.000000
0.004303 294.222198 176.888901 0.123821 0.247268 2.000000
0.022123 299.555511 192.888901 0.185804 0.557641 2.000000
0.004303 299.555511 192.888901 -0.000142 -0.001029 2.000000
0.022123 303.111115 209.777802 0.123824 0.588678 2.000000
0.004303 303.111115 209.777802 -0.000142 -0.001029 2.000000
0.022123 304.000000 227.555603 0.030849 0.619716 1.000000
0.006849 304.000000 238.222198 -0.000142 0.371415 1.000000
0.019577 303.111115 248.000000 -0.031133 0.340381 0.000000
0.011940 300.444489 271.111115 -0.093114 0.805938 0.000000
0.027215 298.666687 281.777802 -0.062125 0.371418 0.000000
0.019577 297.777802 293.333313 -0.031133 0.402453 0.000000
0.009394 297.777802 303.111115 -0.000142 0.340381 0.000000
0.060309 298.666687 325.333313 0.030849 0.774900 0.000000
0.014486 301.333313 329.777802 0.092830 0.154159 0.000000
0.047580 313.777802 332.444489 0.433735 0.092084 0.000000
0.024669 320.000000 328.888885 0.216795 -0.125179 1.000000
0.009394 327.111115 322.666687 0.247787 -0.218288 1.000000
0.024669 343.111115 304.000000 0.557698 -0.652810 2.000000
0.011940 343.111115 304.000000 -0.000142 -0.001029 2.000000
0.019577 356.444489 276.444489 0.464726 -0.963179 2.000000
0.047580 361.777802 251.555603 0.185804 -0.870069 2.000000
0.045035 344.000000 232.888901 -0.619965 -0.652811 2.000000
0.062855 292.444489 238.222198 -1.797625 0.185193 1.000000
0.032306 271.111115 244.444397 -0.743930 0.216231 1.000000
0.039943 234.666702 257.777802 -1.270777 0.464532 0.000000
-0.000788 221.333298 264.000000 -0.465011 0.216231 0.000000
0.042489 205.333298 272.888885 -0.557982 0.309343 0.000000
0.037397 205.333298 275.555511 -0.000142 0.092082 0.000000
0.045035 226.666702 271.111115 0.743647 -0.156213 0.000000
0.042489 272.000000 256.888885 1.580403 -0.497624 0.000000
0.052672 365.333313 240.888901 3.253924 -0.559697 0.000000
0.039943 418.666687 240.000000 1.859326 -0.032066 1.000000
0.017032 436.444489 240.888901 0.619681 0.030009 1.000000
0.006849 447.111115 242.666702 0.371750 0.061047 2.000000
0.047580 453.333313 245.333298 0.216795 0.092080 2.000000
0.055218 424.888885 248.888901 -0.991857 0.123122 2.000000
0.017032 405.333313 248.888901 -0.681947 -0.001029 2.000000
0.001757 381.333313 248.000000 -0.836902 -0.032066 2.000000
0.017032 352.000000 247.111099 -1.022848 -0.032066 2.000000
0.001757 320.000000 246.222198 -1.115822 -0.032066 2.000000
0.004303 320.000000 246.222198 -0.000142 -0.001029 2.000000
0.022123 251.555603 246.222198 -2.386456 -0.001029 1.000000
0.004303 221.333298 248.000000 -1.053843 0.061047 1.000000
0.019577 195.555603 250.666702 -0.898881 0.092084 0.000000
0.009394 173.333298 254.222198 -0.774923 0.123118 0.000000
0.014486 155.555603 257.777802 -0.619962 0.123122 0.000000
0.001757 141.333298 261.333313 -0.496003 0.123119 0.000000
0.019577 130.666702 263.111115 -0.372033 0.061047 0.000000
0.006849 124.444397 264.888885 -0.217083 0.061046 0.000000
0.019577 121.777802 265.777802 -0.093113 0.030010 0.000000
0.011940 127.111099 265.777802 0.185803 -0.001029 0.000000
0.022123 135.111099 265.777802 0.278778 -0.001029 0.000000
0.052672 182.222198 259.555511 1.642386 -0.218291 0.000000
0.027215 204.444397 253.333298 0.774635 -0.218288 2.000000
0.006849 230.222198 245.333298 0.898601 -0.280363 2.000000
0.045035 285.333313 224.000000 1.921307 -0.745920 2.000000
0.045035 336.000000 199.111099 1.766352 -0.870070 2.000000
0.024669 376.000000 174.222198 1.394458 -0.870070 2.000000
0.050126 400.000000 159.111099 0.836618 -0.528660 2.000000
0.052672 414.222198 154.666702 0.495715 -0.156213 1.000000
0.042489 415.111115 159.111099 0.030850 0.154156 0.000000
0.042489 414.222198 171.555603 -0.031134 0.433494 0.000000
0.001757 411.555511 180.444397 -0.093116 0.309340 0.000000
0.017032 407.111115 190.222198 -0.155096 0.340381 0.000000
0.006849 402.666687 202.666702 -0.155097 0.433494 0.000000
0.037397 391.111115 232.000000 -0.403027 1.023197 0.000000
0.037397 377.777802 266.666687 -0.465008 1.209422 0.000000
0.037397 367.111115 297.777802 -0.372036 1.085273 0.000000
0.039943 356.444489 319.111115 -0.372034 0.743863 2.000000
0.006849 349.333313 326.222198 -0.248073 0.247268 2.000000
0.032306 340.444489 331.555511 -0.310051 0.185194 2.000000
0.055218 304.000000 334.222198 -1.270779 0.092084 2.000000
0.017032 292.444489 328.888885 -0.403025 -0.187251 2.000000
0.001757 283.555511 320.888885 -0.310056 -0.280363 2.000000
0.037397 270.222198 294.222198 -0.465008 -0.932145 2.000000
0.052672 256.000000 236.444397 -0.495999 -2.018446 1.000000
0.024669 251.555603 219.555603 -0.155096 -0.590732 0.000000
0.009394 245.333298 205.333298 -0.217083 -0.497626 0.000000
0.022123 239.111099 191.111099 -0.217079 -0.497623 0.000000
0.009394 232.000000 177.777802 -0.248071 -0.466585 0.000000
0.017032 216.888901 154.666702 -0.526991 -0.807995 0.000000
0.009394 209.777802 145.777802 -0.248071 -0.311401 0.000000
0.019577 203.555603 137.777802 -0.217079 -0.280363 0.000000
0.009394 198.222198 131.555603 -0.186091 -0.218288 0.000000
0.019577 194.666702 126.222198 -0.124105 -0.187254 3.000000
0.011940 192.000000 120.888901 -0.093117 -0.187250 2.000000
0.024669 191.111099 112.888901 -0.031134 -0.280363 2.000000
0.022123 192.000000 110.222198 0.030849 -0.094141 2.000000
0.001757 194.666702 107.555603 0.092832 -0.094138 2.000000
0.027215 198.222198 105.777802 0.123820 -0.063104 2.000000
0.001757 201.777802 104.000000 0.123824 -0.063104 2.000000
0.022123 211.555603 102.222198 0.340761 -0.063104 2.000000
0.001757 211.555603 102.222198 -0.000142 -0.001029 2.000000
0.004303 216.888901 102.222198 0.185803 -0.001029 2.000000
0.024669 227.555603 103.111099 0.371752 0.030009 1.000000
0.017032 233.777802 104.888901 0.216795 0.061047 1.000000
0.004303 240.000000 107.555603 0.216795 0.092084 1.000000
0.004303 240.000000 107.555603 -0.000142 -0.001029 1.000000
0.019577 252.444397 114.666702 0.433732 0.247268 0.000000
0.004303 252.444397 114.666702 -0.000142 -0.001029 0.000000
0.017032 260.444489 124.444397 0.278781 0.340378 0.000000
0.004303 262.222198 130.666702 0.061838 0.216235 0.000000
0.017032 264.888885 136.000000 0.092832 0.185193 0.000000
0.004303 266.666687 142.222198 0.061841 0.216231 0.000000
0.019577 267.555511 147.555603 0.030847 0.185197 0.000000
0.004303 268.444489 152.000000 0.030852 0.154156 0.000000
0.045035 270.222198 157.333298 0.061838 0.185193 0.000000
0.034852 272.000000 161.777802 0.061841 0.154159 0.000000
0.039943 272.888885 168.000000 0.030849 0.216231 2.000000
0.004303 272.888885 171.555603 -0.000142 0.123122 2.000000
0.042489 271.111115 178.666702 -0.062124 0.247268 2.000000
0.047580 267.555511 183.111099 -0.124108 0.154156 2.000000
0.047580 265.777802 183.111099 -0.062122 -0.001029 2.000000
0.024669 264.888885 181.333298 -0.031134 -0.063104 2.000000
0.022123 264.888885 178.666702 -0.000142 -0.094138 2.000000
0.006849 264.888885 172.444397 -0.000142 -0.218292 1.000000
0.027215 264.888885 169.777802 -0.000142 -0.094138 1.000000
0.011940 264.888885 168.000000 -0.000142 -0.063104 1.000000
0.019577 264.888885 166.222198 -0.000142 -0.063104 1.000000
0.009394 264.888885 164.444397 -0.000142 -0.063104 0.000000
0.022123 264.888885 162.666702 -0.000142 -0.063100 0.000000
0.009394 264.888885 161.777802 -0.000142 -0.032066 0.000000
0.017032 264.888885 161.777802 -0.000142 -0.001029 0.000000
0.006849 264.888885 161.777802 -0.000142 -0.001029 0.000000
0.019577 264.000000 161.777802 -0.031133 -0.001029 0.000000
0.009394 263.111115 162.666702 -0.031133 0.030009 0.000000
0.022123 257.777802 168.888901 -0.186088 0.216231 0.000000
0.001757 257.777802 168.888901 -0.000142 -0.001029 0.000000
0.024669 250.666702 177.777802 -0.248071 0.309344 1.000000
0.004303 247.111099 181.333298 -0.124108 0.123118 1.000000
0.017032 244.444397 184.000000 -0.093117 0.092084 2.000000
0.004303 241.777802 185.777802 -0.093113 0.061047 2.000000
0.017032 238.222198 186.666702 -0.124108 0.030009 2.000000
0.004303 234.666702 186.666702 -0.124105 -0.001029 2.000000
0.019577 231.111099 186.666702 -0.124108 -0.001029 2.000000
0.004303 228.444397 186.666702 -0.093117 -0.001029 2.000000
0.024669 224.888901 181.333298 -0.124105 -0.187254 2.000000
0.009394 224.888901 181.333298 -0.000142 -0.001029 2.000000
0.022123 225.777802 170.666702 0.030849 -0.373472 2.000000
0.011940 229.333298 164.444397 0.123820 -0.218292 2.000000
0.022123 235.555603 156.444397 0.216799 -0.280363 1.000000
0.032306 251.555603 142.222198 0.557698 -0.497623 0.000000
0.009394 262.222198 136.888901 0.371749 -0.187250 0.000000
0.045035 283.555511 128.000000 0.743644 -0.311401 0.000000
0.045035 305.777802 122.666702 0.774638 -0.187250 0.000000
0.047580 333.333313 119.111099 0.960581 -0.125179 0.000000
0.067946 347.555511 120.000000 0.495715 0.030009 0.000000
0.009394 350.222198 120.888901 0.092832 0.030009 1.000000
0.011940 352.000000 123.555603 0.061841 0.092084 1.000000
0.027215 356.444489 129.777802 0.154815 0.216231 2.000000
0.001757 356.444489 129.777802 -0.000142 -0.001029 2.000000
0.004303 358.222198 133.333298 0.061838 0.123118 2.000000
0.006849 360.888885 136.888901 0.092832 0.123122 2.000000
0.022123 363.555511 141.333298 0.092830 0.154156 2.000000
0.001757 367.111115 145.777802 0.123824 0.154159 2.000000
0.022123 370.666687 151.111099 0.123823 0.185193 2.000000
0.004303 376.000000 155.555603 0.185804 0.154159 2.000000
0.024669 386.666687 166.222198 0.371752 0.371415 2.000000
0.001757 386.666687 166.222198 -0.000142 -0.001029 2.000000
0.019577 397.333313 176.888901 0.371750 0.371419 1.000000
0.009394 401.777802 182.222198 0.154815 0.185193 1.000000
0.024669 407.111115 187.555603 0.185804 0.185197 0.000000
0.022123 416.000000 196.444397 0.309769 0.309340 0.000000
0.004303 416.000000 196.444397 -0.000142 -0.001029 0.000000
0.019577 424.000000 203.555603 0.278778 0.247272 0.000000
0.004303 427.555511 205.333298 0.123821 0.061043 0.000000
0.017032 430.222198 207.111099 0.092832 0.061047 0.000000
0.006849 432.888885 208.888901 0.092832 0.061047 0.000000
0.024669 435.555511 208.888901 0.092830 -0.001029 0.000000
0.014486 438.222198 208.888901 0.092832 -0.001029 0.000000
0.055218 448.000000 200.000000 0.340761 -0.311401 0.000000
0.024669 452.444489 195.555603 0.154815 -0.156213 0.000000
0.029760 467.555511 176.888901 0.526704 -0.652811 1.000000
0.024669 472.000000 171.555603 0.154815 -0.187250 1.000000
0.017032 477.333313 166.222198 0.185804 -0.187254 2.000000
0.034852 487.111115 156.444397 0.340761 -0.342438 2.000000
0.004303 487.111115 156.444397 -0.000142 -0.001029 2.000000
0.027215 493.333313 152.888901 0.216795 -0.125175 2.000000
0.006849 495.111115 152.888901 0.061841 -0.001029 2.000000
0.014486 496.888885 153.777802 0.061840 0.030009 2.000000
0.004303 498.666687 157.333298 0.061841 0.123118 2.000000
0.014486 499.555511 163.555603 0.030847 0.216235 2.000000
0.004303 499.555511 172.444397 -0.000142 0.309340 2.000000
0.017032 498.666687 184.000000 -0.031131 0.402456 2.000000
0.004303 495.111115 199.111099 -0.124107 0.526603 1.000000
0.019577 488.000000 217.777802 -0.248071 0.650753 1.000000
0.004303 479.111115 239.111099 -0.310053 0.743862 0.000000
0.060309 450.666687 304.888885 -0.991857 2.295723 0.000000
0.032306 440.000000 330.666687 -0.372036 0.899050 0.000000
0.060309 431.111115 346.666687 -0.310053 0.557641 0.000000
0.042489 425.777802 345.777802 -0.186088 -0.032066 0.000000
0.060309 414.222198 329.777802 -0.403028 -0.559698 0.000000
0.029760 395.555511 301.333313 -0.650956 -0.994220 1.000000
0.062855 370.666687 242.666702 -0.867891 -2.049480 2.000000
0.022123 362.666687 225.777802 -0.279062 -0.590735 2.000000
0.062855 334.222198 203.555603 -0.991859 -0.776957 2.000000
0.017032 321.777802 202.666702 -0.434016 -0.032066 2.000000
0.057763 266.666687 211.555603 -1.921591 0.309344 2.000000
0.019577 242.666702 218.666702 -0.836902 0.247268 2.000000
0.006849 219.555603 227.555603 -0.805911 0.309344 1.000000
0.055218 174.222198 258.666687 -1.580691 1.085272 0.000000
0.022123 168.000000 267.555511 -0.217079 0.309341 0.000000
0.055218 178.666702 277.333313 0.371752 0.340381 0.000000
0.057763 244.444397 252.444397 2.293197 -0.870070 0.000000
0.024669 276.444489 241.777802 1.115541 -0.373472 0.000000
0.045035 343.111115 227.555603 2.324190 -0.497623 0.000000
0.052672 413.333313 228.444397 2.448155 0.030005 2.000000
0.042489 427.555511 237.333298 0.495715 0.309344 2.000000
0.062855 396.444489 252.444397 -1.084828 0.526603 2.000000
0.042489 345.777802 260.444489 -1.766636 0.278309 2.000000
0.019577 315.555511 263.111115 -1.053842 0.092082 2.000000
0.017032 256.000000 264.888885 -2.076545 0.061046 1.000000
0.037397 231.111099 264.888885 -0.867894 -0.001029 0.000000
0.032306 196.444397 255.111099 -1.208797 -0.342438 0.000000
0.042489 174.222198 239.111099 -0.774919 -0.559698 0.000000
0.039943 153.777802 211.555603 -0.712936 -0.963179 0.000000
0.032306 152.000000 202.666702 -0.062125 -0.311401 0.000000
0.009394 152.000000 193.777802 -0.000142 -0.311401 0.000000
0.029760 156.444397 172.444397 0.154812 -0.745923 0.000000
0.055218 169.777802 150.222198 0.464727 -0.776957 2.000000
0.027215 192.000000 130.666702 0.774635 -0.683844 2.000000
0.050126 236.444397 110.222198 1.549412 -0.714886 2.000000
0.057763 269.333313 104.000000 1.146530 -0.218288 2.000000
0.022123 285.333313 104.000000 0.557698 -0.001029 2.000000
0.011940 319.111115 110.222198 1.177521 0.216231 2.000000
0.022123 336.000000 116.444397 0.588689 0.216231 2.000000
0.022123 349.333313 122.666702 0.464724 0.216235 1.000000
0.006849 359.111115 128.000000 0.340761 0.185193 1.000000
0.022123 365.333313 132.444397 0.216795 0.154156 0.000000
0.006849 365.333313 132.444397 -0.000142 -0.001029 0.000000
0.019577 354.666687 133.333298 -0.372034 0.030009 0.000000
0.009394 340.444489 133.333298 -0.495999 -0.001029 0.000000
0.047580 296.888885 131.555603 -1.518708 -0.063100 0.000000
0.042489 244.444397 128.888901 -1.828619 -0.094141 0.000000
0.042489 196.444397 128.000000 -1.673662 -0.032066 0.000000
0.019577 160.888901 125.333298 -1.239784 -0.094141 0.000000
0.009394 146.666702 123.555603 -0.495999 -0.063100 2.000000
0.022123 133.333298 120.888901 -0.465011 -0.094141 2.000000
0.009394 121.777802 118.222198 -0.403025 -0.094141 2.000000
0.019577 107.555603 112.888901 -0.495999 -0.187250 2.000000
0.009394 107.555603 112.888901 -0.000142 -0.001029 2.000000
0.019577 104.000000 108.444397 -0.124108 -0.156217 2.000000
0.006849 104.000000 105.777802 -0.000142 -0.094138 2.000000
0.047580 115.555603 96.000000 0.402744 -0.342438 2.000000
0.029760 133.333298 84.444443 0.619677 -0.404512 2.000000
0.027215 142.222198 80.000000 0.309769 -0.156214 1.000000
0.009394 150.222198 76.444443 0.278778 -0.125177 1.000000
0.029760 162.666702 73.777779 0.433735 -0.094140 0.000000
0.024669 166.222198 73.777779 0.123820 -0.001029 0.000000
0.004303 168.888901 77.333344 0.092832 0.123120 0.000000
0.027215 169.777802 90.666656 0.030849 0.464528 0.000000
0.004303 166.222198 100.444397 -0.124108 0.340379 0.000000
0.032306 160.888901 111.111099 -0.186088 0.371419 0.000000
0.011940 142.222198 136.888901 -0.650957 0.899050 0.000000
0.022123 130.666702 150.222198 -0.403025 0.464528 0.000000
0.027215 108.444397 178.666702 -0.774923 0.992163 2.000000
0.011940 108.444397 178.666702 -0.000142 -0.001029 2.000000
0.019577 94.222221 208.000000 -0.495998 1.023197 2.000000
0.011940 89.777779 221.333298 -0.155098 0.464528 2.000000
0.017032 88.000000 234.666702 -0.062124 0.464532 2.000000
0.001757 87.111107 247.111099 -0.031133 0.433490 2.000000
0.017032 87.111107 256.000000 -0.000142 0.309344 2.000000
0.001757 88.000000 263.111115 0.030849 0.247269 2.000000
0.017032 89.777779 267.555511 0.061840 0.154156 2.000000
0.001757 92.444443 270.222198 0.092831 0.092084 2.000000
0.004303 94.222221 270.222198 0.061840 -0.001029 2.000000
0.019577 97.777779 270.222198 0.123822 -0.001029 2.000000
0.001757 102.222198 268.444489 0.154813 -0.063101 1.000000
0.017032 106.666702 267.555511 0.154815 -0.032069 1.000000
-0.000788 112.888901 265.777802 0.216795 -0.063101 0.000000
0.001757 112.888901 265.777802 -0.000142 -0.001029 0.000000
0.019577 127.111099 265.777802 0.495715 -0.001029 0.000000
-0.000788 127.111099 265.777802 -0.000142 -0.001029 0.000000
0.014486 134.222198 265.777802 0.247786 -0.001029 0.000000
0.001757 143.111099 266.666687 0.309769 0.030009 0.000000
0.039943 161.777802 266.666687 0.650672 -0.001029 0.000000
0.052672 188.444397 253.333298 0.929589 -0.466588 0.000000
0.034852 206.222198 243.555603 0.619681 -0.342435 0.000000
0.034852 223.111099 239.111099 0.588689 -0.156217 2.000000
0.006849 223.111099 239.111099 -0.000142 -0.001029 2.000000
0.029760 238.222198 240.000000 0.526706 0.030009 2.000000
0.052672 251.555603 248.000000 0.464727 0.278306 2.000000
0.039943 259.555511 257.777802 0.278775 0.340381 2.000000
0.017032 263.111115 266.666687 0.123824 0.309343 2.000000
0.004303 263.111115 266.666687 -0.000142 -0.001029 2.000000
0.004303 263.111115 273.777802 -0.000142 0.247269 2.000000
0.034852 262.222198 276.444489 -0.031134 0.092084 1.000000
0.017032 259.555511 280.000000 -0.093116 0.123119 1.000000
0.011940 256.888885 283.555511 -0.093114 0.123119 0.000000
0.024669 256.000000 284.444489 -0.031133 0.030012 0.000000
0.009394 255.111099 284.444489 -0.031134 -0.001029 0.000000
0.011940 255.111099 284.444489 -0.000142 -0.001029 0.000000
0.006849 254.222198 284.444489 -0.031134 -0.001029 0.000000
0.017032 253.333298 281.777802 -0.031134 -0.094141 0.000000
0.006849 251.555603 279.111115 -0.062121 -0.094141 0.000000
0.019577 247.111099 271.111115 -0.155100 -0.280363 0.000000
0.009394 247.111099 271.111115 -0.000142 -0.001029 0.000000
0.024669 243.555603 263.111115 -0.124105 -0.280363 1.000000
0.006849 242.666702 258.666687 -0.031134 -0.156214 2.000000
0.017032 242.666702 256.000000 -0.000142 -0.094141 2.000000
0.001757 242.666702 253.333298 -0.000142 -0.094141 2.000000
0.014486 242.666702 251.555603 -0.000142 -0.063100 2.000000
0.001757 242.666702 251.555603 -0.000142 -0.001029 2.000000
-0.000788 242.666702 251.555603 -0.000142 -0.001029 2.000000
0.014486 242.666702 251.555603 -0.000142 -0.001029 2.000000
-0.000788 242.666702 251.555603 -0.000142 -0.001029 2.000000
0.017032 242.666702 251.555603 -0.000142 -0.001029 2.000000
0.009394 241.777802 250.666702 -0.031134 -0.032066 2.000000
0.014486 241.777802 250.666702 -0.000142 -0.001029 2.000000
0.009394 241.777802 250.666702 -0.000142 -0.001029 1.000000
0.024669 242.666702 251.555603 0.030849 0.030009 1.000000
0.009394 244.444397 252.444397 0.061837 0.030005 1.000000
0.042489 251.555603 256.888885 0.247790 0.154159 0.000000
0.047580 260.444489 259.555511 0.309769 0.092082 0.000000
0.045035 272.888885 261.333313 0.433732 0.061047 0.000000
0.050126 299.555511 266.666687 0.929590 0.185196 0.000000
0.045035 320.888885 270.222198 0.743646 0.123119 0.000000
0.045035 339.555511 272.888885 0.650670 0.092084 0.000000
0.022123 348.444489 273.777802 0.309772 0.030010 2.000000
0.006849 350.222198 273.777802 0.061838 -0.001029 2.000000
0.017032 350.222198 273.777802 -0.000142 -0.001029 2.000000
0.004303 350.222198 273.777802 -0.000142 -0.001029 2.000000
0.017032 348.444489 273.777802 -0.062122 -0.001029 2.000000
0.004303 346.666687 273.777802 -0.062125 -0.001029 2.000000
0.019577 344.000000 273.777802 -0.093116 -0.001029 2.000000
0.001757 342.222198 273.777802 -0.062125 -0.001029 2.000000
0.019577 341.333313 273.777802 -0.031133 -0.001029 2.000000
0.001757 341.333313 272.000000 -0.000142 -0.063104 1.000000
0.004303 341.333313 270.222198 -0.000142 -0.063104 1.000000
0.019577 341.333313 267.555511 -0.000142 -0.094141 1.000000
0.001757 342.222198 264.000000 0.030849 -0.125176 1.000000
0.017032 343.111115 260.444489 0.030850 -0.125176 1.000000
0.004303 343.111115 256.888885 -0.000142 -0.125179 0.000000
0.019577 344.000000 254.222198 0.030849 -0.094141 0.000000
0.004303 344.000000 250.666702 -0.000142 -0.125175 0.000000
0.017032 344.000000 248.000000 -0.000142 -0.094141 0.000000
0.001757 344.000000 245.333298 -0.000142 -0.094141 0.000000
-0.000788 344.000000 245.333298 -0.000142 -0.001029 0.000000
0.019577 346.666687 237.333298 0.092832 -0.280363 0.000000
0.004303 349.333313 232.000000 0.092830 -0.187250 0.000000
0.017032 353.777802 225.777802 0.154815 -0.218288 0.000000
0.001757 357.333313 217.777802 0.123821 -0.280363 0.000000
0.039943 365.333313 202.666702 0.278778 -0.528660 0.000000
0.057763 369.777802 191.111099 0.154815 -0.404514 0.000000
0.019577 371.555511 186.666702 0.061838 -0.156213 0.000000
0.001757 371.555511 186.666702 -0.000142 -0.001029 0.000000
0.017032 371.555511 185.777802 -0.000142 -0.032066 0.000000
0.001757 371.555511 185.777802 -0.000142 -0.001029 0.000000
0.019577 365.333313 193.777802 -0.217079 0.278306 0.000000
0.001757 365.333313 193.777802 -0.000142 -0.001029 0.000000
0.022123 356.444489 205.333298 -0.310051 0.402453 1.000000
0.006849 350.222198 210.666702 -0.217082 0.185197 2.000000
0.004303 350.222198 210.666702 -0.000142 -0.001029 2.000000
0.022123 334.222198 220.444397 -0.557982 0.340378 2.000000
0.017032 323.555511 224.000000 -0.372036 0.123122 2.000000
0.001757 311.111115 226.666702 -0.434016 0.092084 2.000000
0.004303 297.777802 227.555603 -0.465008 0.030009 2.000000
0.022123 284.444489 227.555603 -0.465008 -0.001029 2.000000
0.019577 271.111115 227.555603 -0.465010 -0.001029 2.000000
0.004303 259.555511 224.888901 -0.403028 -0.094141 2.000000
0.006849 248.888901 222.222198 -0.372034 -0.094141 2.000000
0.024669 231.111099 216.000000 -0.619965 -0.218288 2.000000
0.004303 231.111099 216.000000 -0.000142 -0.001029 2.000000
0.017032 216.000000 211.555603 -0.526991 -0.156213 2.000000
0.004303 216.000000 211.555603 -0.000142 -0.001029 2.000000
0.019577 203.555603 211.555603 -0.434016 -0.001029 1.000000
0.004303 199.111099 213.333298 -0.155100 0.061043 0.000000
0.019577 195.555603 216.000000 -0.124105 0.092084 0.000000
0.004303 193.777802 218.666702 -0.062125 0.092084 0.000000
0.017032 192.000000 220.444397 -0.062125 0.061043 0.000000
0.001757 191.111099 222.222198 -0.031134 0.061047 0.000000
0.019577 191.111099 223.111099 -0.000142 0.030009 0.000000
0.004303 191.111099 223.111099 -0.000142 -0.001029 0.000000
-0.000788 191.111099 223.111099 -0.000142 -0.001029 0.000000
0.014486 191.111099 223.111099 -0.000142 -0.001029 0.000000
0.004303 196.444397 216.000000 0.185803 -0.249326 0.000000
0.039943 200.000000 208.888901 0.123824 -0.249326 0.000000
0.039943 217.777802 176.000000 0.619681 -1.149405 0.000000
0.052672 232.000000 148.444397 0.495715 -0.963183 1.000000
0.045035 244.444397 118.222198 0.433732 -1.056292 2.000000
0.080675 258.666687 68.444443 0.495718 -1.739110 2.000000
0.011940 260.444489 60.444439 0.061841 -0.280363 2.000000
0.017032 261.333313 54.222221 0.030847 -0.218289 2.000000
0.004303 261.333313 50.666672 -0.000142 -0.125177 2.000000
0.057763 262.222198 48.000000 0.030849 -0.094140 2.000000
0.050126 262.222198 58.666672 -0.000142 0.371418 2.000000
0.022123 262.222198 69.333344 -0.000142 0.371418 1.000000
0.027215 261.333313 96.888893 -0.031133 0.961124 0.000000
0.009394 261.333313 112.888901 -0.000142 0.557641 0.000000
0.050126 265.777802 148.444397 0.154815 1.240456 0.000000
0.083221 284.444489 207.111099 0.650672 2.047426 0.000000
0.004303 284.444489 207.111099 -0.000142 -0.001029 0.000000
0.075583 282.666687 223.111099 -0.062125 0.557641 0.000000
0.014486 277.333313 219.555603 -0.186090 -0.125175 0.000000
0.032306 263.111115 197.333298 -0.495999 -0.776961 2.000000
0.014486 255.111099 179.555603 -0.279063 -0.621769 2.000000
0.022123 246.222198 157.333298 -0.310054 -0.776961 2.000000
0.024669 224.888901 112.888901 -0.743928 -1.552886 2.000000
0.001757 224.888901 112.888901 -0.000142 -0.001029 2.000000
0.088312 176.000000 64.888893 -1.704654 -1.677036 2.000000
0.009394 160.888901 59.555561 -0.526991 -0.187252 2.000000
0.034852 128.000000 55.111111 -1.146814 -0.156215 2.000000
0.027215 100.444397 56.000000 -0.960868 0.030009 1.000000
0.017032 89.777779 59.555561 -0.372034 0.123120 1.000000
0.032306 72.000000 71.111107 -0.619964 0.402454 0.000000
0.050126 58.666672 88.888893 -0.465009 0.619715 0.000000
0.029760 49.777779 116.444397 -0.310053 0.961122 0.000000
0.027215 45.333328 146.666702 -0.155098 1.054238 0.000000
0.006849 45.333328 146.666702 -0.000142 -0.001029 0.000000
0.029760 45.333328 173.333298 -0.000142 0.930084 0.000000
0.024669 46.222221 183.111099 0.030849 0.340381 0.000000
0.006849 48.000000 196.444397 0.061840 0.464528 0.000000
0.024669 48.000000 200.888901 -0.000142 0.154159 0.000000
0.006849 48.000000 205.333298 -0.000142 0.154156 1.000000
0.022123 46.222221 209.777802 -0.062124 0.154159 1.000000
0.006849 43.555561 213.333298 -0.093115 0.123118 2.000000
0.052672 39.111111 217.777802 -0.155098 0.154159 2.000000
0.050126 37.333328 216.000000 -0.062125 -0.063104 2.000000
0.060309 46.222221 186.666702 0.309769 -1.025254 2.000000
0.004303 53.333328 169.777802 0.247787 -0.590735 2.000000
0.006849 53.333328 169.777802 -0.000142 -0.001029 2.000000
0.022123 72.000000 128.888901 0.650671 -1.428739 2.000000
0.024669 95.111107 93.333344 0.805627 -1.242516 1.000000
0.006849 95.111107 93.333344 -0.000142 -0.001029 1.000000
0.027215 116.444397 72.000000 0.743643 -0.745921 0.000000
0.006849 126.222198 64.888893 0.340761 -0.249326 0.000000
0.042489 144.888901 58.666672 0.650672 -0.218289 0.000000
0.045035 158.222198 58.666672 0.464723 -0.001029 0.000000
0.050126 164.444397 80.888893 0.216795 0.774901 0.000000
0.024669 164.444397 93.333344 -0.000142 0.433492 0.000000
0.027215 164.444397 121.777802 -0.000142 0.992162 1.000000
0.009394 164.444397 138.666702 -0.000142 0.588678 2.000000
0.019577 164.444397 157.333298 -0.000142 0.650750 2.000000
0.009394 166.222198 176.000000 0.061841 0.650753 2.000000
0.019577 168.000000 194.666702 0.061841 0.650753 2.000000
0.004303 169.777802 213.333298 0.061841 0.650750 2.000000
0.024669 171.555603 248.888901 0.061841 1.240460 2.000000
0.006849 171.555603 248.888901 -0.000142 -0.001029 2.000000
0.022123 171.555603 278.222198 -0.000142 1.023197 2.000000
0.006849 171.555603 287.111115 -0.000142 0.309344 2.000000
0.022123 171.555603 293.333313 -0.000142 0.216231 2.000000
0.009394 171.555603 297.777802 -0.000142 0.154159 1.000000
0.022123 171.555603 306.666687 -0.000142 0.309343 1.000000
0.009394 172.444397 312.000000 0.030846 0.185194 0.000000
0.022123 174.222198 318.222198 0.061841 0.216231 0.000000
0.019577 176.888901 323.555511 0.092832 0.185194 0.000000
0.004303 179.555603 328.888885 0.092832 0.185196 0.000000
0.009394 183.111099 332.444489 0.123820 0.123122 0.000000
0.019577 185.777802 334.222198 0.092832 0.061043 0.000000
0.019577 188.444397 336.000000 0.092829 0.061047 0.000000
0.001757 188.444397 336.000000 -0.000142 -0.001029 0.000000
0.001757 188.444397 335.111115 -0.000142 -0.032066 0.000000
0.019577 188.444397 329.777802 -0.000142 -0.187251 0.000000
0.009394 188.444397 327.111115 -0.000142 -0.094141 0.000000
0.022123 187.555603 324.444489 -0.031130 -0.094139 1.000000
0.006849 187.555603 322.666687 -0.000142 -0.063104 1.000000
0.022123 188.444397 320.000000 0.030846 -0.094141 2.000000
0.022123 194.666702 312.000000 0.216799 -0.280363 2.000000
0.027215 200.000000 307.555511 0.185803 -0.156216 2.000000
0.039943 211.555603 294.222198 0.402744 -0.466585 2.000000
0.042489 234.666702 268.444489 0.805626 -0.901104 2.000000
0.039943 253.333298 256.888885 0.650669 -0.404514 2.000000
0.047580 273.777802 253.333298 0.712655 -0.125178 2.000000
0.024669 283.555511 253.333298 0.340758 -0.001029 1.000000
0.009394 291.555511 253.333298 0.278778 -0.001029 1.000000
0.022123 302.222198 256.888885 0.371752 0.123121 0.000000
0.009394 304.000000 259.555511 0.061841 0.092082 0.000000
0.060309 303.111115 272.888885 -0.031133 0.464531 0.000000
0.050126 297.777802 284.444489 -0.186088 0.402456 0.000000
0.047580 296.000000 294.222198 -0.062125 0.340378 0.000000
0.001757 296.000000 298.666687 -0.000142 0.154159 0.000000
0.022123 296.000000 301.333313 -0.000142 0.092082 0.000000
0.042489 305.777802 304.000000 0.340761 0.092084 0.000000
0.004303 305.777802 304.000000 -0.000142 -0.001029 2.000000
0.006849 310.222198 304.000000 0.154812 -0.001029 2.000000
0.055218 325.333313 294.222198 0.526707 -0.342438 2.000000
0.022123 329.777802 288.888885 0.154815 -0.187251 2.000000
0.055218 347.555511 269.333313 0.619678 -0.683847 2.000000
0.009394 353.777802 264.888885 0.216798 -0.156214 2.000000
0.001757 353.777802 264.888885 -0.000142 -0.001029 2.000000
0.017032 366.222198 258.666687 0.433732 -0.218288 1.000000
0.009394 372.444489 256.000000 0.216798 -0.094141 1.000000
0.009394 379.555511 255.111099 0.247784 -0.032066 0.000000
0.022123 385.777802 253.333298 0.216798 -0.063104 0.000000
0.017032 392.000000 253.333298 0.216795 -0.001029 0.000000
0.006849 399.111115 253.333298 0.247787 -0.001029 0.000000
0.050126 419.555511 253.333298 0.712652 -0.001029 0.000000
0.039943 431.111115 256.000000 0.402744 0.092084 0.000000
0.052672 441.777802 256.888885 0.371752 0.030009 0.000000
0.039943 450.666687 258.666687 0.309769 0.061047 0.000000
0.017032 459.555511 258.666687 0.309767 -0.001029 1.000000
0.006849 459.555511 258.666687 -0.000142 -0.001029 1.000000
-0.000788 464.000000 258.666687 0.154815 -0.001029 2.000000
0.052672 478.222198 255.111099 0.495715 -0.125178 2.000000
0.022123 481.777802 253.333298 0.123824 -0.063104 2.000000
0.011940 485.333313 250.666702 0.123821 -0.094138 2.000000
-0.000788 485.333313 250.666702 -0.000142 -0.001029 2.000000
0.017032 488.888885 240.888901 0.123823 -0.342438 2.000000
0.001757 488.888885 240.888901 -0.000142 -0.001029 2.000000
0.001757 489.777802 233.777802 0.030850 -0.249326 2.000000
0.019577 489.777802 224.888901 -0.000142 -0.311401 2.000000
0.001757 489.777802 215.111099 -0.000142 -0.342438 1.000000
0.014486 488.000000 205.333298 -0.062125 -0.342438 1.000000
0.001757 485.333313 196.444397 -0.093116 -0.311401 1.000000
0.001757 481.777802 187.555603 -0.124105 -0.311397 1.000000
0.014486 477.333313 180.444397 -0.155099 -0.249329 0.000000
0.004303 471.111115 175.111099 -0.217079 -0.187250 0.000000
0.014486 464.000000 170.666702 -0.248071 -0.156213 0.000000
0.001757 454.222198 168.000000 -0.341045 -0.094141 0.000000
0.001757 454.222198 168.000000 -0.000142 -0.001029 0.000000
0.019577 426.666687 166.222198 -0.960865 -0.063104 0.000000
0.001757 426.666687 166.222198 -0.000142 -0.001029 0.000000
0.037397 383.111115 175.111099 -1.518707 0.309344 0.000000
0.055218 306.666687 215.111099 -2.665377 1.395644 0.000000
0.019577 288.000000 237.333298 -0.650956 0.774900 1.000000
0.004303 274.666687 262.222198 -0.465008 0.868013 1.000000
0.039943 263.111115 308.444489 -0.403027 1.612907 1.000000
0.014486 263.111115 327.111115 -0.000142 0.650751 2.000000
0.024669 270.222198 356.444489 0.247786 1.023200 2.000000
0.037397 285.333313 376.000000 0.526707 0.681788 2.000000
0.037397 303.111115 384.000000 0.619681 0.278306 2.000000
0.017032 312.888885 384.000000 0.340760 -0.001029 2.000000
0.001757 322.666687 378.666687 0.340761 -0.187251 2.000000
0.019577 332.444489 370.666687 0.340761 -0.280363 1.000000
0.024669 341.333313 359.111115 0.309767 -0.404512 1.000000
0.019577 355.555511 318.222198 0.495715 -1.428740 0.000000
0.004303 355.555511 318.222198 -0.000142 -0.001029 0.000000
0.042489 365.333313 230.222198 0.340761 -3.073709 0.000000
