0.042489 326.222198 180.444397 0.960581 -1.459777 0.000000
0.045035 328.000000 136.000000 0.061841 -1.552886 0.000000
0.050126 282.666687 105.777802 -1.580688 -1.056292 0.000000
0.047580 235.555603 118.222198 -1.642670 0.433490 0.000000
0.047580 172.444397 167.111099 -2.200514 1.706017 0.000000
0.045035 160.888901 184.000000 -0.403025 0.588678 0.000000
0.045035 166.222198 226.666702 0.185803 1.488757 0.000000
0.047580 201.777802 239.111099 1.239504 0.433490 0.000000
0.029760 253.333298 230.222198 1.797340 -0.311401 0.000000
0.045035 303.111115 204.444397 1.735361 -0.901108 0.000000
0.039943 337.777802 172.444397 1.208512 -1.118367 0.000000
0.047580 346.666687 135.111099 0.309769 -1.304589 0.000000
0.047580 314.666687 99.555557 -1.115822 -1.242515 0.000000
0.052672 273.777802 104.000000 -1.425733 0.154157 0.000000
0.042489 226.666702 129.777802 -1.642671 0.899050 0.000000
0.047580 182.222198 180.444397 -1.549700 1.768088 0.000000
0.047580 185.777802 206.222198 0.123824 0.899050 0.000000
0.032306 216.000000 219.555603 1.053555 0.464532 0.000000
0.047580 261.333313 213.333298 1.580404 -0.218292 0.000000
0.047580 307.555511 192.000000 1.611395 -0.745920 0.000000
0.060309 349.333313 149.333298 1.456441 -1.490814 0.000000
0.027215 346.666687 116.444397 -0.093114 -1.149405 0.000000
0.045035 318.222198 96.000000 -0.991859 -0.714882 0.000000
0.047580 275.555511 100.444397 -1.487716 0.154156 0.000000
0.045035 225.777802 127.111099 -1.735642 0.930088 0.000000
0.045035 176.000000 182.222198 -1.735645 1.923276 0.000000
0.050126 176.888901 211.555603 0.030849 1.023201 0.000000
0.055218 203.555603 228.444397 0.929592 0.588674 0.000000
0.027215 248.000000 226.666702 1.549412 -0.063100 0.000000
0.042489 296.888885 206.222198 1.704369 -0.714886 0.000000
0.045035 346.666687 166.222198 1.735361 -1.397702 0.000000
0.047580 350.222198 134.222198 0.123821 -1.118367 0.000000
0.047580 327.111115 112.000000 -0.805910 -0.776957 0.000000
0.050126 266.666687 121.777802 -2.107537 0.340381 0.000000
0.045035 221.333298 150.222198 -1.580691 0.992159 0.000000
0.047580 190.222198 181.333298 -1.084831 1.085272 0.000000
0.032306 184.000000 204.444397 -0.217079 0.805938 0.000000
0.045035 203.555603 217.777802 0.681664 0.464532 0.000000
0.060309 267.555511 207.111099 2.231215 -0.373476 0.000000
0.029760 313.777802 183.111099 1.611398 -0.839032 0.000000
0.047580 344.000000 155.555603 1.053555 -0.963179 0.000000
0.045035 348.444489 128.000000 0.154815 -0.963183 0.000000
0.050126 305.777802 113.777802 -1.487716 -0.497623 0.000000
0.039943 260.444489 132.444397 -1.580688 0.650750 0.000000
0.047580 215.111099 162.666702 -1.580691 1.054238 0.000000
0.047580 188.444397 191.111099 -0.929877 0.992159 0.000000
0.045035 187.555603 211.555603 -0.031130 0.712829 0.000000
0.052672 230.222198 219.555603 1.487429 0.278306 0.000000
0.042489 275.555511 202.666702 1.580404 -0.590735 0.000000
0.045035 317.333313 178.666702 1.456441 -0.839032 0.000000
0.047580 341.333313 140.444397 0.836618 -1.335630 0.000000
0.042489 323.555511 126.222198 -0.619965 -0.497623 0.000000
0.055218 288.000000 132.444397 -1.239785 0.216231 0.000000
0.037397 245.333298 158.222198 -1.487717 0.899050 0.000000
0.029760 210.666702 186.666702 -1.208793 0.992163 0.000000
0.060309 205.333298 212.444397 -0.186091 0.899047 0.000000
0.047580 228.444397 216.000000 0.805626 0.123122 0.000000
0.047580 264.000000 204.444397 1.239504 -0.404514 0.000000
0.029760 299.555511 183.111099 1.239501 -0.745920 0.000000
0.057763 320.888885 145.777802 0.743646 -1.304589 0.000000
0.027215 316.444489 136.888901 -0.155096 -0.311401 0.000000
0.050126 287.111115 132.444397 -1.022850 -0.156217 0.000000
0.045035 218.666702 169.777802 -2.386456 1.302535 0.000000
0.045035 182.222198 200.888901 -1.270780 1.085272 0.000000
0.045035 174.222198 228.444397 -0.279062 0.961122 0.000000
0.045035 183.111099 231.111099 0.309769 0.092084 0.000000
0.057763 239.111099 215.111099 1.952298 -0.559698 0.000000
0.039943 280.888885 189.333298 1.456440 -0.901108 0.000000
0.047580 308.444489 161.777802 0.960584 -0.963179 0.000000
0.042489 302.222198 128.888901 -0.217082 -1.149405 0.000000
0.047580 269.333313 128.000000 -1.146813 -0.032066 0.000000
0.045035 225.777802 149.333298 -1.518705 0.743862 0.000000
0.042489 185.777802 179.555603 -1.394742 1.054238 0.000000
0.045035 167.111099 217.777802 -0.650957 1.333569 0.000000
0.047580 184.888901 231.111099 0.619681 0.464528 0.000000
0.032306 225.777802 228.444397 1.425449 -0.094141 0.000000
0.042489 274.666687 208.000000 1.704369 -0.714882 0.000000
0.042489 316.444489 180.444397 1.456441 -0.963183 0.000000
0.055218 345.777802 131.555603 1.022564 -1.708070 0.000000
0.045035 338.666687 104.000000 -0.248071 -0.963183 0.000000
0.052672 310.222198 97.777779 -0.991859 -0.218289 0.000000
0.042489 269.333313 112.888901 -1.425733 0.526604 0.000000
0.042489 206.222198 163.555603 -2.200511 1.768092 0.000000
0.042489 190.222198 196.444397 -0.557982 1.147344 0.000000
0.047580 196.444397 217.777802 0.216795 0.743866 0.000000
0.047580 225.777802 224.888901 1.022567 0.247268 0.000000
0.042489 266.666687 215.111099 1.425449 -0.342438 0.000000
0.045035 325.333313 181.333298 2.045270 -1.180442 0.000000
0.047580 346.666687 152.888901 0.743646 -0.994217 0.000000
0.045035 346.666687 122.666702 -0.000142 -1.056292 0.000000
0.050126 322.666687 106.666702 -0.836902 -0.559698 0.000000
0.045035 258.666687 123.555603 -2.231502 0.588678 0.000000
0.039943 216.888901 152.000000 -1.456725 0.992159 0.000000
0.045035 192.000000 180.444397 -0.867894 0.992159 0.000000
0.047580 198.222198 209.777802 0.216795 1.023201 0.000000
0.042489 212.444397 214.222198 0.495715 0.154156 0.000000
0.047580 275.555511 204.444397 2.200227 -0.342438 0.000000
0.039943 316.444489 184.000000 1.425452 -0.714882 0.000000
0.045035 344.888885 160.000000 0.991572 -0.839032 0.000000
0.045035 351.111115 131.555603 0.216796 -0.994217 0.000000
0.045035 333.333313 107.555603 -0.619965 -0.839032 0.000000
0.039943 297.777802 102.222198 -1.239785 -0.187254 0.000000
0.039943 228.444397 134.222198 -2.417451 1.116310 0.000000
0.045035 192.888901 166.222198 -1.239784 1.116310 0.000000
0.057763 183.111099 192.888901 -0.341045 0.930088 0.000000
0.039943 216.000000 216.000000 1.146529 0.805938 0.000000
0.050126 260.444489 212.444397 1.549415 -0.125179 0.000000
0.045035 304.888885 194.666702 1.549412 -0.621769 0.000000
0.045035 336.888885 171.555603 1.115538 -0.807995 0.000000
0.050126 346.666687 129.777802 0.340761 -1.459777 0.000000
0.042489 325.333313 108.444397 -0.743930 -0.745923 0.000000
0.042489 288.000000 107.555603 -1.301768 -0.032062 0.000000
0.045035 243.555603 126.222198 -1.549696 0.650750 0.000000
0.042489 200.888901 155.555603 -1.487717 1.023201 0.000000
0.047580 170.666702 197.333298 -1.053839 1.457716 0.000000
0.037397 176.000000 216.000000 0.185803 0.650753 0.000000
0.047580 201.777802 223.111099 0.898601 0.247268 0.000000
0.045035 239.111099 217.777802 1.301483 -0.187250 0.000000
0.045035 277.333313 202.666702 1.332475 -0.528660 0.000000
0.055218 314.666687 181.333298 1.301486 -0.745923 0.000000
0.034852 325.333313 165.333298 0.371750 -0.559698 0.000000
0.037397 325.333313 151.111099 -0.000142 -0.497623 0.000000
0.055218 314.666687 142.222198 -0.372034 -0.311401 0.000000
0.055218 289.777802 136.000000 -0.867893 -0.218288 0.000000
0.032306 274.666687 135.111099 -0.526991 -0.032066 0.000000
0.050126 265.777802 134.222198 -0.310053 -0.032066 0.000000
0.024669 261.333313 134.222198 -0.155099 -0.001029 3.000000
-0.000788 261.333313 134.222198 -0.000142 -0.001029 3.000000
0.050126 259.555511 134.222198 -0.062125 -0.001029 3.000000
0.032306 259.555511 134.222198 -0.000142 -0.001029 3.000000
0.047580 258.666687 136.888901 -0.031131 0.092084 3.000000
0.052672 257.777802 141.333298 -0.031133 0.154156 3.000000
0.037397 256.000000 145.777802 -0.062125 0.154159 3.000000
0.052672 255.111099 152.000000 -0.031134 0.216231 3.000000
0.034852 254.222198 152.888901 -0.031134 0.030009 3.000000
0.047580 253.333298 153.777802 -0.031134 0.030009 3.000000
0.047580 253.333298 154.666702 -0.000142 0.030009 3.000000
0.042489 251.555603 155.555603 -0.062121 0.030009 3.000000
0.047580 248.888901 155.555603 -0.093117 -0.001029 3.000000
0.045035 245.333298 156.444397 -0.124108 0.030005 3.000000
0.042489 243.555603 156.444397 -0.062121 -0.001029 3.000000
0.042489 242.666702 156.444397 -0.031134 -0.001029 3.000000
0.050126 240.000000 156.444397 -0.093117 -0.001029 3.000000
0.039943 237.333298 156.444397 -0.093117 -0.001029 3.000000
0.055218 234.666702 156.444397 -0.093113 -0.001029 3.000000
0.047580 232.888901 156.444397 -0.062125 -0.001029 3.000000
0.045035 231.111099 156.444397 -0.062125 -0.001029 3.000000
0.042489 231.111099 156.444397 -0.000142 -0.001029 3.000000
0.042489 231.111099 156.444397 -0.000142 -0.001029 3.000000
0.037397 231.111099 156.444397 -0.000142 -0.001029 3.000000
0.055218 228.444397 156.444397 -0.093117 -0.001029 3.000000
0.034852 227.555603 157.333298 -0.031130 0.030009 3.000000
0.055218 223.111099 158.222198 -0.155100 0.030009 3.000000
0.034852 219.555603 159.111099 -0.124105 0.030009 3.000000
0.055218 215.111099 160.000000 -0.155100 0.030009 3.000000
0.034852 212.444397 160.888901 -0.093117 0.030009 3.000000
0.055218 210.666702 161.777802 -0.062121 0.030009 3.000000
0.034852 209.777802 161.777802 -0.031134 -0.001029 3.000000
0.060309 207.111099 163.555603 -0.093117 0.061047 3.000000
0.034852 204.444397 165.333298 -0.093117 0.061043 3.000000
0.039943 200.000000 168.000000 -0.155096 0.092084 3.000000
0.055218 198.222198 168.888901 -0.062125 0.030009 3.000000
0.034852 196.444397 169.777802 -0.062125 0.030009 3.000000
0.055218 194.666702 169.777802 -0.062121 -0.001029 3.000000
0.039943 192.000000 169.777802 -0.093117 -0.001029 3.000000
0.042489 189.333298 169.777802 -0.093117 -0.001029 3.000000
0.045035 184.000000 170.666702 -0.186088 0.030009 3.000000
0.045035 178.666702 172.444397 -0.186088 0.061043 3.000000
0.045035 174.222198 173.333298 -0.155100 0.030009 3.000000
0.042489 172.444397 174.222198 -0.062125 0.030009 3.000000
0.039943 171.555603 175.111099 -0.031130 0.030009 3.000000
0.047580 167.111099 176.888901 -0.155100 0.061047 3.000000
0.047580 165.333298 178.666702 -0.062125 0.061047 3.000000
0.042489 165.333298 178.666702 -0.000142 -0.001029 3.000000
0.055218 164.444397 179.555603 -0.031134 0.030009 3.000000
0.039943 164.444397 179.555603 -0.000142 -0.001029 3.000000
0.039943 164.444397 179.555603 -0.000142 -0.001029 3.000000
0.045035 164.444397 179.555603 -0.000142 -0.001029 3.000000
0.057763 164.444397 181.333298 -0.000142 0.061043 3.000000
0.042489 164.444397 184.888901 -0.000142 0.123122 3.000000
0.037397 167.111099 186.666702 0.092832 0.061047 3.000000
0.047580 170.666702 189.333298 0.123824 0.092080 3.000000
0.045035 173.333298 192.000000 0.092829 0.092084 3.000000
0.042489 175.111099 194.666702 0.061841 0.092084 3.000000
0.042489 179.555603 200.000000 0.154815 0.185193 3.000000
0.045035 182.222198 204.444397 0.092829 0.154156 3.000000
0.047580 186.666702 208.000000 0.154815 0.123122 3.000000
0.045035 190.222198 210.666702 0.123820 0.092084 3.000000
0.045035 192.888901 211.555603 0.092832 0.030009 3.000000
0.042489 195.555603 212.444397 0.092832 0.030005 3.000000
0.042489 195.555603 212.444397 -0.000142 -0.001029 3.000000
0.060309 195.555603 212.444397 -0.000142 -0.001029 3.000000
0.042489 195.555603 212.444397 -0.000142 -0.001029 3.000000
0.039943 195.555603 212.444397 -0.000142 -0.001029 3.000000
0.045035 195.555603 209.777802 -0.000142 -0.094138 3.000000
0.045035 195.555603 206.222198 -0.000142 -0.125179 3.000000
0.050126 195.555603 202.666702 -0.000142 -0.125175 3.000000
0.039943 195.555603 202.666702 -0.000142 -0.001029 3.000000
0.039943 194.666702 202.666702 -0.031134 -0.001029 3.000000
0.042489 194.666702 202.666702 -0.000142 -0.001029 3.000000
0.060309 194.666702 201.777802 -0.000142 -0.032066 3.000000
0.047580 193.777802 200.888901 -0.031134 -0.032066 3.000000
0.045035 193.777802 200.000000 -0.000142 -0.032066 3.000000
0.037397 193.777802 200.000000 -0.000142 -0.001029 3.000000
0.039943 193.777802 200.000000 -0.000142 -0.001029 3.000000
0.042489 193.777802 200.000000 -0.000142 -0.001029 3.000000
0.060309 193.777802 200.000000 -0.000142 -0.001029 3.000000
0.037397 193.777802 200.000000 -0.000142 -0.001029 3.000000
0.039943 193.777802 200.000000 -0.000142 -0.001029 3.000000
0.042489 193.777802 200.000000 -0.000142 -0.001029 3.000000
0.047580 193.777802 200.000000 -0.000142 -0.001029 3.000000
0.047580 193.777802 200.000000 -0.000142 -0.001029 3.000000
0.037397 193.777802 200.000000 -0.000142 -0.001029 3.000000
0.055218 193.777802 200.000000 -0.000142 -0.001029 3.000000
0.045035 192.888901 199.111099 -0.031134 -0.032066 3.000000
0.047580 192.888901 199.111099 -0.000142 -0.001029 3.000000
0.042489 192.888901 199.111099 -0.000142 -0.001029 3.000000
0.037397 192.888901 199.111099 -0.000142 -0.001029 3.000000
0.045035 192.888901 199.111099 -0.000142 -0.001029 3.000000
0.057763 192.888901 199.111099 -0.000142 -0.001029 3.000000
0.042489 192.888901 199.111099 -0.000142 -0.001029 3.000000
0.042489 192.888901 199.111099 -0.000142 -0.001029 3.000000
0.039943 192.000000 198.222198 -0.031134 -0.032066 3.000000
0.042489 189.333298 196.444397 -0.093117 -0.063104 3.000000
0.042489 187.555603 194.666702 -0.062121 -0.063100 3.000000
0.047580 185.777802 192.888901 -0.062125 -0.063104 3.000000
0.045035 185.777802 192.000000 -0.000142 -0.032066 3.000000
0.039943 184.888901 192.000000 -0.031134 -0.001029 3.000000
0.060309 184.888901 192.000000 -0.000142 -0.001029 3.000000
0.042489 184.888901 192.000000 -0.000142 -0.001029 3.000000
0.042489 184.888901 192.000000 -0.000142 -0.001029 3.000000
0.039943 184.888901 192.000000 -0.000142 -0.001029 3.000000
0.055218 184.888901 192.000000 -0.000142 -0.001029 3.000000
0.042489 184.888901 192.000000 -0.000142 -0.001029 3.000000
0.042489 184.888901 192.000000 -0.000142 -0.001029 3.000000
0.042489 184.888901 192.000000 -0.000142 -0.001029 3.000000
0.055218 184.888901 192.000000 -0.000142 -0.001029 3.000000
0.039943 184.888901 192.000000 -0.000142 -0.001029 3.000000
0.039943 184.888901 192.000000 -0.000142 -0.001029 3.000000
0.039943 184.888901 192.000000 -0.000142 -0.001029 3.000000
0.062855 184.888901 192.000000 -0.000142 -0.001029 3.000000
0.029760 184.888901 192.000000 -0.000142 -0.001029 3.000000
0.055218 185.777802 192.000000 0.030849 -0.001029 3.000000
0.045035 185.777802 192.000000 -0.000142 -0.001029 3.000000
0.042489 185.777802 192.000000 -0.000142 -0.001029 3.000000
0.045035 186.666702 192.000000 0.030849 -0.001029 3.000000
0.037397 186.666702 192.000000 -0.000142 -0.001029 3.000000
0.039943 186.666702 192.000000 -0.000142 -0.001029 3.000000
0.060309 186.666702 192.000000 -0.000142 -0.001029 3.000000
0.045035 186.666702 192.888901 -0.000142 0.030009 3.000000
0.042489 186.666702 192.888901 -0.000142 -0.001029 3.000000
0.045035 186.666702 192.888901 -0.000142 -0.001029 3.000000
0.045035 186.666702 192.888901 -0.000142 -0.001029 3.000000
0.039943 186.666702 192.888901 -0.000142 -0.001029 3.000000
0.055218 183.111099 185.777802 -0.124108 -0.249326 3.000000
0.060309 176.888901 180.444397 -0.217079 -0.187254 3.000000
0.014486 174.222198 178.666702 -0.093117 -0.063100 3.000000
0.057763 168.888901 176.000000 -0.186088 -0.094141 3.000000
0.047580 164.444397 174.222198 -0.155100 -0.063104 3.000000
0.032306 160.000000 172.444397 -0.155096 -0.063104 3.000000
0.050126 152.888901 169.777802 -0.248071 -0.094138 3.000000
0.045035 148.444397 167.111099 -0.155100 -0.094141 3.000000
0.045035 144.888901 165.333298 -0.124105 -0.063104 3.000000
0.052672 142.222198 163.555603 -0.093117 -0.063100 3.000000
0.047580 141.333298 162.666702 -0.031134 -0.032066 3.000000
0.042489 141.333298 162.666702 -0.000142 -0.001029 3.000000
0.027215 141.333298 162.666702 -0.000142 -0.001029 3.000000
0.055218 140.444397 162.666702 -0.031134 -0.001029 3.000000
0.055218 137.777802 169.777802 -0.093113 0.247268 3.000000
0.029760 136.888901 173.333298 -0.031134 0.123118 3.000000
0.052672 137.777802 184.888901 0.030849 0.402456 3.000000
0.042489 142.222198 194.666702 0.154812 0.340381 3.000000
0.073038 150.222198 210.666702 0.278778 0.557641 3.000000
0.024669 153.777802 220.444397 0.123824 0.340378 3.000000
0.037397 156.444397 226.666702 0.092829 0.216235 3.000000
0.057763 159.111099 232.000000 0.092832 0.185193 3.000000
0.034852 160.000000 232.000000 0.030849 -0.001029 3.000000
0.039943 160.000000 232.888901 -0.000142 0.030009 3.000000
0.055218 160.000000 233.777802 -0.000142 0.030009 3.000000
0.045035 158.222198 234.666702 -0.062125 0.030009 3.000000
0.029760 152.888901 238.222198 -0.186088 0.123118 3.000000
0.052672 148.444397 240.888901 -0.155100 0.092084 3.000000
0.050126 144.000000 243.555603 -0.155096 0.092084 3.000000
0.052672 143.111099 244.444397 -0.031134 0.030005 3.000000
0.027215 141.333298 245.333298 -0.062125 0.030009 3.000000
0.047580 140.444397 246.222198 -0.031134 0.030009 3.000000
0.050126 140.444397 247.111099 -0.000142 0.030009 3.000000
0.050126 140.444397 247.111099 -0.000142 -0.001029 3.000000
0.060309 140.444397 248.888901 -0.000142 0.061047 3.000000
0.017032 140.444397 250.666702 -0.000142 0.061047 3.000000
0.047580 140.444397 256.888885 -0.000142 0.216230 3.000000
0.052672 140.444397 264.000000 -0.000142 0.247269 3.000000
0.065400 140.444397 268.444489 -0.000142 0.154159 3.000000
0.017032 140.444397 268.444489 -0.000142 -0.001029 3.000000
0.045035 140.444397 268.444489 -0.000142 -0.001029 3.000000
0.050126 140.444397 269.333313 -0.000142 0.030006 3.000000
0.047580 140.444397 269.333313 -0.000142 -0.001029 3.000000
0.062855 141.333298 272.888885 0.030849 0.123121 3.000000
0.017032 142.222198 274.666687 0.030849 0.061047 3.000000
0.050126 143.111099 279.111115 0.030849 0.154157 3.000000
0.052672 144.000000 280.888885 0.030849 0.061046 3.000000
0.037397 144.000000 280.888885 -0.000142 -0.001029 3.000000
0.050126 144.000000 280.888885 -0.000142 -0.001029 3.000000
0.045035 144.000000 280.888885 -0.000142 -0.001029 3.000000
0.045035 144.000000 280.888885 -0.000142 -0.001029 3.000000
0.039943 144.000000 280.888885 -0.000142 -0.001029 3.000000
0.052672 144.000000 280.888885 -0.000142 -0.001029 3.000000
0.060309 144.000000 280.888885 -0.000142 -0.001029 3.000000
0.017032 144.000000 280.888885 -0.000142 -0.001029 3.000000
0.047580 144.000000 280.888885 -0.000142 -0.001029 3.000000
0.047580 144.000000 280.888885 -0.000142 -0.001029 3.000000
0.047580 144.000000 280.888885 -0.000142 -0.001029 3.000000
0.045035 144.000000 280.888885 -0.000142 -0.001029 3.000000
0.037397 144.000000 280.888885 -0.000142 -0.001029 3.000000
0.042489 144.000000 280.888885 -0.000142 -0.001029 3.000000
0.047580 144.000000 280.888885 -0.000142 -0.001029 3.000000
0.042489 144.000000 280.888885 -0.000142 -0.001029 3.000000
0.060309 144.000000 280.888885 -0.000142 -0.001029 3.000000
0.039943 144.000000 280.888885 -0.000142 -0.001029 3.000000
0.039943 144.000000 280.888885 -0.000142 -0.001029 3.000000
0.045035 144.000000 280.000000 -0.000142 -0.032066 3.000000
0.047580 144.888901 277.333313 0.030849 -0.094141 3.000000
0.042489 144.888901 273.777802 -0.000142 -0.125176 3.000000
0.042489 144.888901 269.333313 -0.000142 -0.156216 3.000000
0.045035 141.333298 272.888885 -0.124108 0.123121 3.000000
0.045035 140.444397 275.555511 -0.031134 0.092082 3.000000
0.047580 140.444397 278.222198 -0.000142 0.092084 3.000000
0.067946 140.444397 278.222198 -0.000142 -0.001029 3.000000
0.027215 140.444397 278.222198 -0.000142 -0.001029 3.000000
0.039943 140.444397 278.222198 -0.000142 -0.001029 3.000000
0.042489 140.444397 278.222198 -0.000142 -0.001029 3.000000
0.024669 140.444397 279.111115 -0.000142 0.030010 0.000000
0.078129 140.444397 279.111115 -0.000142 -0.001029 0.000000
-0.010971 140.444397 279.111115 -0.000142 -0.001029 0.000000
0.037397 140.444397 279.111115 -0.000142 -0.001029 0.000000
0.039943 140.444397 279.111115 -0.000142 -0.001029 0.000000
0.042489 140.444397 279.111115 -0.000142 -0.001029 0.000000
0.045035 146.666702 274.666687 0.216799 -0.156214 0.000000
0.039943 146.666702 271.111115 -0.000142 -0.125178 0.000000
0.045035 147.555603 262.222198 0.030849 -0.311401 0.000000
0.042489 147.555603 254.222198 -0.000142 -0.280363 0.000000
0.047580 146.666702 244.444397 -0.031134 -0.342438 0.000000
0.045035 144.888901 234.666702 -0.062125 -0.342435 0.000000
0.067946 144.000000 217.777802 -0.031134 -0.590735 0.000000
0.032306 143.111099 202.666702 -0.031134 -0.528660 0.000000
0.047580 142.222198 187.555603 -0.031134 -0.528660 0.000000
0.060309 139.555603 173.333298 -0.093113 -0.497626 0.000000
0.042489 135.111099 168.000000 -0.155100 -0.187250 0.000000
0.027215 134.222198 167.111099 -0.031134 -0.032066 0.000000
0.045035 130.666702 167.111099 -0.124105 -0.001029 0.000000
0.050126 122.666702 168.888901 -0.279062 0.061047 0.000000
0.062855 116.444397 172.444397 -0.217083 0.123118 0.000000
0.039943 109.333298 176.888901 -0.248071 0.154159 0.000000
0.045035 102.222198 182.222198 -0.248071 0.185193 0.000000
0.029760 100.444397 184.000000 -0.062125 0.061047 0.000000
0.045035 97.777779 195.555603 -0.093114 0.402456 0.000000
0.047580 97.777779 212.444397 -0.000142 0.588674 0.000000
0.039943 97.777779 230.222198 -0.000142 0.619716 0.000000
0.045035 103.111099 246.222198 0.185804 0.557641 0.000000
0.042489 110.222198 258.666687 0.247786 0.433493 0.000000
0.047580 121.777802 270.222198 0.402744 0.402453 0.000000
0.047580 128.888901 272.888885 0.247786 0.092084 0.000000
0.045035 135.111099 272.888885 0.216795 -0.001029 0.000000
0.062855 145.777802 263.111115 0.371752 -0.342437 0.000000
0.014486 149.333298 257.777802 0.123820 -0.187251 0.000000
0.078129 160.000000 217.777802 0.371752 -1.397702 0.000000
0.039943 160.888901 205.333298 0.030849 -0.435551 0.000000
0.042489 161.777802 170.666702 0.030849 -1.211476 0.000000
0.029760 160.000000 161.777802 -0.062125 -0.311401 0.000000
0.047580 152.888901 143.111099 -0.248071 -0.652811 0.000000
0.047580 145.777802 137.777802 -0.248071 -0.187250 0.000000
0.039943 136.888901 136.888901 -0.310054 -0.032066 0.000000
0.045035 126.222198 142.222198 -0.372037 0.185193 0.000000
0.047580 109.333298 165.333298 -0.588974 0.805938 0.000000
0.057763 102.222198 190.222198 -0.248071 0.868013 0.000000
0.034852 100.444397 216.888901 -0.062125 0.930088 0.000000
0.039943 102.222198 238.222198 0.061841 0.743862 0.000000
0.042489 109.333298 252.444397 0.247786 0.495565 0.000000
0.065400 124.444397 260.444489 0.526706 0.278309 0.000000
0.017032 129.777802 260.444489 0.185807 -0.001029 0.000000
0.052672 148.444397 254.222198 0.650669 -0.218291 0.000000
0.042489 160.888901 243.555603 0.433735 -0.373472 0.000000
0.045035 171.555603 228.444397 0.371752 -0.528664 0.000000
0.045035 178.666702 209.777802 0.247786 -0.652807 0.000000
0.047580 183.111099 181.333298 0.154812 -0.994220 0.000000
0.045035 182.222198 167.111099 -0.031134 -0.497623 0.000000
0.042489 175.111099 157.333298 -0.248071 -0.342438 0.000000
0.042489 166.222198 150.222198 -0.310054 -0.249326 0.000000
0.050126 150.222198 145.777802 -0.557982 -0.156213 0.000000
0.045035 139.555603 146.666702 -0.372033 0.030009 0.000000
0.045035 129.777802 152.888901 -0.341045 0.216231 0.000000
0.039943 120.888901 163.555603 -0.310054 0.371419 0.000000
0.047580 113.777802 181.333298 -0.248071 0.619712 0.000000
0.050126 111.111099 212.444397 -0.093117 1.085272 0.000000
0.045035 116.444397 231.111099 0.185803 0.650753 0.000000
0.045035 128.000000 244.444397 0.402744 0.464528 0.000000
0.060309 147.555603 253.333298 0.681664 0.309344 0.000000
0.047580 160.000000 253.333298 0.433732 -0.001029 0.000000
0.047580 174.222198 246.222198 0.495715 -0.249326 0.000000
0.047580 183.111099 236.444397 0.309769 -0.342438 0.000000
0.039943 190.222198 221.333298 0.247786 -0.528660 0.000000
0.042489 194.666702 201.777802 0.154815 -0.683844 0.000000
0.034852 195.555603 179.555603 0.030849 -0.776957 3.000000
0.060309 190.222198 152.888901 -0.186091 -0.932145 3.000000
0.042489 182.222198 142.222198 -0.279062 -0.373476 3.000000
0.024669 172.444397 136.888901 -0.341045 -0.187250 3.000000
0.042489 160.888901 137.777802 -0.403025 0.030009 3.000000
0.067946 141.333298 157.333298 -0.681948 0.681787 3.000000
0.027215 136.000000 168.000000 -0.186088 0.371419 3.000000
0.037397 128.000000 193.777802 -0.279062 0.899050 3.000000
0.065400 126.222198 229.333298 -0.062125 1.240456 3.000000
0.024669 132.444397 245.333298 0.216795 0.557641 3.000000
0.070492 147.555603 256.888885 0.526710 0.402456 3.000000
0.024669 152.888901 257.777802 0.185803 0.030010 3.000000
0.065400 168.000000 253.333298 0.526706 -0.156217 3.000000
0.017032 172.444397 249.777802 0.154812 -0.125175 3.000000
0.050126 181.333298 232.000000 0.309769 -0.621773 3.000000
0.065400 183.111099 208.000000 0.061841 -0.839032 3.000000
0.052672 178.666702 192.888901 -0.155096 -0.528660 3.000000
0.017032 175.111099 185.777802 -0.124108 -0.249326 3.000000
0.062855 160.888901 167.111099 -0.495999 -0.652811 3.000000
0.050126 156.444397 164.444397 -0.155100 -0.094141 3.000000
0.019577 156.444397 164.444397 -0.000142 -0.001029 3.000000
0.052672 156.444397 164.444397 -0.000142 -0.001029 3.000000
0.060309 162.666702 166.222198 0.216799 0.061047 3.000000
0.019577 173.333298 168.000000 0.371749 0.061047 3.000000
0.011940 179.555603 168.888901 0.216799 0.030009 3.000000
-0.000788 179.555603 168.888901 -0.000142 -0.001029 3.000000
0.001757 185.777802 168.888901 0.216795 -0.001029 3.000000
0.009394 192.888901 168.888901 0.247786 -0.001029 3.000000
0.001757 198.222198 168.888901 0.185803 -0.001029 3.000000
-0.000788 198.222198 168.888901 -0.000142 -0.001029 3.000000
0.014486 205.333298 167.111099 0.247786 -0.063104 3.000000
-0.000788 205.333298 167.111099 -0.000142 -0.001029 3.000000
0.014486 206.222198 166.222198 0.030849 -0.032066 3.000000
-0.003334 205.333298 166.222198 -0.031134 -0.001029 3.000000
-0.000788 205.333298 166.222198 -0.000142 -0.001029 3.000000
0.011940 192.000000 171.555603 -0.465008 0.185197 3.000000
-0.003334 192.000000 171.555603 -0.000142 -0.001029 3.000000
0.004303 182.222198 176.888901 -0.341045 0.185193 3.000000
0.011940 172.444397 184.000000 -0.341045 0.247268 3.000000
0.001757 162.666702 191.111099 -0.341041 0.247268 3.000000
0.017032 154.666702 199.111099 -0.279062 0.278306 0.000000
0.001757 154.666702 199.111099 -0.000142 -0.001029 0.000000
0.001757 149.333298 206.222198 -0.186091 0.247268 0.000000
0.017032 142.222198 219.555603 -0.248071 0.464532 0.000000
0.004303 142.222198 219.555603 -0.000142 -0.001029 0.000000
0.011940 139.555603 225.777802 -0.093113 0.216231 0.000000
-0.000788 138.666702 232.888901 -0.031134 0.247268 0.000000
0.001757 136.888901 240.888901 -0.062125 0.278306 0.000000
0.011940 135.111099 250.666702 -0.062125 0.340381 0.000000
0.001757 133.333298 262.222198 -0.062125 0.402453 0.000000
0.014486 132.444397 273.777802 -0.031134 0.402456 0.000000
0.004303 130.666702 284.444489 -0.062121 0.371418 0.000000
-0.000788 130.666702 284.444489 -0.000142 -0.001029 0.000000
0.011940 130.666702 295.111115 -0.000142 0.371416 0.000000
0.001757 130.666702 304.000000 -0.000142 0.309343 0.000000
0.001757 130.666702 311.111115 -0.000142 0.247269 0.000000
0.014486 131.555603 317.333313 0.030849 0.216231 0.000000
0.001757 131.555603 317.333313 -0.000142 -0.001029 0.000000
0.011940 135.111099 327.111115 0.123820 0.340381 0.000000
-0.000788 135.111099 327.111115 -0.000142 -0.001029 0.000000
0.001757 136.000000 331.555511 0.030849 0.154156 0.000000
0.052672 138.666702 343.111115 0.092832 0.402456 1.000000
0.039943 138.666702 348.444489 -0.000142 0.185196 2.000000
0.067946 139.555603 352.000000 0.030849 0.123119 2.000000
0.050126 142.222198 358.222198 0.092829 0.216231 2.000000
0.019577 144.000000 359.111115 0.061841 0.030010 2.000000
0.075583 156.444397 357.333313 0.433732 -0.063104 2.000000
0.006849 163.555603 352.888885 0.247790 -0.156214 1.000000
0.019577 178.666702 337.777802 0.526706 -0.528660 1.000000
0.011940 186.666702 327.111115 0.278778 -0.373475 1.000000
0.042489 200.000000 297.777802 0.464723 -1.025255 1.000000
0.065400 217.777802 252.444397 0.619681 -1.583927 0.000000
0.050126 231.111099 228.444397 0.464723 -0.839032 0.000000
0.039943 244.444397 208.000000 0.464723 -0.714882 0.000000
0.029760 256.888885 192.000000 0.433735 -0.559698 0.000000
0.014486 262.222198 185.777802 0.185804 -0.218288 0.000000
0.006849 265.777802 180.444397 0.123824 -0.187254 3.000000
0.045035 269.333313 173.333298 0.123821 -0.249326 2.000000
0.047580 269.333313 171.555603 -0.000142 -0.063100 2.000000
0.050126 259.555511 173.333298 -0.341045 0.061043 2.000000
0.050126 250.666702 177.777802 -0.310050 0.154159 2.000000
0.060309 240.000000 182.222198 -0.372037 0.154156 0.000000
0.050126 233.777802 188.444397 -0.217079 0.216231 0.000000
0.039943 232.000000 193.777802 -0.062125 0.185197 0.000000
0.024669 226.666702 208.000000 -0.186088 0.495565 0.000000
0.065400 219.555603 233.777802 -0.248071 0.899050 0.000000
0.022123 219.555603 240.888901 -0.000142 0.247268 0.000000
0.065400 227.555603 255.111099 0.278778 0.495565 0.000000
0.022123 240.888901 257.777802 0.464723 0.092084 1.000000
0.065400 269.333313 258.666687 0.991572 0.030009 2.000000
0.042489 287.111115 257.777802 0.619681 -0.032066 2.000000
0.011940 296.000000 256.000000 0.309769 -0.063104 2.000000
0.011940 303.111115 254.222198 0.247787 -0.063104 2.000000
0.042489 315.555511 249.777802 0.433732 -0.156213 2.000000
0.034852 326.222198 245.333298 0.371752 -0.156217 2.000000
0.057763 337.777802 239.111099 0.402744 -0.218288 2.000000
0.045035 344.000000 235.555603 0.216795 -0.125175 1.000000
0.029760 347.555511 233.777802 0.123821 -0.063104 1.000000
0.017032 352.888885 230.222198 0.185806 -0.125179 1.000000
0.006849 356.444489 228.444397 0.123824 -0.063104 0.000000
0.022123 360.000000 227.555603 0.123821 -0.032062 0.000000
0.006849 363.555511 225.777802 0.123821 -0.063104 0.000000
0.017032 366.222198 224.888901 0.092832 -0.032066 0.000000
0.004303 368.888885 224.888901 0.092832 -0.001029 0.000000
0.009394 370.666687 224.888901 0.061841 -0.001029 0.000000
-0.003334 370.666687 224.888901 -0.000142 -0.001029 0.000000
-0.000788 373.333313 224.888901 0.092830 -0.001029 0.000000
0.011940 375.111115 224.888901 0.061841 -0.001029 0.000000
-0.000788 377.777802 224.888901 0.092832 -0.001029 0.000000
0.001757 379.555511 225.777802 0.061838 0.030009 0.000000
0.011940 382.222198 226.666702 0.092832 0.030009 0.000000
-0.003334 382.222198 226.666702 -0.000142 -0.001029 0.000000
-0.000788 385.777802 227.555603 0.123824 0.030009 0.000000
0.011940 390.222198 228.444397 0.154812 0.030005 0.000000
-0.003334 390.222198 228.444397 -0.000142 -0.001029 0.000000
0.004303 393.777802 229.333298 0.123824 0.030009 1.000000
0.011940 398.222198 230.222198 0.154812 0.030009 1.000000
-0.000788 402.666687 231.111099 0.154815 0.030009 1.000000
0.001757 402.666687 231.111099 -0.000142 -0.001029 1.000000
0.009394 409.777802 231.111099 0.247787 -0.001029 2.000000
0.001757 409.777802 231.111099 -0.000142 -0.001029 2.000000
0.004303 413.333313 231.111099 0.123821 -0.001029 2.000000
-0.000788 416.000000 231.111099 0.092832 -0.001029 2.000000
-0.000788 416.000000 231.111099 -0.000142 -0.001029 2.000000
0.009394 418.666687 231.111099 0.092832 -0.001029 2.000000
-0.003334 419.555511 231.111099 0.030847 -0.001029 2.000000
0.001757 419.555511 231.111099 -0.000142 -0.001029 2.000000
0.014486 420.444489 231.111099 0.030852 -0.001029 2.000000
-0.003334 420.444489 231.111099 -0.000142 -0.001029 2.000000
-0.000788 420.444489 230.222198 -0.000142 -0.032066 2.000000
0.011940 421.333313 229.333298 0.030847 -0.032066 2.000000
-0.003334 421.333313 229.333298 -0.000142 -0.001029 2.000000
0.001757 421.333313 226.666702 -0.000142 -0.094138 2.000000
0.009394 422.222198 223.111099 0.030849 -0.125179 2.000000
-0.000788 423.111115 220.444397 0.030850 -0.094141 2.000000
0.004303 423.111115 220.444397 -0.000142 -0.001029 2.000000
0.011940 426.666687 212.444397 0.123823 -0.280363 1.000000
0.011940 427.555511 208.888901 0.030847 -0.125175 1.000000
-0.005880 427.555511 208.888901 -0.000142 -0.001029 1.000000
0.009394 428.444489 206.222198 0.030852 -0.094141 1.000000
-0.000788 429.333313 204.444397 0.030847 -0.063104 1.000000
0.011940 429.333313 203.555603 -0.000142 -0.032062 1.000000
0.001757 429.333313 202.666702 -0.000142 -0.032066 1.000000
0.001757 429.333313 202.666702 -0.000142 -0.001029 1.000000
0.009394 429.333313 201.777802 -0.000142 -0.032066 0.000000
0.001757 428.444489 200.888901 -0.031131 -0.032066 0.000000
-0.000788 428.444489 200.888901 -0.000142 -0.001029 0.000000
0.011940 424.000000 199.111099 -0.155099 -0.063104 0.000000
-0.003334 424.000000 199.111099 -0.000142 -0.001029 0.000000
-0.000788 421.333313 198.222198 -0.093116 -0.032066 0.000000
0.009394 419.555511 196.444397 -0.062125 -0.063104 0.000000
-0.000788 419.555511 196.444397 -0.000142 -0.001029 0.000000
-0.000788 416.888885 195.555603 -0.093114 -0.032062 0.000000
0.011940 415.111115 194.666702 -0.062124 -0.032066 0.000000
-0.000788 412.444489 193.777802 -0.093114 -0.032066 0.000000
0.011940 410.666687 192.000000 -0.062125 -0.063104 0.000000
0.050126 408.888885 189.333298 -0.062125 -0.094141 0.000000
0.019577 408.000000 188.444397 -0.031133 -0.032066 3.000000
0.006849 408.000000 186.666702 -0.000142 -0.063100 3.000000
0.045035 408.000000 182.222198 -0.000142 -0.156217 3.000000
0.045035 408.888885 181.333298 0.030849 -0.032066 3.000000
0.022123 410.666687 180.444397 0.061841 -0.032066 3.000000
0.070492 424.888885 176.888901 0.495715 -0.125175 3.000000
0.042489 435.555511 174.222198 0.371750 -0.094141 3.000000
0.027215 440.000000 171.555603 0.154815 -0.094138 3.000000
0.067946 454.222198 166.222198 0.495715 -0.187254 3.000000
0.037397 463.111115 163.555603 0.309770 -0.094138 3.000000
0.027215 466.666687 162.666702 0.123823 -0.032066 3.000000
0.060309 476.444489 160.000000 0.340761 -0.094141 3.000000
0.052672 479.111115 159.111099 0.092830 -0.032066 3.000000
0.004303 480.000000 158.222198 0.030849 -0.032066 0.000000
0.001757 480.000000 158.222198 -0.000142 -0.001029 0.000000
0.062855 480.888885 158.222198 0.030849 -0.001029 0.000000
0.047580 480.888885 158.222198 -0.000142 -0.001029 0.000000
0.045035 478.222198 156.444397 -0.093116 -0.063104 0.000000
0.017032 476.444489 155.555603 -0.062122 -0.032062 0.000000
0.050126 465.777802 149.333298 -0.372036 -0.218292 0.000000
0.062855 452.444489 143.111099 -0.465008 -0.218288 0.000000
-0.000788 443.555511 138.666702 -0.310056 -0.156213 3.000000
0.029760 426.666687 130.666702 -0.588971 -0.280363 3.000000
0.042489 413.333313 121.777802 -0.465010 -0.311401 3.000000
0.042489 404.444489 112.888901 -0.310051 -0.311401 3.000000
0.047580 397.333313 103.111099 -0.248073 -0.342438 3.000000
0.045035 386.666687 93.333344 -0.372034 -0.342437 3.000000
0.050126 371.555511 80.000000 -0.526993 -0.466587 3.000000
0.024669 368.888885 76.444443 -0.093114 -0.125177 3.000000
0.019577 367.111115 73.777779 -0.062124 -0.094140 3.000000
0.001757 367.111115 73.777779 -0.000142 -0.001029 3.000000
0.022123 366.222198 72.000000 -0.031134 -0.063103 0.000000
0.006849 366.222198 72.000000 -0.000142 -0.001029 0.000000
0.014486 366.222198 72.000000 -0.000142 -0.001029 0.000000
0.004303 366.222198 72.000000 -0.000142 -0.001029 0.000000
0.017032 366.222198 73.777779 -0.000142 0.061046 0.000000
0.004303 367.111115 77.333344 0.030850 0.123120 0.000000
0.017032 368.000000 81.777779 0.030849 0.154157 0.000000
0.004303 368.888885 87.111107 0.030849 0.185194 0.000000
0.017032 369.777802 92.444443 0.030850 0.185195 0.000000
0.004303 370.666687 98.666656 0.030849 0.216231 0.000000
0.029760 370.666687 111.111099 -0.000142 0.433492 0.000000
0.006849 370.666687 111.111099 -0.000142 -0.001029 0.000000
0.032306 370.666687 123.555603 -0.000142 0.433494 0.000000
0.009394 370.666687 129.777802 -0.000142 0.216231 0.000000
0.027215 370.666687 139.555603 -0.000142 0.340381 0.000000
0.019577 369.777802 144.000000 -0.031133 0.154156 0.000000
0.009394 369.777802 147.555603 -0.000142 0.123122 0.000000
0.032306 369.777802 152.888901 -0.000142 0.185193 0.000000
0.024669 369.777802 154.666702 -0.000142 0.061047 0.000000
0.017032 371.555511 158.222198 0.061838 0.123118 0.000000
0.022123 371.555511 160.000000 -0.000142 0.061047 0.000000
0.014486 372.444489 162.666702 0.030852 0.092084 0.000000
0.032306 372.444489 168.888901 -0.000142 0.216231 0.000000
0.024669 372.444489 171.555603 -0.000142 0.092084 0.000000
0.011940 372.444489 174.222198 -0.000142 0.092080 0.000000
0.073038 372.444489 180.444397 -0.000142 0.216231 0.000000
0.052672 372.444489 181.333298 -0.000142 0.030009 0.000000
0.047580 371.555511 181.333298 -0.031136 -0.001029 0.000000
0.047580 361.777802 179.555603 -0.341042 -0.063100 0.000000
0.006849 356.444489 176.000000 -0.186088 -0.125179 0.000000
0.065400 336.888885 160.888901 -0.681948 -0.528660 0.000000
0.050126 322.666687 146.666702 -0.495999 -0.497623 0.000000
0.047580 309.333313 130.666702 -0.465010 -0.559698 3.000000
0.047580 296.000000 110.222198 -0.465008 -0.714886 3.000000
0.050126 289.777802 97.777779 -0.217079 -0.435548 3.000000
0.009394 287.111115 91.555557 -0.093116 -0.218289 3.000000
0.080675 282.666687 74.666656 -0.155097 -0.590735 3.000000
0.001757 281.777802 69.333344 -0.031133 -0.187251 3.000000
0.024669 280.888885 59.555561 -0.031134 -0.342438 3.000000
0.001757 280.888885 59.555561 -0.000142 -0.001029 3.000000
0.022123 280.000000 51.555561 -0.031133 -0.280363 3.000000
0.004303 280.000000 49.777779 -0.000142 -0.063103 3.000000
0.019577 280.000000 48.000000 -0.000142 -0.063103 3.000000
0.006849 280.000000 48.000000 -0.000142 -0.001029 0.000000
0.011940 280.000000 47.111111 -0.000142 -0.032066 0.000000
-0.003334 280.000000 47.111111 -0.000142 -0.001029 0.000000
-0.003334 280.000000 47.111111 -0.000142 -0.001029 0.000000
0.009394 280.000000 47.111111 -0.000142 -0.001029 0.000000
-0.003334 280.000000 47.111111 -0.000142 -0.001029 0.000000
-0.000788 280.000000 47.111111 -0.000142 -0.001029 0.000000
0.011940 280.000000 48.000000 -0.000142 0.030009 0.000000
-0.000788 280.000000 50.666672 -0.000142 0.092083 0.000000
0.001757 280.000000 54.222221 -0.000142 0.123120 0.000000
0.011940 279.111115 59.555561 -0.031133 0.185195 0.000000
-0.000788 279.111115 59.555561 -0.000142 -0.001029 0.000000
0.014486 279.111115 71.111107 -0.000142 0.402454 0.000000
-0.000788 279.111115 71.111107 -0.000142 -0.001029 0.000000
0.001757 279.111115 77.333344 -0.000142 0.216232 0.000000
0.014486 279.111115 84.444443 -0.000142 0.247268 0.000000
-0.000788 279.111115 84.444443 -0.000142 -0.001029 0.000000
0.001757 279.111115 90.666656 -0.000142 0.216231 0.000000
0.009394 279.111115 96.000000 -0.000142 0.185195 0.000000
-0.000788 279.111115 101.333298 -0.000142 0.185193 0.000000
-0.000788 279.111115 101.333298 -0.000142 -0.001029 0.000000
0.011940 279.111115 105.777802 -0.000142 0.154159 0.000000
-0.000788 280.000000 109.333298 0.030849 0.123118 0.000000
0.001757 280.000000 112.888901 -0.000142 0.123122 0.000000
0.009394 280.000000 115.555603 -0.000142 0.092084 0.000000
-0.000788 280.000000 115.555603 -0.000142 -0.001029 0.000000
-0.000788 280.888885 118.222198 0.030849 0.092080 0.000000
0.009394 280.888885 120.888901 -0.000142 0.092084 0.000000
0.001757 280.888885 123.555603 -0.000142 0.092084 0.000000
0.011940 281.777802 126.222198 0.030850 0.092080 0.000000
-0.000788 281.777802 126.222198 -0.000142 -0.001029 0.000000
-0.003334 281.777802 129.777802 -0.000142 0.123122 0.000000
0.009394 281.777802 132.444397 -0.000142 0.092080 0.000000
-0.000788 281.777802 135.111099 -0.000142 0.092084 0.000000
-0.000788 281.777802 135.111099 -0.000142 -0.001029 0.000000
0.009394 281.777802 137.777802 -0.000142 0.092084 0.000000
-0.003334 281.777802 141.333298 -0.000142 0.123118 0.000000
-0.000788 281.777802 141.333298 -0.000142 -0.001029 0.000000
0.014486 281.777802 145.777802 -0.000142 0.154159 0.000000
-0.003334 281.777802 145.777802 -0.000142 -0.001029 0.000000
0.001757 281.777802 148.444397 -0.000142 0.092080 0.000000
0.011940 280.888885 151.111099 -0.031134 0.092084 0.000000
-0.003334 280.888885 151.111099 -0.000142 -0.001029 0.000000
0.001757 280.888885 153.777802 -0.000142 0.092084 0.000000
0.011940 280.000000 155.555603 -0.031133 0.061047 0.000000
-0.000788 280.000000 158.222198 -0.000142 0.092080 0.000000
-0.003334 280.000000 158.222198 -0.000142 -0.001029 0.000000
0.022123 279.111115 162.666702 -0.031133 0.154159 0.000000
0.006849 279.111115 166.222198 -0.000142 0.123118 0.000000
0.017032 278.222198 169.777802 -0.031134 0.123122 0.000000
0.006849 278.222198 174.222198 -0.000142 0.154156 0.000000
0.011940 277.333313 176.888901 -0.031133 0.092084 0.000000
-0.000788 277.333313 176.888901 -0.000142 -0.001029 0.000000
0.001757 276.444489 180.444397 -0.031131 0.123118 0.000000
0.014486 276.444489 183.111099 -0.000142 0.092084 0.000000
-0.000788 275.555511 185.777802 -0.031136 0.092084 0.000000
-0.000788 275.555511 185.777802 -0.000142 -0.001029 0.000000
0.011940 274.666687 188.444397 -0.031131 0.092080 0.000000
0.001757 274.666687 188.444397 -0.000142 -0.001029 0.000000
0.011940 274.666687 188.444397 -0.000142 -0.001029 0.000000
-0.000788 273.777802 189.333298 -0.031133 0.030009 0.000000
-0.000788 273.777802 189.333298 -0.000142 -0.001029 0.000000
0.011940 273.777802 190.222198 -0.000142 0.030009 0.000000
-0.000788 273.777802 190.222198 -0.000142 -0.001029 0.000000
0.001757 272.888885 192.000000 -0.031134 0.061047 0.000000
0.011940 272.000000 194.666702 -0.031133 0.092084 0.000000
0.004303 271.111115 198.222198 -0.031133 0.123118 0.000000
0.014486 269.333313 202.666702 -0.062125 0.154159 0.000000
-0.000788 267.555511 207.111099 -0.062125 0.154156 0.000000
0.001757 267.555511 207.111099 -0.000142 -0.001029 0.000000
0.011940 265.777802 211.555603 -0.062122 0.154159 0.000000
0.034852 262.222198 218.666702 -0.124108 0.247268 0.000000
0.052672 259.555511 224.000000 -0.093116 0.185193 0.000000
0.032306 258.666687 224.888901 -0.031131 0.030009 0.000000
0.052672 258.666687 227.555603 -0.000142 0.092084 0.000000
0.062855 258.666687 234.666702 -0.000142 0.247268 0.000000
0.039943 257.777802 241.777802 -0.031133 0.247268 0.000000
0.047580 254.222198 248.888901 -0.124108 0.247268 3.000000
0.042489 248.000000 253.333298 -0.217079 0.154156 3.000000
0.050126 234.666702 257.777802 -0.465008 0.154159 3.000000
0.037397 224.000000 257.777802 -0.372037 -0.001029 3.000000
0.034852 215.111099 257.777802 -0.310054 -0.001029 3.000000
0.052672 208.888901 256.888885 -0.217079 -0.032067 3.000000
0.037397 204.444397 256.888885 -0.155100 -0.001029 3.000000
-0.000788 201.777802 256.888885 -0.093113 -0.001029 3.000000
0.034852 200.000000 258.666687 -0.062125 0.061047 3.000000
0.045035 195.555603 263.111115 -0.155096 0.154157 3.000000
0.047580 193.777802 265.777802 -0.062125 0.092084 0.000000
0.032306 193.777802 269.333313 -0.000142 0.123119 0.000000
0.047580 192.888901 272.888885 -0.031134 0.123121 0.000000
0.052672 190.222198 280.000000 -0.093117 0.247269 0.000000
-0.000788 190.222198 280.000000 -0.000142 -0.001029 3.000000
0.027215 187.555603 283.555511 -0.093113 0.123119 3.000000
-0.000788 186.666702 284.444489 -0.031134 0.030012 3.000000
0.029760 185.777802 285.333313 -0.031134 0.030006 3.000000
0.029760 185.777802 285.333313 -0.000142 -0.001029 3.000000
0.050126 185.777802 285.333313 -0.000142 -0.001029 3.000000
0.045035 185.777802 285.333313 -0.000142 -0.001029 3.000000
0.042489 185.777802 285.333313 -0.000142 -0.001029 3.000000
0.014486 185.777802 285.333313 -0.000142 -0.001029 0.000000
0.011940 185.777802 285.333313 -0.000142 -0.001029 0.000000
0.047580 185.777802 285.333313 -0.000142 -0.001029 0.000000
-0.003334 185.777802 285.333313 -0.000142 -0.001029 0.000000
0.001757 185.777802 285.333313 -0.000142 -0.001029 0.000000
0.011940 185.777802 285.333313 -0.000142 -0.001029 0.000000
-0.003334 184.888901 285.333313 -0.031134 -0.001029 0.000000
0.004303 184.000000 285.333313 -0.031134 -0.001029 0.000000
0.009394 182.222198 284.444489 -0.062125 -0.032063 0.000000
-0.003334 182.222198 284.444489 -0.000142 -0.001029 0.000000
-0.000788 180.444397 282.666687 -0.062125 -0.063104 0.000000
0.024669 174.222198 280.000000 -0.217079 -0.094141 0.000000
0.004303 174.222198 280.000000 -0.000142 -0.001029 0.000000
0.017032 165.333298 278.222198 -0.310054 -0.063104 0.000000
0.001757 165.333298 278.222198 -0.000142 -0.001029 0.000000
0.014486 160.000000 277.333313 -0.186088 -0.032066 0.000000
-0.003334 155.555603 276.444489 -0.155096 -0.032063 0.000000
0.001757 155.555603 276.444489 -0.000142 -0.001029 0.000000
0.014486 147.555603 273.777802 -0.279062 -0.094141 0.000000
0.009394 144.000000 272.000000 -0.124108 -0.063104 0.000000
-0.005880 144.000000 272.000000 -0.000142 -0.001029 0.000000
0.011940 141.333298 270.222198 -0.093117 -0.063104 0.000000
-0.000788 138.666702 268.444489 -0.093113 -0.063101 0.000000
0.014486 136.000000 265.777802 -0.093117 -0.094141 0.000000
0.001757 133.333298 264.000000 -0.093117 -0.063104 0.000000
-0.000788 133.333298 264.000000 -0.000142 -0.001029 0.000000
0.011940 130.666702 262.222198 -0.093113 -0.063104 0.000000
0.001757 127.111099 261.333313 -0.124108 -0.032066 0.000000
0.011940 122.666702 259.555511 -0.155096 -0.063104 0.000000
0.001757 117.333298 258.666687 -0.186091 -0.032063 3.000000
0.001757 117.333298 258.666687 -0.000142 -0.001029 3.000000
0.014486 107.555603 258.666687 -0.341041 -0.001029 2.000000
0.001757 107.555603 258.666687 -0.000142 -0.001029 2.000000
-0.005880 102.222198 258.666687 -0.186091 -0.001029 2.000000
0.011940 97.777779 258.666687 -0.155097 -0.001029 2.000000
-0.003334 97.777779 258.666687 -0.000142 -0.001029 2.000000
-0.000788 93.333344 258.666687 -0.155097 -0.001029 2.000000
0.009394 89.777779 258.666687 -0.124107 -0.001029 2.000000
-0.000788 85.333344 258.666687 -0.155097 -0.001029 2.000000
0.001757 85.333344 258.666687 -0.000142 -0.001029 2.000000
0.011940 78.222221 259.555511 -0.248071 0.030006 2.000000
0.050126 71.111107 262.222198 -0.248071 0.092084 2.000000
0.027215 67.555557 263.111115 -0.124106 0.030010 2.000000
0.047580 60.444439 264.888885 -0.248071 0.061046 2.000000
0.045035 58.666672 264.888885 -0.062124 -0.001029 2.000000
0.055218 58.666672 264.888885 -0.000142 -0.001029 1.000000
0.039943 58.666672 264.888885 -0.000142 -0.001029 1.000000
0.032306 58.666672 264.888885 -0.000142 -0.001029 1.000000
0.024669 58.666672 264.888885 -0.000142 -0.001029 0.000000
0.014486 58.666672 264.888885 -0.000142 -0.001029 3.000000
0.042489 57.777779 264.888885 -0.031133 -0.001029 3.000000
0.039943 55.111111 261.333313 -0.093116 -0.125178 3.000000
0.060309 52.444439 256.888885 -0.093116 -0.156214 3.000000
0.039943 48.888889 253.333298 -0.124106 -0.125178 3.000000
0.037397 42.666672 250.666702 -0.217080 -0.094138 3.000000
0.001757 39.111111 249.777802 -0.124107 -0.032066 3.000000
0.004303 35.555561 248.888901 -0.124106 -0.032066 3.000000
0.011940 31.111111 248.000000 -0.155098 -0.032066 3.000000
0.034852 27.555559 247.111099 -0.124106 -0.032066 3.000000
0.027215 22.222219 246.222198 -0.186089 -0.032066 0.000000
0.014486 20.444441 246.222198 -0.062124 -0.001029 0.000000
0.037397 18.666670 246.222198 -0.062124 -0.001029 0.000000
0.037397 17.777781 246.222198 -0.031133 -0.001029 0.000000
0.050126 17.777781 246.222198 -0.000142 -0.001029 0.000000
0.032306 17.777781 246.222198 -0.000142 -0.001029 0.000000
0.052672 19.555559 245.333298 0.061840 -0.032066 0.000000
0.052672 23.111111 244.444397 0.123822 -0.032066 0.000000
0.032306 26.666670 241.777802 0.123822 -0.094138 0.000000
0.052672 32.000000 239.111099 0.185804 -0.094141 3.000000
0.050126 36.444439 236.444397 0.154813 -0.094141 3.000000
0.047580 43.555561 232.000000 0.247787 -0.156213 3.000000
0.032306 52.444439 226.666702 0.309769 -0.187250 3.000000
0.017032 57.777779 224.000000 0.185805 -0.094141 3.000000
0.014486 67.555557 215.111099 0.340760 -0.311401 3.000000
-0.003334 67.555557 215.111099 -0.000142 -0.001029 3.000000
0.004303 71.111107 210.666702 0.123822 -0.156213 3.000000
0.014486 75.555557 206.222198 0.154814 -0.156217 3.000000
-0.000788 75.555557 206.222198 -0.000142 -0.001029 3.000000
0.014486 82.666656 197.333298 0.247786 -0.311401 3.000000
0.001757 82.666656 197.333298 -0.000142 -0.001029 3.000000
0.001757 85.333344 192.000000 0.092832 -0.187250 3.000000
0.014486 88.888893 186.666702 0.123822 -0.187250 0.000000
-0.000788 92.444443 181.333298 0.123822 -0.187254 0.000000
-0.000788 95.111107 175.111099 0.092831 -0.218288 0.000000
0.011940 98.666656 168.888901 0.123822 -0.218288 0.000000
-0.000788 98.666656 168.888901 -0.000142 -0.001029 0.000000
0.014486 102.222198 162.666702 0.123822 -0.218288 0.000000
0.001757 105.777802 156.444397 0.123824 -0.218292 0.000000
-0.000788 109.333298 150.222198 0.123820 -0.218288 0.000000
0.014486 112.000000 144.888901 0.092832 -0.187250 0.000000
-0.000788 112.000000 144.888901 -0.000142 -0.001029 0.000000
0.004303 114.666702 139.555603 0.092832 -0.187250 0.000000
0.014486 116.444397 134.222198 0.061837 -0.187254 0.000000
0.001757 116.444397 129.777802 -0.000142 -0.156213 0.000000
0.011940 116.444397 125.333298 -0.000142 -0.156217 0.000000
-0.000788 116.444397 121.777802 -0.000142 -0.125175 0.000000
0.001757 116.444397 121.777802 -0.000142 -0.001029 0.000000
0.019577 116.444397 114.666702 -0.000142 -0.249326 0.000000
0.001757 115.555603 111.111099 -0.031130 -0.125179 0.000000
0.011940 114.666702 107.555603 -0.031134 -0.125175 0.000000
-0.000788 114.666702 107.555603 -0.000142 -0.001029 0.000000
0.004303 114.666702 103.111099 -0.000142 -0.156217 0.000000
0.014486 114.666702 98.666656 -0.000142 -0.156214 0.000000
0.001757 114.666702 93.333344 -0.000142 -0.187251 0.000000
0.014486 114.666702 88.888893 -0.000142 -0.156215 0.000000
0.001757 114.666702 88.888893 -0.000142 -0.001029 0.000000
-0.000788 114.666702 78.222221 -0.000142 -0.373475 0.000000
0.011940 114.666702 78.222221 -0.000142 -0.001029 0.000000
-0.000788 114.666702 73.777779 -0.000142 -0.156214 0.000000
0.011940 114.666702 70.222221 -0.000142 -0.125177 0.000000
0.001757 114.666702 65.777779 -0.000142 -0.156214 0.000000
-0.000788 114.666702 62.222221 -0.000142 -0.125177 0.000000
0.014486 114.666702 59.555561 -0.000142 -0.094140 0.000000
-0.003334 114.666702 59.555561 -0.000142 -0.001029 0.000000
0.001757 114.666702 56.000000 -0.000142 -0.125177 0.000000
0.014486 114.666702 53.333328 -0.000142 -0.094140 0.000000
0.001757 114.666702 50.666672 -0.000142 -0.094140 0.000000
0.001757 114.666702 50.666672 -0.000142 -0.001029 0.000000
0.011940 114.666702 46.222221 -0.000142 -0.156215 0.000000
-0.000788 114.666702 46.222221 -0.000142 -0.001029 0.000000
0.014486 114.666702 43.555561 -0.000142 -0.094140 0.000000
-0.003334 114.666702 43.555561 -0.000142 -0.001029 0.000000
0.001757 114.666702 42.666672 -0.000142 -0.032066 0.000000
0.011940 114.666702 41.777779 -0.000142 -0.032066 0.000000
-0.000788 114.666702 41.777779 -0.000142 -0.001029 0.000000
0.001757 114.666702 40.888889 -0.000142 -0.032066 0.000000
0.011940 114.666702 40.000000 -0.000142 -0.032066 0.000000
-0.000788 114.666702 40.000000 -0.000142 -0.001029 0.000000
0.014486 114.666702 40.000000 -0.000142 -0.001029 0.000000
-0.000788 114.666702 40.000000 -0.000142 -0.001029 0.000000
0.001757 114.666702 39.111111 -0.000142 -0.032066 0.000000
0.011940 114.666702 39.111111 -0.000142 -0.001029 0.000000
-0.000788 114.666702 39.111111 -0.000142 -0.001029 0.000000
-0.003334 114.666702 39.111111 -0.000142 -0.001029 0.000000
0.011940 114.666702 39.111111 -0.000142 -0.001029 0.000000
-0.000788 114.666702 39.111111 -0.000142 -0.001029 0.000000
0.001757 114.666702 39.111111 -0.000142 -0.001029 0.000000
0.011940 114.666702 39.111111 -0.000142 -0.001029 0.000000
-0.003334 114.666702 39.111111 -0.000142 -0.001029 0.000000
0.014486 114.666702 39.111111 -0.000142 -0.001029 0.000000
-0.000788 115.555603 39.111111 0.030849 -0.001029 0.000000
0.001757 115.555603 39.111111 -0.000142 -0.001029 0.000000
0.014486 115.555603 39.111111 -0.000142 -0.001029 0.000000
-0.000788 115.555603 39.111111 -0.000142 -0.001029 0.000000
0.001757 115.555603 39.111111 -0.000142 -0.001029 0.000000
0.011940 116.444397 40.888889 0.030846 0.061046 0.000000
-0.003334 116.444397 40.888889 -0.000142 -0.001029 0.000000
0.001757 116.444397 42.666672 -0.000142 0.061046 0.000000
0.011940 117.333298 43.555561 0.030849 0.030009 0.000000
-0.000788 117.333298 43.555561 -0.000142 -0.001029 0.000000
0.014486 118.222198 48.000000 0.030849 0.154157 0.000000
-0.000788 118.222198 48.000000 -0.000142 -0.001029 0.000000
0.001757 118.222198 50.666672 -0.000142 0.092083 0.000000
0.014486 118.222198 53.333328 -0.000142 0.092083 0.000000
-0.003334 118.222198 53.333328 -0.000142 -0.001029 0.000000
0.004303 118.222198 58.666672 -0.000142 0.185195 0.000000
0.011940 118.222198 58.666672 -0.000142 -0.001029 0.000000
0.001757 118.222198 62.222221 -0.000142 0.123120 0.000000
0.011940 118.222198 64.888893 -0.000142 0.092083 0.000000
-0.000788 118.222198 66.666656 -0.000142 0.061045 0.000000
0.001757 119.111099 69.333344 0.030849 0.092084 0.000000
0.011940 119.111099 71.111107 -0.000142 0.061045 0.000000
-0.000788 119.111099 71.111107 -0.000142 -0.001029 0.000000
0.001757 120.000000 72.888893 0.030849 0.061046 0.000000
0.011940 120.888901 74.666656 0.030849 0.061045 0.000000
0.001757 121.777802 76.444443 0.030849 0.061046 0.000000
0.001757 121.777802 76.444443 -0.000142 -0.001029 0.000000
0.014486 124.444397 79.111107 0.092829 0.092083 0.000000
0.004303 124.444397 79.111107 -0.000142 -0.001029 0.000000
0.011940 125.333298 80.888893 0.030849 0.061046 0.000000
-0.000788 125.333298 80.888893 -0.000142 -0.001029 0.000000
-0.000788 126.222198 81.777779 0.030849 0.030009 0.000000
0.011940 126.222198 82.666656 -0.000142 0.030008 0.000000
-0.000788 126.222198 82.666656 -0.000142 -0.001029 0.000000
0.001757 127.111099 83.555557 0.030849 0.030009 0.000000
0.011940 127.111099 84.444443 -0.000142 0.030009 0.000000
0.004303 128.000000 86.222221 0.030849 0.061046 0.000000
0.011940 128.000000 88.000000 -0.000142 0.061046 0.000000
-0.000788 128.000000 88.000000 -0.000142 -0.001029 0.000000
0.001757 128.888901 89.777779 0.030849 0.061046 0.000000
0.014486 130.666702 94.222221 0.061841 0.154157 0.000000
0.004303 130.666702 94.222221 -0.000142 -0.001029 0.000000
-0.003334 131.555603 96.888893 0.030849 0.092083 0.000000
0.009394 132.444397 99.555557 0.030846 0.092083 0.000000
0.004303 133.333298 102.222198 0.030849 0.092082 0.000000
0.011940 135.111099 104.888901 0.061841 0.092084 0.000000
-0.003334 135.111099 104.888901 -0.000142 -0.001029 0.000000
0.001757 136.000000 107.555603 0.030849 0.092084 0.000000
0.011940 136.888901 110.222198 0.030849 0.092080 0.000000
-0.000788 137.777802 112.000000 0.030849 0.061047 0.000000
0.001757 138.666702 114.666702 0.030849 0.092084 0.000000
0.014486 138.666702 114.666702 -0.000142 -0.001029 0.000000
0.001757 139.555603 117.333298 0.030849 0.092080 0.000000
0.014486 140.444397 120.000000 0.030846 0.092084 0.000000
-0.000788 141.333298 122.666702 0.030849 0.092084 0.000000
0.001757 143.111099 125.333298 0.061841 0.092080 0.000000
0.019577 144.000000 127.111099 0.030849 0.061047 0.000000
0.004303 146.666702 129.777802 0.092832 0.092084 0.000000
0.014486 148.444397 131.555603 0.061837 0.061047 0.000000
0.004303 151.111099 133.333298 0.092832 0.061043 0.000000
0.019577 152.888901 134.222198 0.061841 0.030009 0.000000
0.006849 154.666702 135.111099 0.061841 0.030009 0.000000
0.019577 156.444397 136.000000 0.061837 0.030009 0.000000
0.009394 157.333298 136.000000 0.030849 -0.001029 0.000000
0.024669 159.111099 137.777802 0.061841 0.061047 0.000000
0.004303 159.111099 138.666702 -0.000142 0.030009 0.000000
0.017032 160.000000 139.555603 0.030849 0.030009 0.000000
0.001757 160.888901 142.222198 0.030849 0.092080 0.000000
0.019577 161.777802 144.000000 0.030849 0.061047 0.000000
0.004303 162.666702 145.777802 0.030849 0.061047 0.000000
0.019577 163.555603 147.555603 0.030849 0.061047 0.000000
0.001757 164.444397 149.333298 0.030846 0.061043 0.000000
0.024669 167.111099 152.000000 0.092832 0.092084 0.000000
0.004303 167.111099 152.000000 -0.000142 -0.001029 0.000000
0.022123 168.888901 153.777802 0.061841 0.061047 0.000000
0.055218 173.333298 156.444397 0.154812 0.092080 0.000000
0.039943 176.000000 157.333298 0.092832 0.030009 0.000000
0.037397 178.666702 157.333298 0.092832 -0.001029 0.000000
0.039943 182.222198 157.333298 0.123820 -0.001029 0.000000
0.060309 189.333298 154.666702 0.247786 -0.094138 0.000000
0.034852 196.444397 152.000000 0.247786 -0.094141 0.000000
0.057763 206.222198 145.777802 0.340761 -0.218288 3.000000
0.037397 211.555603 140.444397 0.185807 -0.187254 3.000000
0.034852 213.333298 137.777802 0.061837 -0.094138 3.000000
0.057763 215.111099 131.555603 0.061841 -0.218288 3.000000
0.034852 216.000000 128.888901 0.030849 -0.094141 3.000000
0.057763 217.777802 127.111099 0.061841 -0.063104 3.000000
0.029760 222.222198 125.333298 0.154812 -0.063104 3.000000
-0.000788 224.000000 124.444397 0.061841 -0.032066 3.000000
-0.000788 224.000000 124.444397 -0.000142 -0.001029 3.000000
0.011940 227.555603 123.555603 0.123824 -0.032062 3.000000
-0.000788 227.555603 123.555603 -0.000142 -0.001029 3.000000
-0.000788 228.444397 122.666702 0.030846 -0.032066 3.000000
0.011940 228.444397 122.666702 -0.000142 -0.001029 3.000000
-0.003334 228.444397 122.666702 -0.000142 -0.001029 3.000000
-0.000788 228.444397 122.666702 -0.000142 -0.001029 0.000000
0.011940 228.444397 122.666702 -0.000142 -0.001029 0.000000
-0.003334 228.444397 122.666702 -0.000142 -0.001029 0.000000
0.001757 228.444397 122.666702 -0.000142 -0.001029 0.000000
0.011940 228.444397 122.666702 -0.000142 -0.001029 0.000000
-0.000788 228.444397 122.666702 -0.000142 -0.001029 0.000000
-0.000788 228.444397 122.666702 -0.000142 -0.001029 0.000000
0.011940 228.444397 121.777802 -0.000142 -0.032066 0.000000
0.001757 228.444397 121.777802 -0.000142 -0.001029 0.000000
0.022123 229.333298 120.000000 0.030849 -0.063104 0.000000
0.001757 229.333298 120.000000 -0.000142 -0.001029 0.000000
0.009394 230.222198 118.222198 0.030849 -0.063104 0.000000
0.014486 232.000000 116.444397 0.061841 -0.063104 0.000000
0.006849 233.777802 109.333298 0.061841 -0.249326 0.000000
0.014486 234.666702 105.777802 0.030849 -0.125175 0.000000
0.004303 234.666702 105.777802 -0.000142 -0.001029 0.000000
0.019577 234.666702 96.000000 -0.000142 -0.342438 0.000000
0.006849 234.666702 91.555557 -0.000142 -0.156214 0.000000
0.019577 234.666702 87.111107 -0.000142 -0.156215 0.000000
0.006849 233.777802 83.555557 -0.031134 -0.125177 0.000000
0.019577 232.000000 80.000000 -0.062125 -0.125177 0.000000
0.004303 231.111099 77.333344 -0.031134 -0.094140 0.000000
0.017032 231.111099 74.666656 -0.000142 -0.094141 0.000000
0.001757 230.222198 72.000000 -0.031134 -0.094140 0.000000
0.017032 230.222198 71.111107 -0.000142 -0.032066 0.000000
0.004303 230.222198 69.333344 -0.000142 -0.063102 0.000000
0.017032 230.222198 67.555557 -0.000142 -0.063103 0.000000
0.004303 230.222198 65.777779 -0.000142 -0.063103 0.000000
0.006849 230.222198 64.000000 -0.000142 -0.063103 0.000000
0.014486 230.222198 63.111111 -0.000142 -0.032066 0.000000
0.037397 228.444397 59.555561 -0.062125 -0.125177 0.000000
0.034852 226.666702 56.000000 -0.062121 -0.125177 0.000000
0.055218 224.000000 52.444439 -0.093117 -0.125177 0.000000
