0.006849 144.000000 173.333298 0.371752 -0.125179 0.000000
0.022123 154.666702 170.666702 0.371752 -0.094138 0.000000
0.042489 176.888901 169.777802 0.774635 -0.032066 0.000000
0.024669 198.222198 169.777802 0.743643 -0.001029 0.000000
0.070492 230.222198 173.333298 1.115538 0.123118 0.000000
0.024669 240.000000 174.222198 0.340761 0.030009 0.000000
0.067946 269.333313 177.777802 1.022564 0.123122 0.000000
0.045035 298.666687 179.555603 1.022566 0.061047 1.000000
0.004303 298.666687 179.555603 -0.000142 -0.001029 1.000000
0.004303 308.444489 179.555603 0.340761 -0.001029 2.000000
0.037397 329.777802 176.888901 0.743644 -0.094141 2.000000
0.014486 341.333313 175.111099 0.402741 -0.063104 2.000000
0.006849 352.000000 173.333298 0.371752 -0.063104 2.000000
0.014486 362.666687 172.444397 0.371752 -0.032066 2.000000
0.037397 381.333313 172.444397 0.650670 -0.001029 2.000000
0.042489 398.222198 175.111099 0.588689 0.092084 2.000000
0.006849 413.333313 181.333298 0.526707 0.216231 2.000000
0.019577 420.444489 184.888901 0.247789 0.123122 2.000000
0.027215 427.555511 189.333298 0.247784 0.154156 2.000000
0.017032 440.000000 196.444397 0.433735 0.247268 3.000000
0.004303 440.000000 196.444397 -0.000142 -0.001029 3.000000
0.022123 449.777802 203.555603 0.340761 0.247272 0.000000
0.006849 449.777802 203.555603 -0.000142 -0.001029 0.000000
0.014486 458.666687 211.555603 0.309769 0.278306 0.000000
0.006849 462.222198 216.000000 0.123821 0.154156 0.000000
0.017032 464.888885 221.333298 0.092832 0.185193 0.000000
0.006849 468.444489 227.555603 0.123824 0.216235 0.000000
0.019577 472.000000 232.888901 0.123821 0.185193 0.000000
0.004303 475.555511 240.000000 0.123821 0.247268 0.000000
0.017032 478.222198 246.222198 0.092832 0.216231 0.000000
0.004303 481.777802 252.444397 0.123824 0.216231 0.000000
0.019577 484.444489 259.555511 0.092832 0.247269 0.000000
0.011940 487.111115 264.888885 0.092830 0.185196 0.000000
0.022123 490.666687 276.444489 0.123823 0.402456 0.000000
0.009394 492.444489 281.777802 0.061841 0.185194 0.000000
0.027215 492.444489 291.555511 -0.000142 0.340378 2.000000
0.011940 492.444489 291.555511 -0.000142 -0.001029 2.000000
0.057763 492.444489 297.777802 -0.000142 0.216234 2.000000
0.050126 492.444489 297.777802 -0.000142 -0.001029 2.000000
0.047580 489.777802 287.111115 -0.093116 -0.373475 2.000000
0.045035 488.888885 268.444489 -0.031134 -0.652808 2.000000
0.047580 491.555511 240.000000 0.092830 -0.994220 3.000000
0.047580 503.111115 179.555603 0.402744 -2.111555 0.000000
0.037397 512.000000 138.666702 0.309769 -1.428739 0.000000
0.006849 515.555481 120.888901 0.123820 -0.621773 0.000000
0.014486 518.222229 107.555603 0.092834 -0.466585 0.000000
0.029760 519.111084 96.888893 0.030848 -0.373476 0.000000
0.073038 502.222198 84.444443 -0.588973 -0.435549 0.000000
0.037397 479.111115 98.666656 -0.805910 0.495566 0.000000
0.037397 448.888885 130.666702 -1.053840 1.116311 0.000000
0.027215 432.888885 153.777802 -0.557982 0.805938 0.000000
0.022123 403.555511 205.333298 -1.022850 1.799126 2.000000
0.006849 403.555511 205.333298 -0.000142 -0.001029 2.000000
0.037397 361.777802 278.222198 -1.456722 2.544020 2.000000
0.017032 345.777802 297.777802 -0.557982 0.681791 2.000000
0.037397 313.777802 328.000000 -1.115822 1.054235 2.000000
0.039943 289.777802 346.666687 -0.836902 0.650753 2.000000
0.024669 282.666687 351.111115 -0.248071 0.154157 2.000000
0.085766 285.333313 320.000000 0.092830 -1.087330 3.000000
0.004303 291.555511 297.777802 0.216795 -0.776957 0.000000
0.017032 298.666687 271.111115 0.247789 -0.932145 0.000000
0.004303 305.777802 240.000000 0.247787 -1.087330 0.000000
0.017032 312.888885 207.111099 0.247786 -1.149405 0.000000
0.004303 317.333313 176.000000 0.154813 -1.087329 0.000000
0.017032 319.111115 148.444397 0.061841 -0.963183 0.000000
0.004303 319.111115 126.222198 -0.000142 -0.776957 0.000000
0.019577 313.777802 109.333298 -0.186088 -0.590735 0.000000
0.006849 306.666687 97.777779 -0.248071 -0.404511 0.000000
0.019577 297.777802 88.000000 -0.310053 -0.342438 0.000000
0.001757 288.000000 80.888893 -0.341045 -0.249326 0.000000
0.024669 277.333313 75.555557 -0.372036 -0.187252 0.000000
0.011940 254.222198 72.000000 -0.805911 -0.125177 0.000000
0.022123 243.555603 72.000000 -0.372033 -0.001029 3.000000
0.009394 232.888901 72.888893 -0.372037 0.030009 3.000000
0.029760 214.222198 82.666656 -0.650957 0.340380 2.000000
0.022123 207.111099 90.666656 -0.248071 0.278306 2.000000
0.052672 192.888901 141.333298 -0.495999 1.768090 2.000000
0.052672 192.888901 188.444397 -0.000142 1.643941 2.000000
0.050126 212.444397 251.555603 0.681660 2.202614 2.000000
0.022123 223.111099 268.444489 0.371752 0.588678 2.000000
0.060309 256.000000 302.222198 1.146529 1.178382 2.000000
0.014486 264.888885 307.555511 0.309769 0.185194 3.000000
0.045035 280.000000 309.333313 0.526707 0.061047 0.000000
0.042489 289.777802 303.111115 0.340761 -0.218288 0.000000
0.080675 299.555511 255.111099 0.340758 -1.677037 0.000000
0.042489 311.111115 212.444397 0.402744 -1.490814 0.000000
0.037397 332.444489 162.666702 0.743646 -1.739108 0.000000
0.037397 355.555511 123.555603 0.805624 -1.366664 0.000000
0.004303 355.555511 123.555603 -0.000142 -0.001029 0.000000
0.004303 363.555511 112.000000 0.278778 -0.404514 0.000000
0.078129 384.888885 87.111107 0.743646 -0.870070 0.000000
0.042489 391.111115 79.111107 0.216796 -0.280363 2.000000
0.039943 396.444489 72.888893 0.185806 -0.218288 2.000000
0.039943 399.111115 70.222221 0.092830 -0.094140 2.000000
0.039943 396.444489 72.000000 -0.093114 0.061046 2.000000
0.029760 389.333313 77.333344 -0.248073 0.185195 2.000000
0.019577 363.555511 95.111107 -0.898885 0.619714 2.000000
0.006849 345.777802 104.888901 -0.619962 0.340381 2.000000
0.014486 326.222198 114.666702 -0.681948 0.340381 2.000000
0.004303 305.777802 123.555603 -0.712936 0.309344 2.000000
0.019577 283.555511 131.555603 -0.774922 0.278306 2.000000
0.009394 261.333313 137.777802 -0.774919 0.216231 3.000000
0.022123 219.555603 145.777802 -1.456722 0.278306 0.000000
0.011940 203.555603 145.777802 -0.557982 -0.001029 0.000000
0.017032 190.222198 144.888901 -0.465011 -0.032066 0.000000
0.006849 180.444397 141.333298 -0.341045 -0.125179 0.000000
0.017032 172.444397 136.888901 -0.279062 -0.156213 0.000000
0.009394 166.222198 131.555603 -0.217079 -0.187250 0.000000
0.022123 160.888901 125.333298 -0.186088 -0.218292 0.000000
0.006849 154.666702 119.111099 -0.217079 -0.218288 0.000000
0.017032 141.333298 108.444397 -0.465011 -0.373476 0.000000
0.045035 124.444397 101.333298 -0.588974 -0.249326 0.000000
0.006849 124.444397 101.333298 -0.000142 -0.001029 0.000000
0.047580 98.666656 95.111107 -0.898883 -0.218288 0.000000
0.067946 86.222221 93.333344 -0.434017 -0.063102 2.000000
0.045035 84.444443 93.333344 -0.062124 -0.001029 2.000000
0.042489 84.444443 92.444443 -0.000142 -0.032066 2.000000
0.047580 90.666656 92.444443 0.216795 -0.001029 2.000000
0.047580 125.333298 83.555557 1.208510 -0.311400 2.000000
0.042489 159.111099 68.444443 1.177521 -0.528661 2.000000
0.042489 197.333298 52.444439 1.332475 -0.559698 2.000000
0.050126 249.777802 40.000000 1.828335 -0.435549 2.000000
0.004303 249.777802 40.000000 -0.000142 -0.001029 3.000000
0.019577 269.333313 40.000000 0.681661 -0.001029 3.000000
0.006849 273.777802 44.444439 0.154815 0.154157 0.000000
0.017032 274.666687 49.777779 0.030849 0.185195 0.000000
0.024669 273.777802 58.666672 -0.031133 0.309343 0.000000
0.073038 233.777802 112.000000 -1.394742 1.861202 0.000000
0.039943 204.444397 146.666702 -1.022851 1.209423 0.000000
0.042489 176.888901 183.111099 -0.960864 1.271494 0.000000
0.042489 153.777802 216.000000 -0.805911 1.147347 0.000000
0.004303 144.000000 231.111099 -0.341045 0.526603 0.000000
0.001757 144.000000 231.111099 -0.000142 -0.001029 0.000000
0.042489 125.333298 254.222198 -0.650957 0.805938 0.000000
0.022123 109.333298 269.333313 -0.557982 0.526604 1.000000
0.006849 102.222198 273.777802 -0.248071 0.154159 1.000000
0.019577 94.222221 277.333313 -0.279061 0.123119 2.000000
0.006849 87.111107 279.111115 -0.248071 0.061047 2.000000
0.017032 79.111107 280.000000 -0.279062 0.030009 2.000000
0.045035 64.000000 279.111115 -0.526991 -0.032066 2.000000
0.011940 51.555561 270.222198 -0.434018 -0.311401 2.000000
0.042489 40.888889 255.111099 -0.372036 -0.528660 2.000000
0.045035 32.888889 237.333298 -0.279062 -0.621773 2.000000
0.024669 29.333330 230.222198 -0.124107 -0.249326 2.000000
0.027215 22.222219 216.888901 -0.248071 -0.466585 3.000000
0.009394 19.555559 212.444397 -0.093115 -0.156217 3.000000
0.019577 16.888889 207.111099 -0.093116 -0.187250 0.000000
0.052672 11.555560 195.555603 -0.186089 -0.404510 0.000000
0.009394 11.555560 192.000000 -0.000142 -0.125179 0.000000
0.062855 13.333330 182.222198 0.061840 -0.342438 0.000000
0.052672 23.111111 177.777802 0.340760 -0.156213 0.000000
0.047580 38.222221 177.777802 0.526707 -0.001029 0.000000
0.042489 70.222221 193.777802 1.115538 0.557641 0.000000
0.042489 101.333298 206.222198 1.084545 0.433490 0.000000
0.045035 139.555603 216.888901 1.332479 0.371419 2.000000
0.042489 175.111099 228.444397 1.239500 0.402453 2.000000
0.055218 214.222198 250.666702 1.363466 0.774904 2.000000
0.034852 232.888901 265.777802 0.650672 0.526603 2.000000
0.004303 232.888901 265.777802 -0.000142 -0.001029 2.000000
0.022123 248.000000 278.222198 0.526706 0.433490 2.000000
0.006849 254.222198 283.555511 0.216795 0.185194 2.000000
0.022123 260.444489 288.000000 0.216798 0.154159 2.000000
0.004303 266.666687 291.555511 0.216795 0.123119 2.000000
0.024669 273.777802 294.222198 0.247787 0.092084 2.000000
0.047580 295.111115 297.777802 0.743644 0.123122 3.000000
0.045035 307.555511 297.777802 0.433732 -0.001029 0.000000
0.009394 312.888885 297.777802 0.185806 -0.001029 0.000000
0.022123 318.222198 297.777802 0.185804 -0.001029 0.000000
0.045035 327.111115 297.777802 0.309770 -0.001029 0.000000
0.050126 341.333313 294.222198 0.495715 -0.125179 0.000000
0.004303 347.555511 292.444489 0.216795 -0.063101 0.000000
0.024669 354.666687 290.666687 0.247789 -0.063104 0.000000
0.019577 368.000000 286.222198 0.464724 -0.156216 0.000000
0.004303 368.000000 286.222198 -0.000142 -0.001029 0.000000
0.019577 381.333313 282.666687 0.464724 -0.125176 0.000000
0.004303 381.333313 282.666687 -0.000142 -0.001029 0.000000
0.006849 387.555511 281.777802 0.216795 -0.032066 0.000000
0.019577 396.444489 279.111115 0.309772 -0.094141 0.000000
0.006849 400.000000 278.222198 0.123821 -0.032067 3.000000
0.022123 403.555511 278.222198 0.123821 -0.001029 3.000000
0.004303 407.111115 277.333313 0.123824 -0.032066 2.000000
0.017032 411.555511 277.333313 0.154812 -0.001029 2.000000
0.006849 415.111115 277.333313 0.123824 -0.001029 2.000000
0.017032 417.777802 278.222198 0.092832 0.030009 2.000000
0.004303 420.444489 280.000000 0.092832 0.061047 2.000000
0.017032 423.111115 282.666687 0.092830 0.092084 2.000000
0.042489 424.888885 291.555511 0.061840 0.309341 2.000000
0.037397 423.111115 303.111115 -0.062124 0.402456 2.000000
0.057763 419.555511 313.777802 -0.124108 0.371418 2.000000
0.037397 418.666687 315.555511 -0.031131 0.061043 3.000000
0.039943 418.666687 313.777802 -0.000142 -0.063101 0.000000
0.062855 420.444489 293.333313 0.061841 -0.714885 0.000000
0.034852 424.000000 268.444489 0.123821 -0.870067 0.000000
0.001757 424.000000 268.444489 -0.000142 -0.001029 0.000000
0.014486 429.333313 232.888901 0.185804 -1.242517 0.000000
0.004303 432.888885 211.555603 0.123823 -0.745920 0.000000
0.004303 432.888885 211.555603 -0.000142 -0.001029 0.000000
0.017032 440.000000 164.444397 0.247787 -1.646002 0.000000
0.004303 440.000000 164.444397 -0.000142 -0.001029 0.000000
0.019577 446.222198 123.555603 0.216795 -1.428735 0.000000
0.006849 446.222198 123.555603 -0.000142 -0.001029 0.000000
0.014486 451.555511 96.000000 0.185804 -0.963183 0.000000
0.006849 452.444489 87.111107 0.030852 -0.311400 1.000000
0.014486 453.333313 80.000000 0.030847 -0.249326 1.000000
0.009394 453.333313 75.555557 -0.000142 -0.156214 2.000000
0.017032 454.222198 72.888893 0.030849 -0.094140 2.000000
0.004303 454.222198 72.000000 -0.000142 -0.032066 2.000000
0.017032 454.222198 72.000000 -0.000142 -0.001029 2.000000
0.006849 453.333313 72.888893 -0.031133 0.030009 2.000000
0.019577 451.555511 78.222221 -0.062125 0.185194 2.000000
0.006849 448.000000 87.111107 -0.124105 0.309343 2.000000
0.006849 442.666687 99.555557 -0.186088 0.433492 2.000000
0.019577 436.444489 113.777802 -0.217079 0.495567 2.000000
0.004303 429.333313 131.555603 -0.248073 0.619716 2.000000
0.014486 422.222198 151.111099 -0.248071 0.681787 2.000000
0.006849 416.000000 169.777802 -0.217079 0.650753 2.000000
0.017032 410.666687 187.555603 -0.186088 0.619716 2.000000
0.006849 407.111115 202.666702 -0.124107 0.526603 2.000000
0.017032 403.555511 225.777802 -0.124108 0.805938 2.000000
0.006849 403.555511 225.777802 -0.000142 -0.001029 2.000000
0.019577 402.666687 239.111099 -0.031131 0.464528 2.000000
0.006849 402.666687 239.111099 -0.000142 -0.001029 2.000000
0.017032 401.777802 243.555603 -0.031133 0.154159 3.000000
0.039943 398.222198 243.555603 -0.124108 -0.001029 0.000000
0.029760 389.333313 233.777802 -0.310053 -0.342438 0.000000
0.070492 373.333313 198.222198 -0.557982 -1.242517 0.000000
0.039943 363.555511 163.555603 -0.341045 -1.211476 0.000000
0.037397 352.888885 130.666702 -0.372034 -1.149405 0.000000
0.050126 336.888885 109.333298 -0.557982 -0.745923 0.000000
0.050126 302.222198 93.333344 -1.208796 -0.559696 2.000000
0.052672 276.444489 88.888893 -0.898882 -0.156215 2.000000
0.047580 256.888885 87.111107 -0.681948 -0.063103 2.000000
0.019577 244.444397 86.222221 -0.434019 -0.032066 2.000000
0.050126 237.333298 85.333344 -0.248071 -0.032065 2.000000
0.047580 235.555603 84.444443 -0.062121 -0.032066 2.000000
0.045035 234.666702 84.444443 -0.031134 -0.001029 2.000000
0.045035 234.666702 83.555557 -0.000142 -0.032066 0.000000
0.037397 234.666702 83.555557 -0.000142 -0.001029 0.000000
0.001757 234.666702 83.555557 -0.000142 -0.001029 0.000000
0.037397 234.666702 83.555557 -0.000142 -0.001029 0.000000
0.039943 234.666702 83.555557 -0.000142 -0.001029 0.000000
0.037397 234.666702 83.555557 -0.000142 -0.001029 0.000000
0.060309 234.666702 83.555557 -0.000142 -0.001029 0.000000
0.039943 234.666702 83.555557 -0.000142 -0.001029 0.000000
0.050126 234.666702 97.777779 -0.000142 0.495566 0.000000
0.042489 235.555603 112.000000 0.030849 0.495566 0.000000
0.042489 235.555603 125.333298 -0.000142 0.464528 1.000000
0.045035 232.888901 138.666702 -0.093117 0.464532 2.000000
0.037397 225.777802 154.666702 -0.248071 0.557641 2.000000
0.004303 222.222198 164.444397 -0.124108 0.340378 2.000000
0.039943 216.000000 184.888901 -0.217079 0.712829 2.000000
0.047580 209.777802 205.333298 -0.217079 0.712825 2.000000
0.009394 207.111099 215.111099 -0.093117 0.340381 2.000000
0.024669 196.444397 235.555603 -0.372037 0.712829 2.000000
0.022123 189.333298 246.222198 -0.248071 0.371415 2.000000
0.006849 181.333298 254.222198 -0.279062 0.278306 3.000000
0.019577 172.444397 262.222198 -0.310054 0.278306 3.000000
0.004303 162.666702 266.666687 -0.341041 0.154159 0.000000
0.019577 152.888901 270.222198 -0.341045 0.123119 0.000000
0.004303 144.888901 271.111115 -0.279062 0.030010 0.000000
0.019577 136.888901 270.222198 -0.279062 -0.032067 0.000000
0.001757 130.666702 266.666687 -0.217079 -0.125176 0.000000
0.029760 120.000000 254.222198 -0.372037 -0.435551 0.000000
0.004303 115.555603 246.222198 -0.155096 -0.280363 0.000000
0.022123 112.000000 238.222198 -0.124108 -0.280363 0.000000
0.006849 108.444397 231.111099 -0.124108 -0.249326 0.000000
0.024669 103.111099 220.444397 -0.186088 -0.373476 0.000000
0.050126 97.777779 216.000000 -0.186088 -0.156213 0.000000
0.050126 92.444443 214.222198 -0.186089 -0.063104 0.000000
0.052672 88.888893 213.333298 -0.124106 -0.032066 2.000000
0.019577 88.888893 213.333298 -0.000142 -0.001029 2.000000
0.047580 92.444443 203.555603 0.123822 -0.342435 2.000000
0.052672 96.888893 192.888901 0.154814 -0.373476 2.000000
0.006849 99.555557 186.666702 0.092831 -0.218288 2.000000
0.017032 103.111099 181.333298 0.123822 -0.187254 2.000000
0.042489 110.222198 171.555603 0.247786 -0.342435 2.000000
0.039943 118.222198 164.444397 0.278778 -0.249329 2.000000
0.042489 132.444397 159.111099 0.495715 -0.187250 2.000000
0.029760 138.666702 159.111099 0.216799 -0.001029 0.000000
0.017032 145.777802 159.111099 0.247786 -0.001029 0.000000
0.024669 164.444397 164.444397 0.650669 0.185193 0.000000
0.042489 185.777802 174.222198 0.743647 0.340381 0.000000
0.050126 220.444397 192.000000 1.208509 0.619716 0.000000
0.047580 240.888901 207.111099 0.712655 0.526603 0.000000
0.045035 256.888885 223.111099 0.557697 0.557641 0.000000
0.047580 269.333313 241.777802 0.433733 0.650753 0.000000
0.045035 280.000000 257.777802 0.371752 0.557641 0.000000
0.004303 282.666687 264.000000 0.092832 0.216231 1.000000
0.022123 285.333313 272.888885 0.092830 0.309343 2.000000
0.047580 280.000000 279.111115 -0.186088 0.216232 2.000000
0.004303 272.888885 281.777802 -0.248071 0.092084 2.000000
0.017032 263.111115 284.444489 -0.341044 0.092084 2.000000
0.006849 251.555603 285.333313 -0.403025 0.030006 2.000000
0.017032 238.222198 286.222198 -0.465011 0.030009 2.000000
0.004303 223.111099 287.111115 -0.526991 0.030010 2.000000
0.001757 208.000000 287.111115 -0.526991 -0.001029 2.000000
0.014486 192.000000 287.111115 -0.557982 -0.001029 2.000000
0.001757 176.888901 288.000000 -0.526991 0.030009 2.000000
0.017032 162.666702 288.888885 -0.495999 0.030009 2.000000
0.004303 149.333298 289.777802 -0.465011 0.030010 2.000000
0.017032 135.111099 291.555511 -0.495999 0.061043 2.000000
0.009394 122.666702 294.222198 -0.434016 0.092084 2.000000
0.022123 101.333298 300.444489 -0.743931 0.216234 3.000000
0.006849 101.333298 300.444489 -0.000142 -0.001029 3.000000
0.024669 87.111107 308.444489 -0.495999 0.278306 0.000000
0.045035 79.111107 315.555511 -0.279062 0.247266 0.000000
0.047580 75.555557 320.888885 -0.124106 0.185196 0.000000
0.050126 82.666656 323.555511 0.247786 0.092082 0.000000
0.047580 96.888893 319.111115 0.495716 -0.156213 0.000000
0.045035 117.333298 306.666687 0.712652 -0.435548 0.000000
0.017032 129.777802 299.555511 0.433735 -0.249328 0.000000
0.045035 171.555603 277.333313 1.456441 -0.776957 0.000000
0.009394 186.666702 271.111115 0.526706 -0.218288 0.000000
0.006849 186.666702 271.111115 -0.000142 -0.001029 1.000000
0.017032 220.444397 264.000000 1.177517 -0.249326 1.000000
0.022123 237.333298 262.222198 0.588689 -0.063104 2.000000
0.006849 254.222198 261.333313 0.588689 -0.032066 2.000000
0.017032 269.333313 261.333313 0.526707 -0.001029 2.000000
0.004303 281.777802 262.222198 0.433735 0.030009 2.000000
0.006849 294.222198 264.888885 0.433732 0.092084 2.000000
0.017032 304.888885 267.555511 0.371752 0.092082 2.000000
0.004303 314.666687 271.111115 0.340761 0.123122 2.000000
0.017032 323.555511 274.666687 0.309767 0.123121 2.000000
0.006849 331.555511 278.222198 0.278778 0.123119 2.000000
0.017032 338.666687 281.777802 0.247789 0.123122 2.000000
0.006849 345.777802 286.222198 0.247787 0.154156 2.000000
0.019577 357.333313 293.333313 0.402741 0.247269 2.000000
0.006849 357.333313 293.333313 -0.000142 -0.001029 2.000000
0.014486 368.000000 301.333313 0.371752 0.278306 2.000000
0.009394 372.444489 304.888885 0.154815 0.123121 0.000000
0.014486 376.888885 307.555511 0.154812 0.092082 0.000000
0.006849 379.555511 310.222198 0.092830 0.092084 0.000000
0.001757 379.555511 310.222198 -0.000142 -0.001029 0.000000
0.014486 383.111115 312.000000 0.123824 0.061047 0.000000
0.039943 383.111115 312.000000 -0.000142 -0.001029 0.000000
0.042489 374.222198 311.111115 -0.310054 -0.032066 0.000000
0.042489 353.777802 307.555511 -0.712936 -0.125179 0.000000
0.039943 331.555511 303.111115 -0.774922 -0.156213 0.000000
0.006849 322.666687 301.333313 -0.310051 -0.063104 0.000000
0.017032 314.666687 296.888885 -0.279062 -0.156214 0.000000
0.006849 308.444489 292.444489 -0.217079 -0.156213 0.000000
0.019577 303.111115 285.333313 -0.186090 -0.249328 0.000000
0.004303 298.666687 278.222198 -0.155097 -0.249326 0.000000
0.019577 294.222198 272.000000 -0.155099 -0.218288 1.000000
0.004303 290.666687 266.666687 -0.124105 -0.187251 1.000000
0.006849 287.111115 264.888885 -0.124107 -0.063104 1.000000
0.017032 280.000000 264.888885 -0.248071 -0.001029 2.000000
0.009394 280.000000 264.888885 -0.000142 -0.001029 2.000000
0.019577 277.333313 277.333313 -0.093116 0.433491 2.000000
0.022123 277.333313 287.111115 -0.000142 0.340381 2.000000
0.011940 278.222198 299.555511 0.030849 0.433490 2.000000
0.022123 284.444489 324.444489 0.216798 0.868015 2.000000
0.052672 290.666687 346.666687 0.216795 0.774900 2.000000
0.045035 296.888885 365.333313 0.216795 0.650751 2.000000
0.045035 301.333313 376.888885 0.154813 0.402455 2.000000
0.050126 304.000000 383.111115 0.092832 0.216232 3.000000
0.047580 304.000000 383.111115 -0.000142 -0.001029 0.000000
0.045035 309.333313 372.444489 0.185804 -0.373473 0.000000
0.042489 328.000000 330.666687 0.650672 -1.459777 0.000000
0.037397 344.000000 286.222198 0.557698 -1.552889 0.000000
0.039943 359.111115 241.777802 0.526707 -1.552886 0.000000
0.045035 369.777802 208.888901 0.371752 -1.149405 0.000000
0.042489 379.555511 185.777802 0.340758 -0.807995 0.000000
0.001757 384.888885 177.777802 0.185806 -0.280363 0.000000
0.019577 390.222198 169.777802 0.185804 -0.280363 1.000000
0.057763 406.222198 155.555603 0.557698 -0.497623 1.000000
0.001757 406.222198 155.555603 -0.000142 -0.001029 2.000000
0.019577 418.666687 151.111099 0.433735 -0.156217 2.000000
0.037397 427.555511 151.111099 0.309767 -0.001029 2.000000
0.060309 432.000000 161.777802 0.154815 0.371419 2.000000
0.001757 432.000000 173.333298 -0.000142 0.402453 2.000000
0.017032 432.000000 186.666702 -0.000142 0.464532 2.000000
0.039943 425.777802 232.000000 -0.217079 1.581866 2.000000
0.055218 422.222198 257.777802 -0.124108 0.899050 2.000000
0.047580 418.666687 272.000000 -0.124105 0.495565 2.000000
0.006849 416.000000 275.555511 -0.093116 0.123119 0.000000
0.017032 412.444489 276.444489 -0.124105 0.030012 0.000000
0.006849 406.222198 276.444489 -0.217082 -0.001029 0.000000
0.027215 387.555511 266.666687 -0.650956 -0.342438 0.000000
0.006849 375.111115 257.777802 -0.434016 -0.311400 0.000000
0.027215 361.777802 246.222198 -0.465008 -0.404514 0.000000
0.022123 333.333313 218.666702 -0.991859 -0.963179 0.000000
0.009394 319.111115 201.777802 -0.495999 -0.590735 0.000000
0.017032 305.777802 184.000000 -0.465008 -0.621773 0.000000
0.004303 292.444489 165.333298 -0.465008 -0.652811 0.000000
0.024669 278.222198 149.333298 -0.496002 -0.559698 0.000000
0.006849 263.111115 136.000000 -0.526990 -0.466585 0.000000
0.022123 232.888901 121.777802 -1.053840 -0.497623 0.000000
0.052672 206.222198 120.000000 -0.929877 -0.063104 0.000000
0.055218 186.666702 127.111099 -0.681944 0.247268 2.000000
0.017032 184.888901 130.666702 -0.062125 0.123122 2.000000
0.047580 189.333298 142.222198 0.154812 0.402453 2.000000
0.050126 216.000000 172.444397 0.929592 1.054235 2.000000
0.047580 239.111099 194.666702 0.805626 0.774904 2.000000
0.047580 264.000000 216.888901 0.867609 0.774900 2.000000
0.039943 288.888885 242.666702 0.867609 0.899050 2.000000
0.039943 321.777802 284.444489 1.146530 1.457719 2.000000
0.039943 338.666687 304.888885 0.588689 0.712825 3.000000
0.032306 344.000000 312.000000 0.185804 0.247269 0.000000
0.019577 352.888885 321.777802 0.309769 0.340381 0.000000
0.037397 355.555511 325.333313 0.092830 0.123119 0.000000
0.034852 361.777802 327.111115 0.216798 0.061047 0.000000
0.037397 368.888885 324.444489 0.247786 -0.094139 0.000000
0.042489 384.000000 304.000000 0.526707 -0.714885 0.000000
0.062855 397.333313 274.666687 0.464724 -1.025255 0.000000
0.039943 410.666687 238.222198 0.464726 -1.273554 0.000000
0.037397 425.777802 190.222198 0.526707 -1.677036 1.000000
0.027215 429.333313 178.666702 0.123821 -0.404510 2.000000
0.017032 432.000000 167.111099 0.092832 -0.404514 2.000000
0.037397 435.555511 147.555603 0.123821 -0.683844 2.000000
0.039943 436.444489 132.444397 0.030852 -0.528664 2.000000
0.006849 435.555511 127.111099 -0.031136 -0.187250 2.000000
0.019577 432.000000 123.555603 -0.124105 -0.125175 2.000000
0.001757 426.666687 121.777802 -0.186088 -0.063104 2.000000
0.014486 419.555511 121.777802 -0.248073 -0.001029 2.000000
0.004303 411.555511 122.666702 -0.279062 0.030009 2.000000
0.001757 400.888885 126.222198 -0.372034 0.123118 2.000000
0.017032 387.555511 131.555603 -0.465010 0.185197 2.000000
0.004303 374.222198 136.888901 -0.465008 0.185193 2.000000
0.014486 358.222198 141.333298 -0.557982 0.154156 2.000000
0.004303 343.111115 146.666702 -0.526990 0.185197 2.000000
0.019577 328.888885 150.222198 -0.496000 0.123118 2.000000
0.014486 316.444489 153.777802 -0.434016 0.123122 0.000000
0.024669 296.888885 158.222198 -0.681948 0.154156 0.000000
0.006849 289.777802 159.111099 -0.248070 0.030009 0.000000
0.022123 282.666687 159.111099 -0.248071 -0.001029 0.000000
0.050126 265.777802 156.444397 -0.588973 -0.094141 0.000000
0.050126 255.111099 149.333298 -0.372037 -0.249326 0.000000
0.022123 249.777802 145.777802 -0.186088 -0.125175 0.000000
0.045035 242.666702 136.888901 -0.248071 -0.311401 0.000000
0.050126 246.222198 120.000000 0.123820 -0.590735 0.000000
0.047580 256.888885 108.444397 0.371752 -0.404514 1.000000
0.050126 282.666687 94.222221 0.898601 -0.497622 2.000000
0.045035 302.222198 85.333344 0.681661 -0.311400 2.000000
0.037397 324.444489 75.555557 0.774638 -0.342438 2.000000
0.037397 347.555511 65.777779 0.805624 -0.342438 2.000000
0.039943 369.777802 58.666672 0.774638 -0.249326 2.000000
0.024669 378.666687 56.000000 0.309769 -0.094140 2.000000
0.022123 391.111115 52.444439 0.433733 -0.125177 2.000000
0.042489 395.555511 51.555561 0.154812 -0.032065 3.000000
0.047580 393.777802 49.777779 -0.062122 -0.063103 0.000000
0.045035 368.888885 42.666672 -0.867894 -0.249326 0.000000
0.045035 345.777802 37.333328 -0.805910 -0.187252 0.000000
0.047580 323.555511 34.666672 -0.774922 -0.094140 0.000000
0.004303 311.111115 34.666672 -0.434016 -0.001029 0.000000
0.019577 298.666687 34.666672 -0.434017 -0.001029 0.000000
0.042489 271.111115 34.666672 -0.960867 -0.001029 0.000000
0.042489 243.555603 38.222221 -0.960865 0.123120 0.000000
0.006849 230.222198 41.777779 -0.465011 0.123120 0.000000
0.019577 212.444397 52.444439 -0.619965 0.371417 0.000000
0.006849 208.000000 58.666672 -0.155096 0.216232 2.000000
0.017032 205.333298 66.666656 -0.093117 0.278306 2.000000
0.009394 205.333298 76.444443 -0.000142 0.340381 2.000000
0.014486 208.888901 86.222221 0.123824 0.340380 2.000000
0.004303 208.888901 86.222221 -0.000142 -0.001029 2.000000
0.017032 220.444397 111.111099 0.402740 0.868012 2.000000
0.004303 228.444397 124.444397 0.278778 0.464528 2.000000
0.004303 228.444397 124.444397 -0.000142 -0.001029 2.000000
0.022123 243.555603 152.000000 0.526710 0.961126 2.000000
0.024669 258.666687 178.666702 0.526706 0.930088 2.000000
0.006849 258.666687 178.666702 -0.000142 -0.001029 2.000000
0.019577 268.444489 201.777802 0.340761 0.805938 2.000000
0.011940 268.444489 201.777802 -0.000142 -0.001029 2.000000
0.022123 271.111115 223.111099 0.092830 0.743862 2.000000
0.009394 271.111115 232.888901 -0.000142 0.340381 0.000000
0.022123 267.555511 242.666702 -0.124108 0.340381 0.000000
0.052672 256.000000 264.888885 -0.403025 0.774899 0.000000
0.019577 251.555603 271.111115 -0.155096 0.216232 0.000000
0.050126 236.444397 289.777802 -0.526994 0.650753 0.000000
0.047580 223.111099 303.111115 -0.465008 0.464528 0.000000
0.045035 205.333298 316.444489 -0.619965 0.464531 0.000000
0.004303 194.666702 323.555511 -0.372033 0.247266 0.000000
0.017032 183.111099 329.777802 -0.403028 0.216234 0.000000
0.006849 171.555603 335.111115 -0.403025 0.185194 0.000000
0.017032 160.000000 340.444489 -0.403028 0.185196 0.000000
0.006849 149.333298 343.111115 -0.372037 0.092082 0.000000
0.004303 138.666702 345.777802 -0.372033 0.092084 0.000000
0.017032 128.888901 346.666687 -0.341045 0.030009 1.000000
0.004303 118.222198 348.444489 -0.372037 0.061047 1.000000
0.017032 109.333298 349.333313 -0.310054 0.030006 2.000000
0.006849 100.444397 351.111115 -0.310054 0.061047 2.000000
0.014486 85.333344 351.111115 -0.526989 -0.001029 2.000000
0.004303 85.333344 351.111115 -0.000142 -0.001029 2.000000
0.017032 80.000000 351.111115 -0.186089 -0.001029 2.000000
0.004303 77.333344 349.333313 -0.093115 -0.063104 2.000000
0.017032 76.444443 340.444489 -0.031134 -0.311398 2.000000
0.004303 76.444443 340.444489 -0.000142 -0.001029 2.000000
0.006849 80.888893 333.333313 0.154814 -0.249328 2.000000
0.011940 87.111107 324.444489 0.216795 -0.311398 2.000000
0.004303 95.111107 314.666687 0.278778 -0.342438 2.000000
0.017032 105.777802 304.888885 0.371752 -0.342438 2.000000
0.006849 118.222198 294.222198 0.433732 -0.373475 2.000000
0.014486 144.888901 273.777802 0.929592 -0.714882 2.000000
0.004303 144.888901 273.777802 -0.000142 -0.001029 2.000000
0.014486 157.333298 264.000000 0.433732 -0.342438 3.000000
0.065400 185.777802 242.666702 0.991575 -0.745920 0.000000
0.042489 196.444397 234.666702 0.371749 -0.280363 0.000000
0.037397 205.333298 231.111099 0.309769 -0.125179 0.000000
0.006849 209.777802 230.222198 0.154815 -0.032066 0.000000
0.017032 215.111099 230.222198 0.185803 -0.001029 0.000000
0.004303 221.333298 230.222198 0.216795 -0.001029 0.000000
0.017032 233.777802 231.111099 0.433735 0.030009 0.000000
0.006849 233.777802 231.111099 -0.000142 -0.001029 0.000000
0.017032 244.444397 235.555603 0.371749 0.154159 0.000000
0.006849 246.222198 238.222198 0.061841 0.092080 0.000000
0.006849 246.222198 238.222198 -0.000142 -0.001029 0.000000
0.014486 246.222198 247.111099 -0.000142 0.309344 0.000000
0.004303 246.222198 247.111099 -0.000142 -0.001029 0.000000
0.017032 237.333298 261.333313 -0.310054 0.495566 1.000000
0.006849 237.333298 261.333313 -0.000142 -0.001029 1.000000
0.017032 226.666702 277.333313 -0.372033 0.557641 1.000000
0.006849 221.333298 283.555511 -0.186091 0.216231 2.000000
0.017032 217.777802 289.777802 -0.124105 0.216234 2.000000
0.042489 212.444397 300.444489 -0.186091 0.371418 2.000000
0.039943 208.000000 310.222198 -0.155096 0.340378 2.000000
0.057763 199.111099 323.555511 -0.310054 0.464528 2.000000
0.037397 191.111099 330.666687 -0.279062 0.247271 2.000000
0.037397 184.000000 332.444489 -0.248071 0.061047 2.000000
0.062855 178.666702 320.000000 -0.186088 -0.435551 0.000000
0.039943 178.666702 299.555511 -0.000142 -0.714885 0.000000
0.037397 177.777802 270.222198 -0.031134 -1.025255 0.000000
0.039943 175.111099 232.000000 -0.093117 -1.335626 0.000000
0.062855 168.000000 192.888901 -0.248071 -1.366664 0.000000
0.006849 163.555603 175.111099 -0.155096 -0.621773 0.000000
0.017032 154.666702 147.555603 -0.310054 -0.963179 0.000000
0.034852 151.111099 137.777802 -0.124108 -0.342438 0.000000
0.037397 147.555603 128.888901 -0.124105 -0.311401 0.000000
0.027215 147.555603 127.111099 -0.000142 -0.063104 1.000000
0.014486 149.333298 128.000000 0.061837 0.030009 1.000000
0.039943 162.666702 141.333298 0.464727 0.464528 2.000000
0.039943 183.111099 169.777802 0.712652 0.992163 2.000000
0.052672 218.666702 225.777802 1.239504 1.954314 2.000000
0.037397 243.555603 262.222198 0.867609 1.271494 2.000000
0.024669 255.111099 278.222198 0.402740 0.557641 2.000000
0.017032 264.888885 289.777802 0.340760 0.402456 2.000000
0.042489 289.777802 309.333313 0.867610 0.681788 2.000000
0.042489 303.111115 311.111115 0.464724 0.061047 2.000000
0.039943 316.444489 304.888885 0.464726 -0.218289 3.000000
0.039943 331.555511 288.888885 0.526704 -0.559698 0.000000
0.055218 347.555511 261.333313 0.557698 -0.963182 0.000000
0.037397 362.666687 221.333298 0.526709 -1.397702 0.000000
0.001757 369.777802 198.222198 0.247787 -0.807995 0.000000
0.001757 376.888885 176.000000 0.247786 -0.776957 0.000000
0.019577 383.111115 157.333298 0.216796 -0.652811 0.000000
0.032306 392.000000 134.222198 0.309769 -0.807995 0.000000
0.039943 395.555511 128.000000 0.123821 -0.218288 0.000000
0.060309 397.333313 128.888901 0.061841 0.030009 0.000000
0.039943 399.111115 147.555603 0.061841 0.650753 1.000000
0.034852 399.111115 188.444397 -0.000142 1.426678 1.000000
0.006849 397.333313 214.222198 -0.062125 0.899050 2.000000
0.047580 395.555511 264.888885 -0.062125 1.768091 2.000000
0.019577 395.555511 287.111115 -0.000142 0.774901 2.000000
0.042489 400.000000 322.666687 0.154815 1.240459 2.000000
0.062855 406.222198 349.333313 0.216795 0.930085 2.000000
0.039943 408.888885 352.888885 0.092832 0.123121 2.000000
0.037397 415.111115 348.444489 0.216796 -0.156213 2.000000
0.006849 420.444489 340.444489 0.185806 -0.280363 3.000000
0.019577 426.666687 328.888885 0.216795 -0.404514 3.000000
0.006849 434.666687 312.888885 0.278778 -0.559698 0.000000
0.017032 442.666687 295.111115 0.278778 -0.621772 0.000000
0.006849 450.666687 276.444489 0.278778 -0.652808 0.000000
0.014486 458.666687 258.666687 0.278778 -0.621773 0.000000
0.060309 473.777802 217.777802 0.526707 -1.428739 0.000000
0.039943 480.000000 196.444397 0.216795 -0.745923 0.000000
0.045035 486.222198 163.555603 0.216795 -1.149401 0.000000
0.050126 489.777802 143.111099 0.123824 -0.714886 0.000000
0.039943 492.444489 128.000000 0.092832 -0.528660 0.000000
0.037397 490.666687 118.222198 -0.062125 -0.342438 0.000000
0.001757 490.666687 118.222198 -0.000142 -0.001029 0.000000
0.004303 480.000000 111.111099 -0.372036 -0.249326 1.000000
0.019577 472.000000 108.444397 -0.279062 -0.094141 1.000000
0.004303 462.222198 107.555603 -0.341045 -0.032062 2.000000
0.019577 452.444489 106.666702 -0.341042 -0.032066 2.000000
0.004303 442.666687 106.666702 -0.341045 -0.001029 2.000000
0.019577 433.777802 106.666702 -0.310053 -0.001029 2.000000
0.037397 417.777802 110.222198 -0.557982 0.123118 2.000000
0.050126 404.444489 123.555603 -0.465008 0.464532 2.000000
0.042489 383.111115 164.444397 -0.743930 1.426678 2.000000
0.037397 375.111115 182.222198 -0.279062 0.619716 2.000000
0.047580 348.444489 236.444397 -0.929874 1.892238 2.000000
0.001757 340.444489 253.333298 -0.279062 0.588678 3.000000
0.022123 334.222198 269.333313 -0.217082 0.557641 3.000000
0.006849 329.777802 283.555511 -0.155096 0.495565 0.000000
0.019577 326.222198 294.222198 -0.124108 0.371418 0.000000
0.045035 320.888885 309.333313 -0.186088 0.526604 0.000000
0.045035 311.111115 325.333313 -0.341044 0.557641 0.000000
0.047580 303.111115 334.222198 -0.279062 0.309343 0.000000
0.042489 299.555511 338.666687 -0.124108 0.154159 0.000000
0.039943 299.555511 338.666687 -0.000142 -0.001029 0.000000
0.065400 311.111115 334.222198 0.402744 -0.156216 0.000000
0.042489 321.777802 328.000000 0.371752 -0.218288 1.000000
0.006849 327.111115 325.333313 0.185804 -0.094141 1.000000
0.014486 331.555511 321.777802 0.154812 -0.125176 1.000000
0.006849 336.000000 319.111115 0.154815 -0.094141 2.000000
0.019577 339.555511 316.444489 0.123821 -0.094139 2.000000
0.039943 344.888885 310.222198 0.185806 -0.218291 2.000000
0.042489 353.777802 291.555511 0.309770 -0.652810 2.000000
0.052672 362.666687 270.222198 0.309769 -0.745920 2.000000
0.052672 380.444489 231.111099 0.619681 -1.366664 2.000000
0.057763 390.222198 206.222198 0.340758 -0.870070 2.000000
0.024669 398.222198 184.000000 0.278778 -0.776957 2.000000
0.014486 403.555511 173.333298 0.185804 -0.373476 0.000000
0.027215 408.888885 163.555603 0.185806 -0.342435 0.000000
0.034852 421.333313 147.555603 0.433733 -0.559698 0.000000
0.052672 433.777802 136.888901 0.433735 -0.373476 0.000000
0.032306 437.333313 136.000000 0.123821 -0.032066 0.000000
0.057763 437.333313 146.666702 -0.000142 0.371419 0.000000
0.022123 437.333313 172.444397 -0.000142 0.899047 0.000000
0.009394 436.444489 189.333298 -0.031131 0.588678 0.000000
0.014486 435.555511 206.222198 -0.031136 0.588678 0.000000
0.004303 435.555511 206.222198 -0.000142 -0.001029 0.000000
0.001757 435.555511 222.222198 -0.000142 0.557641 0.000000
0.017032 435.555511 252.444397 -0.000142 1.054235 0.000000
0.001757 435.555511 252.444397 -0.000142 -0.001029 0.000000
0.022123 440.000000 278.222198 0.154815 0.899050 1.000000
0.014486 441.777802 288.000000 0.061841 0.340381 2.000000
0.004303 444.444489 296.000000 0.092832 0.278306 2.000000
0.011940 446.222198 301.333313 0.061838 0.185194 2.000000
0.011940 448.888885 305.777802 0.092832 0.154159 2.000000
-0.000788 448.888885 305.777802 -0.000142 -0.001029 2.000000
0.004303 450.666687 309.333313 0.061841 0.123119 2.000000
0.011940 451.555511 311.111115 0.030847 0.061047 2.000000
0.034852 452.444489 312.000000 0.030852 0.030009 2.000000
0.047580 448.888885 304.888885 -0.124108 -0.249326 2.000000
0.052672 437.333313 286.222198 -0.403027 -0.652810 2.000000
0.034852 417.777802 259.555511 -0.681945 -0.932145 2.000000
0.055218 377.777802 226.666702 -1.394742 -1.149401 3.000000
0.032306 362.666687 218.666702 -0.526991 -0.280363 3.000000
0.055218 312.000000 205.333298 -1.766636 -0.466589 0.000000
0.004303 296.888885 202.666702 -0.526991 -0.094138 0.000000
0.014486 284.444489 201.777802 -0.434016 -0.032066 0.000000
0.001757 284.444489 201.777802 -0.000142 -0.001029 0.000000
0.001757 273.777802 201.777802 -0.372036 -0.001029 0.000000
0.014486 264.888885 201.777802 -0.310054 -0.001029 0.000000
0.004303 257.777802 202.666702 -0.248070 0.030009 0.000000
0.014486 252.444397 204.444397 -0.186091 0.061043 0.000000
-0.000788 247.111099 208.000000 -0.186088 0.123122 0.000000
0.014486 241.777802 210.666702 -0.186088 0.092084 0.000000
0.001757 235.555603 215.111099 -0.217079 0.154156 0.000000
0.001757 235.555603 215.111099 -0.000142 -0.001029 0.000000
0.014486 222.222198 224.000000 -0.465011 0.309344 3.000000
0.006849 214.222198 228.444397 -0.279062 0.154156 3.000000
-0.003334 214.222198 228.444397 -0.000142 -0.001029 3.000000
0.017032 206.222198 232.888901 -0.279062 0.154159 2.000000
0.011940 198.222198 236.444397 -0.279062 0.123118 2.000000
0.014486 186.666702 240.888901 -0.403025 0.154159 2.000000
0.009394 186.666702 240.888901 -0.000142 -0.001029 2.000000
0.017032 176.000000 243.555603 -0.372037 0.092084 2.000000
0.004303 176.000000 243.555603 -0.000142 -0.001029 2.000000
0.017032 165.333298 246.222198 -0.372037 0.092080 2.000000
0.006849 159.111099 248.888901 -0.217079 0.092084 2.000000
0.017032 152.888901 250.666702 -0.217079 0.061047 2.000000
0.050126 140.444397 255.111099 -0.434020 0.154156 2.000000
0.042489 128.888901 258.666687 -0.403025 0.123121 2.000000
0.004303 125.333298 258.666687 -0.124108 -0.001029 0.000000
0.017032 123.555603 258.666687 -0.062121 -0.001029 0.000000
0.052672 125.333298 255.111099 0.061837 -0.125178 0.000000
0.042489 138.666702 247.111099 0.464727 -0.280363 0.000000
0.037397 160.888901 237.333298 0.774635 -0.342438 0.000000
0.001757 173.333298 232.000000 0.433732 -0.187250 0.000000
0.037397 200.888901 224.000000 0.960584 -0.280363 0.000000
0.032306 227.555603 222.222198 0.929592 -0.063104 0.000000
0.052672 246.222198 232.000000 0.650669 0.340381 0.000000
0.042489 252.444397 252.444397 0.216795 0.712825 2.000000
0.039943 248.888901 282.666687 -0.124105 1.054238 2.000000
0.055218 227.555603 331.555511 -0.743928 1.706014 2.000000
0.001757 227.555603 331.555511 -0.000142 -0.001029 2.000000
0.029760 214.222198 359.111115 -0.465011 0.961126 2.000000
0.032306 208.888901 377.777802 -0.186088 0.650753 2.000000
0.047580 208.000000 385.777802 -0.031134 0.278306 2.000000
0.055218 212.444397 384.888885 0.154812 -0.032067 3.000000
0.032306 219.555603 372.444489 0.247790 -0.435547 0.000000
0.050126 228.444397 348.444489 0.309766 -0.839032 0.000000
0.050126 236.444397 310.222198 0.278778 -1.335630 0.000000
0.050126 241.777802 231.111099 0.185807 -2.763337 0.000000
0.034852 233.777802 186.666702 -0.279062 -1.552886 0.000000
0.047580 216.000000 160.000000 -0.619965 -0.932145 0.000000
0.032306 193.777802 145.777802 -0.774919 -0.497623 0.000000
0.052672 171.555603 142.222198 -0.774919 -0.125179 0.000000
0.032306 145.777802 150.222198 -0.898885 0.278306 1.000000
-0.000788 132.444397 159.111099 -0.465011 0.309344 1.000000
0.032306 104.888901 185.777802 -0.960864 0.930088 2.000000
0.004303 104.888901 185.777802 -0.000142 -0.001029 2.000000
-0.005880 90.666656 203.555603 -0.496001 0.619716 2.000000
0.006849 90.666656 203.555603 -0.000142 -0.001029 2.000000
-0.003334 77.333344 223.111099 -0.465008 0.681787 2.000000
0.045035 52.444439 263.111115 -0.867894 1.395645 2.000000
0.045035 36.444439 294.222198 -0.557982 1.085272 2.000000
0.037397 40.888889 320.000000 0.154814 0.899050 2.000000
0.050126 64.000000 321.777802 0.805627 0.061047 2.000000
0.032306 96.888893 306.666687 1.146529 -0.528661 3.000000
-0.000788 96.888893 306.666687 -0.000142 -0.001029 3.000000
0.029760 139.555603 279.111115 1.487433 -0.963182 0.000000
0.050126 184.888901 249.777802 1.580403 -1.025255 0.000000
0.052672 248.888901 219.555603 2.231218 -1.056292 0.000000
0.029760 265.777802 213.333298 0.588689 -0.218292 0.000000
0.009394 280.000000 208.888901 0.495715 -0.156213 0.000000
0.034852 298.666687 199.111099 0.650672 -0.342438 0.000000
0.045035 302.222198 176.000000 0.123821 -0.807995 0.000000
0.052672 286.222198 151.111099 -0.557982 -0.870070 0.000000
0.039943 261.333313 122.666702 -0.867893 -0.994217 2.000000
0.045035 229.333298 96.888893 -1.115823 -0.901108 2.000000
0.039943 171.555603 72.000000 -2.014561 -0.870070 2.000000
0.042489 131.555603 68.444443 -1.394742 -0.125177 2.000000
0.042489 96.000000 73.777779 -1.239788 0.185195 2.000000
0.060309 71.111107 90.666656 -0.867893 0.588677 2.000000
0.032306 56.000000 123.555603 -0.526991 1.147349 3.000000
0.052672 49.777779 202.666702 -0.217080 2.761280 3.000000
0.001757 53.333328 232.000000 0.123822 1.023197 0.000000
0.014486 59.555561 260.444489 0.216796 0.992163 0.000000
0.052672 76.444443 314.666687 0.588689 1.892238 0.000000
0.004303 84.444443 339.555511 0.278778 0.868010 0.000000
0.014486 89.777779 361.777802 0.185805 0.774903 0.000000
0.052672 97.777779 409.777802 0.278778 1.674979 0.000000
0.032306 99.555557 416.888885 0.061840 0.247268 0.000000
0.055218 114.666702 416.000000 0.526708 -0.032066 0.000000
0.037397 136.888901 390.222198 0.774635 -0.901108 1.000000
0.055218 166.222198 346.666687 1.022563 -1.521849 2.000000
0.050126 216.000000 267.555511 1.735361 -2.763340 2.000000
0.001757 230.222198 244.444397 0.495715 -0.807995 2.000000
0.011940 241.777802 225.777802 0.402744 -0.652807 2.000000
0.037397 256.888885 200.000000 0.526706 -0.901108 2.000000
0.037397 263.111115 185.777802 0.216796 -0.497623 2.000000
0.001757 263.111115 185.777802 -0.000142 -0.001029 2.000000
0.004303 263.111115 179.555603 -0.000142 -0.218288 2.000000
0.014486 260.444489 173.333298 -0.093114 -0.218292 2.000000
-0.000788 253.333298 166.222198 -0.248074 -0.249326 2.000000
0.014486 242.666702 159.111099 -0.372033 -0.249326 2.000000
0.001757 228.444397 151.111099 -0.496003 -0.280363 2.000000
0.001757 228.444397 151.111099 -0.000142 -0.001029 2.000000
0.014486 195.555603 136.888901 -1.146810 -0.497623 3.000000
-0.000788 195.555603 136.888901 -0.000142 -0.001029 3.000000
0.017032 159.111099 127.111099 -1.270780 -0.342438 0.000000
0.004303 159.111099 127.111099 -0.000142 -0.001029 0.000000
0.001757 141.333298 123.555603 -0.619965 -0.125175 0.000000
0.024669 126.222198 120.888901 -0.526991 -0.094141 0.000000
0.004303 114.666702 117.333298 -0.403025 -0.125179 0.000000
0.017032 104.888901 114.666702 -0.341045 -0.094138 0.000000
0.004303 98.666656 111.111099 -0.217081 -0.125179 0.000000
0.019577 89.777779 104.888901 -0.310053 -0.218288 0.000000
0.006849 89.777779 104.888901 -0.000142 -0.001029 0.000000
0.024669 82.666656 98.666656 -0.248071 -0.218290 0.000000
0.006849 79.111107 96.000000 -0.124106 -0.094140 0.000000
0.019577 75.555557 93.333344 -0.124106 -0.094140 0.000000
0.004303 72.000000 92.444443 -0.124107 -0.032066 0.000000
0.019577 69.333344 91.555557 -0.093115 -0.032066 0.000000
0.006849 65.777779 92.444443 -0.124107 0.030009 2.000000
0.017032 65.777779 92.444443 -0.000142 -0.001029 2.000000
0.004303 64.888893 94.222221 -0.031133 0.061046 2.000000
0.024669 66.666656 101.333298 0.061840 0.247268 2.000000
0.004303 70.222221 104.888901 0.123823 0.123122 2.000000
0.019577 76.444443 107.555603 0.216796 0.092084 2.000000
0.006849 82.666656 110.222198 0.216795 0.092080 2.000000
0.019577 90.666656 112.888901 0.278778 0.092084 2.000000
0.060309 116.444397 123.555603 0.898599 0.371419 2.000000
0.032306 134.222198 136.888901 0.619681 0.464528 2.000000
0.037397 152.888901 156.444397 0.650672 0.681787 3.000000
0.037397 170.666702 176.000000 0.619681 0.681791 0.000000
0.001757 170.666702 176.000000 -0.000142 -0.001029 0.000000
0.037397 183.111099 189.333298 0.433732 0.464528 0.000000
0.039943 188.444397 194.666702 0.185803 0.185197 0.000000
0.001757 189.333298 194.666702 0.030849 -0.001029 0.000000
0.032306 189.333298 194.666702 -0.000142 -0.001029 0.000000
0.034852 191.111099 193.777802 0.061841 -0.032066 0.000000
0.062855 198.222198 189.333298 0.247786 -0.156217 0.000000
0.037397 209.777802 182.222198 0.402744 -0.249326 0.000000
0.052672 231.111099 175.111099 0.743643 -0.249326 0.000000
0.004303 238.222198 174.222198 0.247786 -0.032066 2.000000
0.011940 244.444397 174.222198 0.216795 -0.001029 2.000000
0.045035 255.111099 176.000000 0.371752 0.061047 2.000000
-0.000788 259.555511 178.666702 0.154812 0.092084 2.000000
0.011940 263.111115 183.111099 0.123824 0.154156 2.000000
0.001757 263.111115 183.111099 -0.000142 -0.001029 2.000000
-0.000788 266.666687 187.555603 0.123823 0.154159 2.000000
0.011940 269.333313 192.000000 0.092830 0.154156 2.000000
0.001757 272.000000 197.333298 0.092832 0.185193 2.000000
-0.000788 272.000000 197.333298 -0.000142 -0.001029 2.000000
0.011940 272.888885 208.000000 0.030849 0.371419 2.000000
-0.003334 272.888885 208.000000 -0.000142 -0.001029 2.000000
-0.000788 271.111115 215.111099 -0.062124 0.247268 2.000000
0.011940 267.555511 222.222198 -0.124108 0.247268 2.000000
-0.003334 267.555511 222.222198 -0.000142 -0.001029 2.000000
0.001757 263.111115 232.000000 -0.155096 0.340381 3.000000
0.011940 257.777802 242.666702 -0.186088 0.371419 3.000000
-0.000788 252.444397 254.222198 -0.186091 0.402453 3.000000
0.014486 247.111099 265.777802 -0.186088 0.402456 0.000000
0.001757 247.111099 265.777802 -0.000142 -0.001029 0.000000
-0.000788 242.666702 277.333313 -0.155096 0.402453 0.000000
0.014486 240.000000 288.000000 -0.093117 0.371418 0.000000
-0.000788 239.111099 296.888885 -0.031134 0.309343 0.000000
0.029760 238.222198 312.000000 -0.031134 0.526604 0.000000
0.047580 240.000000 320.000000 0.061841 0.278306 0.000000
0.045035 240.000000 321.777802 -0.000142 0.061047 0.000000
0.047580 239.111099 322.666687 -0.031134 0.030009 0.000000
0.052672 224.888901 311.111115 -0.495999 -0.404512 0.000000
0.032306 208.888901 291.555511 -0.557982 -0.683848 1.000000
0.050126 185.777802 263.111115 -0.805911 -0.994217 2.000000
0.032306 154.666702 233.777802 -1.084831 -1.025255 2.000000
-0.000788 154.666702 233.777802 -0.000142 -0.001029 2.000000
0.034852 124.444397 214.222198 -1.053843 -0.683848 2.000000
0.052672 99.555557 202.666702 -0.867892 -0.404510 2.000000
0.047580 96.000000 200.000000 -0.124107 -0.094141 2.000000
0.052672 97.777779 198.222198 0.061840 -0.063104 2.000000
0.032306 101.333298 197.333298 0.123821 -0.032066 2.000000
0.006849 106.666702 196.444397 0.185807 -0.032066 3.000000
0.019577 119.111099 194.666702 0.433732 -0.063100 3.000000
0.004303 126.222198 194.666702 0.247786 -0.001029 0.000000
0.034852 134.222198 194.666702 0.278778 -0.001029 0.000000
0.034852 149.333298 193.777802 0.526706 -0.032066 0.000000
0.034852 160.888901 192.000000 0.402744 -0.063104 0.000000
0.062855 174.222198 189.333298 0.464723 -0.094141 0.000000
0.037397 181.333298 189.333298 0.247786 -0.001029 0.000000
0.042489 187.555603 191.111099 0.216799 0.061047 0.000000
0.042489 193.777802 194.666702 0.216795 0.123122 1.000000
0.037397 197.333298 196.444397 0.123820 0.061043 2.000000
0.004303 198.222198 196.444397 0.030849 -0.001029 2.000000
0.039943 198.222198 196.444397 -0.000142 -0.001029 2.000000
0.039943 192.000000 196.444397 -0.217079 -0.001029 2.000000
0.045035 179.555603 193.777802 -0.434016 -0.094138 2.000000
0.042489 164.444397 186.666702 -0.526994 -0.249326 2.000000
0.045035 139.555603 170.666702 -0.867890 -0.559698 2.000000
0.006849 130.666702 164.444397 -0.310054 -0.218292 3.000000
0.019577 121.777802 157.333298 -0.310054 -0.249326 3.000000
0.047580 105.777802 143.111099 -0.557982 -0.497623 3.000000
0.006849 100.444397 136.000000 -0.186091 -0.249326 0.000000
0.014486 95.111107 129.777802 -0.186087 -0.218288 0.000000
0.057763 87.111107 112.000000 -0.279062 -0.621773 0.000000
0.039943 83.555557 104.888901 -0.124106 -0.249326 0.000000
0.057763 78.222221 102.222198 -0.186089 -0.094141 0.000000
0.024669 72.000000 106.666702 -0.217080 0.154159 0.000000
0.042489 64.000000 127.111099 -0.279062 0.712825 0.000000
0.017032 61.333328 161.777802 -0.093116 1.209423 1.000000
0.027215 61.333328 183.111099 -0.000142 0.743862 1.000000
0.022123 61.333328 205.333298 -0.000142 0.774900 2.000000
0.019577 63.111111 251.555603 0.061840 1.612908 2.000000
0.022123 63.111111 272.888885 -0.000142 0.743862 2.000000
0.022123 63.111111 311.111115 -0.000142 1.333570 2.000000
0.009394 63.111111 327.111115 -0.000142 0.557641 2.000000
0.022123 63.111111 342.222198 -0.000142 0.526603 2.000000
0.011940 63.111111 353.777802 -0.000142 0.402456 2.000000
0.019577 65.777779 370.666687 0.092831 0.588678 2.000000
0.009394 65.777779 370.666687 -0.000142 -0.001029 2.000000
0.019577 73.777779 376.000000 0.278778 0.185194 3.000000
0.065400 93.333344 368.888885 0.681663 -0.249326 0.000000
0.042489 114.666702 354.666687 0.743645 -0.497623 0.000000
0.050126 138.666702 340.444489 0.836618 -0.497623 0.000000
0.019577 163.555603 328.888885 0.867609 -0.404514 0.000000
0.004303 163.555603 328.888885 -0.000142 -0.001029 0.000000
0.045035 187.555603 321.777802 0.836618 -0.249325 0.000000
0.019577 212.444397 315.555511 0.867606 -0.218291 0.000000
0.006849 223.111099 312.888885 0.371752 -0.094139 0.000000
0.042489 240.888901 307.555511 0.619681 -0.187253 0.000000
0.042489 251.555603 304.888885 0.371752 -0.094139 0.000000
0.024669 258.666687 303.111115 0.247786 -0.063103 1.000000
0.014486 262.222198 302.222198 0.123821 -0.032067 2.000000
0.022123 264.888885 302.222198 0.092832 -0.001029 2.000000
0.050126 273.777802 300.444489 0.309770 -0.063101 2.000000
0.050126 292.444489 295.111115 0.650672 -0.187253 2.000000
0.042489 304.888885 292.444489 0.433732 -0.094139 2.000000
0.019577 310.222198 291.555511 0.185804 -0.032069 2.000000
0.009394 315.555511 291.555511 0.185804 -0.001029 2.000000
0.017032 320.888885 291.555511 0.185806 -0.001029 2.000000
0.004303 330.666687 293.333313 0.340761 0.061047 3.000000
0.004303 330.666687 293.333313 -0.000142 -0.001029 3.000000
0.014486 336.000000 295.111115 0.185804 0.061047 0.000000
0.006849 341.333313 296.888885 0.185804 0.061046 0.000000
0.011940 347.555511 297.777802 0.216795 0.030010 0.000000
-0.000788 354.666687 299.555511 0.247789 0.061043 0.000000
0.001757 361.777802 300.444489 0.247787 0.030012 0.000000
0.009394 368.888885 301.333313 0.247786 0.030006 0.000000
0.004303 368.888885 301.333313 -0.000142 -0.001029 0.000000
0.014486 384.000000 301.333313 0.526707 -0.001029 0.000000
0.001757 384.000000 301.333313 -0.000142 -0.001029 0.000000
0.004303 389.333313 301.333313 0.185804 -0.001029 0.000000
0.014486 393.777802 298.666687 0.154815 -0.094139 0.000000
0.001757 397.333313 296.000000 0.123821 -0.094141 0.000000
0.037397 400.000000 282.666687 0.092832 -0.466585 0.000000
0.037397 397.333313 260.444489 -0.093116 -0.776957 0.000000
0.039943 389.333313 229.333298 -0.279062 -1.087332 0.000000
0.009394 385.777802 213.333298 -0.124105 -0.559698 1.000000
0.019577 381.333313 196.444397 -0.155099 -0.590735 2.000000
0.042489 373.333313 166.222198 -0.279062 -1.056292 2.000000
0.057763 352.000000 135.111099 -0.743928 -1.087329 2.000000
0.037397 334.222198 124.444397 -0.619965 -0.373476 2.000000
0.039943 320.888885 120.000000 -0.465008 -0.156213 2.000000
0.042489 313.777802 118.222198 -0.248070 -0.063104 2.000000
0.062855 312.888885 117.333298 -0.031134 -0.032066 2.000000
0.017032 312.888885 117.333298 -0.000142 -0.001029 3.000000
0.001757 312.888885 117.333298 -0.000142 -0.001029 0.000000
0.037397 313.777802 116.444397 0.030850 -0.032066 0.000000
0.004303 314.666687 116.444397 0.030849 -0.001029 0.000000
0.037397 316.444489 115.555603 0.061841 -0.032062 0.000000
0.014486 318.222198 113.777802 0.061838 -0.063104 0.000000
0.004303 319.111115 112.888901 0.030850 -0.032066 0.000000
0.042489 322.666687 109.333298 0.123823 -0.125179 0.000000
0.057763 325.333313 104.000000 0.092830 -0.187250 0.000000
0.039943 329.777802 98.666656 0.154815 -0.187252 0.000000
0.039943 335.111115 93.333344 0.185804 -0.187251 0.000000
0.039943 342.222198 88.000000 0.247786 -0.187252 0.000000
0.042489 343.111115 87.111107 0.030850 -0.032066 1.000000
0.042489 338.666687 91.555557 -0.155097 0.154158 2.000000
0.001757 338.666687 91.555557 -0.000142 -0.001029 2.000000
0.037397 310.222198 120.000000 -0.991859 0.992161 2.000000
0.039943 297.777802 132.444397 -0.434016 0.433490 2.000000
0.039943 255.111099 167.111099 -1.487717 1.209423 2.000000
0.004303 255.111099 167.111099 -0.000142 -0.001029 2.000000
0.034852 224.888901 184.888901 -1.053839 0.619716 2.000000
0.037397 200.888901 197.333298 -0.836902 0.433490 2.000000
0.039943 185.777802 202.666702 -0.526991 0.185197 2.000000
0.006849 183.111099 204.444397 -0.093117 0.061043 3.000000
0.019577 183.111099 204.444397 -0.000142 -0.001029 0.000000
0.045035 196.444397 204.444397 0.464723 -0.001029 0.000000
0.057763 225.777802 201.777802 1.022567 -0.094138 0.000000
0.037397 267.555511 195.555603 1.456438 -0.218288 0.000000
0.037397 316.444489 186.666702 1.704372 -0.311401 0.000000
0.039943 363.555511 176.000000 1.642384 -0.373476 0.000000
0.006849 381.333313 170.666702 0.619681 -0.187250 0.000000
0.039943 403.555511 158.222198 0.774635 -0.435551 0.000000
0.042489 410.666687 144.000000 0.247789 -0.497623 0.000000
0.017032 401.777802 128.000000 -0.310053 -0.559698 1.000000
0.004303 390.222198 120.888901 -0.403028 -0.249326 1.000000
0.019577 376.000000 114.666702 -0.495999 -0.218288 2.000000
0.004303 376.000000 114.666702 -0.000142 -0.001029 2.000000
0.039943 315.555511 103.111099 -2.107539 -0.404514 2.000000
0.042489 270.222198 98.666656 -1.580688 -0.156214 2.000000
0.006849 270.222198 98.666656 -0.000142 -0.001029 2.000000
0.011940 226.666702 96.000000 -1.518705 -0.094140 2.000000
0.014486 206.222198 95.111107 -0.712940 -0.032066 2.000000
0.047580 170.666702 95.111107 -1.239784 -0.001029 2.000000
0.019577 144.000000 95.111107 -0.929877 -0.001029 2.000000
0.027215 133.333298 96.888893 -0.372037 0.061046 3.000000
0.011940 125.333298 98.666656 -0.279062 0.061045 0.000000
0.057763 109.333298 104.888901 -0.557982 0.216232 0.000000
0.017032 106.666702 107.555603 -0.093113 0.092084 0.000000
0.027215 102.222198 112.888901 -0.155100 0.185193 0.000000
0.009394 99.555557 116.444397 -0.093115 0.123118 0.000000
0.057763 92.444443 122.666702 -0.248071 0.216235 0.000000
0.034852 82.666656 128.000000 -0.341045 0.185193 0.000000
0.037397 73.777779 131.555603 -0.310053 0.123122 0.000000
0.062855 64.888893 134.222198 -0.310053 0.092080 1.000000
0.029760 62.222221 136.000000 -0.093116 0.061047 1.000000
0.027215 60.444439 137.777802 -0.062125 0.061047 2.000000
0.009394 57.777779 139.555603 -0.093115 0.061047 2.000000
0.057763 45.333328 149.333298 -0.434018 0.340378 2.000000
0.045035 34.666672 156.444397 -0.372035 0.247268 2.000000
0.022123 28.444441 160.888901 -0.217080 0.154159 2.000000
0.045035 26.666670 165.333298 -0.062124 0.154156 2.000000
0.039943 26.666670 172.444397 -0.000142 0.247268 2.000000
0.011940 26.666670 178.666702 -0.000142 0.216235 2.000000
0.022123 26.666670 185.777802 -0.000142 0.247268 2.000000
0.019577 24.888889 203.555603 -0.062124 0.619716 2.000000
0.009394 24.000000 213.333298 -0.031133 0.340378 0.000000
0.047580 23.111111 232.000000 -0.031133 0.650753 0.000000
0.050126 23.111111 248.000000 -0.000142 0.557641 0.000000
0.055218 29.333330 269.333313 0.216796 0.743863 0.000000
0.022123 30.222219 274.666687 0.030849 0.185196 0.000000
0.006849 32.000000 279.111115 0.061840 0.154157 0.000000
0.024669 36.444439 284.444489 0.154813 0.185196 0.000000
0.022123 40.888889 284.444489 0.154814 -0.001029 0.000000
0.006849 46.222221 283.555511 0.185804 -0.032069 0.000000
0.019577 52.444439 279.111115 0.216795 -0.156213 0.000000
0.006849 60.444439 273.777802 0.278778 -0.187251 0.000000
0.019577 80.000000 256.000000 0.681662 -0.621773 1.000000
0.009394 90.666656 245.333298 0.371751 -0.373476 1.000000
0.052672 115.555603 227.555603 0.867611 -0.621769 2.000000
0.027215 138.666702 216.888901 0.805626 -0.373476 2.000000
0.024669 149.333298 215.111099 0.371749 -0.063104 2.000000
0.006849 159.111099 215.111099 0.340761 -0.001029 2.000000
0.019577 169.777802 220.444397 0.371752 0.185193 2.000000
0.004303 169.777802 220.444397 -0.000142 -0.001029 2.000000
0.029760 173.333298 235.555603 0.123820 0.526607 2.000000
0.009394 172.444397 246.222198 -0.031134 0.371415 2.000000
0.022123 168.888901 257.777802 -0.124105 0.402456 2.000000
0.006849 165.333298 270.222198 -0.124108 0.433490 2.000000
0.022123 159.111099 296.000000 -0.217079 0.899050 2.000000
0.009394 156.444397 309.333313 -0.093117 0.464528 3.000000
0.022123 153.777802 321.777802 -0.093113 0.433493 3.000000
0.022123 152.888901 344.000000 -0.031134 0.774900 0.000000
0.009394 152.888901 344.000000 -0.000142 -0.001029 0.000000
0.055218 154.666702 363.555511 0.061841 0.681788 0.000000
0.027215 160.000000 365.333313 0.185803 0.061047 0.000000
0.057763 168.000000 361.777802 0.278778 -0.125176 0.000000
0.047580 179.555603 342.222198 0.402744 -0.683848 0.000000
0.042489 181.333298 320.000000 0.061837 -0.776957 0.000000
0.045035 176.888901 289.777802 -0.155096 -1.056292 0.000000
0.042489 167.111099 258.666687 -0.341045 -1.087330 1.000000
0.042489 155.555603 235.555603 -0.403025 -0.807994 2.000000
0.042489 142.222198 219.555603 -0.465011 -0.559698 2.000000
0.017032 129.777802 205.333298 -0.434016 -0.497626 2.000000
0.004303 129.777802 205.333298 -0.000142 -0.001029 2.000000
0.062855 120.000000 192.000000 -0.341045 -0.466585 2.000000
0.037397 119.111099 188.444397 -0.031134 -0.125179 2.000000
0.052672 131.555603 189.333298 0.433735 0.030009 2.000000
0.045035 149.333298 202.666702 0.619677 0.464532 2.000000
0.052672 172.444397 224.888901 0.805626 0.774900 3.000000
0.022123 200.888901 249.777802 0.991575 0.868013 0.000000
0.039943 232.000000 272.888885 1.084546 0.805937 0.000000
0.047580 259.555511 289.777802 0.960581 0.588679 0.000000
0.045035 280.888885 298.666687 0.743646 0.309343 0.000000
0.045035 301.333313 299.555511 0.712653 0.030006 0.000000
