0.042489 256.888885 196.444397 -0.310054 0.123118 3.000000
0.045035 250.666702 199.111099 -0.217079 0.092084 3.000000
0.047580 248.000000 200.000000 -0.093117 0.030009 3.000000
0.047580 246.222198 201.777802 -0.062125 0.061047 3.000000
0.042489 244.444397 201.777802 -0.062125 -0.001029 3.000000
0.045035 240.888901 201.777802 -0.124105 -0.001029 3.000000
0.045035 236.444397 202.666702 -0.155100 0.030009 3.000000
0.050126 226.666702 204.444397 -0.341041 0.061043 3.000000
0.050126 220.444397 207.111099 -0.217083 0.092084 3.000000
0.042489 213.333298 209.777802 -0.248071 0.092084 3.000000
0.047580 200.000000 216.888901 -0.465008 0.247268 3.000000
0.029760 195.555603 220.444397 -0.155096 0.123118 3.000000
0.045035 186.666702 228.444397 -0.310054 0.278306 3.000000
0.050126 176.000000 238.222198 -0.372037 0.340381 3.000000
0.039943 174.222198 240.000000 -0.062125 0.061047 3.000000
0.045035 176.000000 240.000000 0.061841 -0.001029 3.000000
0.047580 184.888901 235.555603 0.309769 -0.156213 3.000000
0.047580 204.444397 220.444397 0.681660 -0.528664 3.000000
0.050126 216.888901 207.111099 0.433735 -0.466585 3.000000
0.037397 225.777802 192.000000 0.309769 -0.528660 3.000000
0.055218 231.111099 169.777802 0.185803 -0.776957 3.000000
0.032306 231.111099 163.555603 -0.000142 -0.218288 3.000000
0.052672 222.222198 151.111099 -0.310054 -0.435551 3.000000
0.052672 214.222198 145.777802 -0.279062 -0.187250 3.000000
0.042489 203.555603 144.888901 -0.372033 -0.032066 3.000000
0.057763 195.555603 153.777802 -0.279062 0.309344 3.000000
0.017032 192.888901 158.222198 -0.093117 0.154156 3.000000
0.078129 191.111099 176.000000 -0.062125 0.619716 3.000000
0.014486 191.111099 182.222198 -0.000142 0.216231 3.000000
0.055218 199.111099 195.555603 0.278778 0.464532 3.000000
0.042489 207.111099 199.111099 0.278778 0.123118 3.000000
0.047580 215.111099 200.000000 0.278778 0.030009 3.000000
0.050126 222.222198 197.333298 0.247786 -0.094141 3.000000
0.042489 229.333298 189.333298 0.247786 -0.280363 3.000000
0.045035 232.888901 182.222198 0.123824 -0.249326 3.000000
0.045035 234.666702 173.333298 0.061841 -0.311401 3.000000
0.045035 235.555603 166.222198 0.030849 -0.249326 3.000000
0.047580 235.555603 161.777802 -0.000142 -0.156213 3.000000
0.045035 233.777802 159.111099 -0.062125 -0.094141 3.000000
0.032306 229.333298 158.222198 -0.155100 -0.032066 3.000000
0.045035 223.111099 158.222198 -0.217079 -0.001029 3.000000
0.047580 216.000000 160.888901 -0.248071 0.092084 3.000000
0.047580 209.777802 162.666702 -0.217079 0.061047 3.000000
0.042489 203.555603 164.444397 -0.217079 0.061043 3.000000
0.045035 200.888901 165.333298 -0.093117 0.030009 3.000000
0.042489 199.111099 167.111099 -0.062125 0.061047 3.000000
0.045035 197.333298 168.888901 -0.062125 0.061047 3.000000
0.050126 193.777802 171.555603 -0.124105 0.092084 3.000000
0.045035 193.777802 171.555603 -0.000142 -0.001029 3.000000
0.034852 193.777802 171.555603 -0.000142 -0.001029 3.000000
0.047580 193.777802 171.555603 -0.000142 -0.001029 3.000000
0.055218 193.777802 171.555603 -0.000142 -0.001029 3.000000
0.047580 192.888901 171.555603 -0.031134 -0.001029 3.000000
0.029760 191.111099 171.555603 -0.062125 -0.001029 3.000000
0.070492 189.333298 171.555603 -0.062125 -0.001029 3.000000
0.029760 188.444397 171.555603 -0.031134 -0.001029 3.000000
0.050126 185.777802 166.222198 -0.093113 -0.187254 3.000000
0.039943 183.111099 161.777802 -0.093117 -0.156213 3.000000
0.039943 179.555603 157.333298 -0.124105 -0.156217 3.000000
0.042489 176.888901 154.666702 -0.093117 -0.094138 3.000000
0.045035 176.000000 152.888901 -0.031134 -0.063104 3.000000
0.073038 167.111099 150.222198 -0.310054 -0.094141 3.000000
0.027215 162.666702 150.222198 -0.155096 -0.001029 3.000000
0.039943 150.222198 150.222198 -0.434020 -0.001029 3.000000
0.037397 138.666702 147.555603 -0.403025 -0.094138 3.000000
0.075583 125.333298 142.222198 -0.465011 -0.187254 3.000000
0.024669 119.111099 136.888901 -0.217079 -0.187250 3.000000
0.034852 113.777802 130.666702 -0.186088 -0.218288 3.000000
0.057763 106.666702 123.555603 -0.248071 -0.249326 3.000000
0.062855 90.666656 112.888901 -0.557984 -0.373476 3.000000
0.004303 85.333344 110.222198 -0.186088 -0.094141 3.000000
0.001757 80.000000 109.333298 -0.186089 -0.032066 3.000000
0.042489 72.000000 109.333298 -0.279062 -0.001029 3.000000
0.073038 68.444443 118.222198 -0.124107 0.309344 3.000000
0.001757 69.333344 123.555603 0.030849 0.185197 0.000000
0.006849 69.333344 123.555603 -0.000142 -0.001029 0.000000
0.017032 78.222221 137.777802 0.309769 0.495565 0.000000
0.004303 83.555557 145.777802 0.185805 0.278306 0.000000
0.039943 96.000000 160.000000 0.433733 0.495565 1.000000
0.037397 108.444397 172.444397 0.433732 0.433490 1.000000
0.014486 116.444397 177.777802 0.278778 0.185197 2.000000
0.001757 116.444397 177.777802 -0.000142 -0.001029 2.000000
0.006849 131.555603 186.666702 0.526710 0.309344 2.000000
0.014486 139.555603 190.222198 0.278778 0.123118 2.000000
0.001757 139.555603 190.222198 -0.000142 -0.001029 2.000000
0.019577 152.000000 193.777802 0.433732 0.123122 2.000000
0.006849 152.000000 193.777802 -0.000142 -0.001029 2.000000
0.022123 161.777802 193.777802 0.340761 -0.001029 2.000000
0.006849 166.222198 192.000000 0.154812 -0.063104 2.000000
0.014486 171.555603 189.333298 0.185807 -0.094141 2.000000
0.001757 176.888901 186.666702 0.185803 -0.094138 2.000000
0.017032 183.111099 183.111099 0.216795 -0.125179 2.000000
0.001757 189.333298 178.666702 0.216795 -0.156213 2.000000
0.009394 197.333298 174.222198 0.278778 -0.156217 0.000000
0.014486 205.333298 168.888901 0.278778 -0.187250 0.000000
0.004303 215.111099 162.666702 0.340761 -0.218288 0.000000
0.017032 224.888901 155.555603 0.340761 -0.249326 0.000000
0.006849 234.666702 146.666702 0.340761 -0.311401 0.000000
0.073038 265.777802 119.111099 1.084546 -0.963183 0.000000
0.024669 285.333313 102.222198 0.681661 -0.590735 0.000000
0.034852 296.888885 94.222221 0.402743 -0.280362 0.000000
0.067946 352.000000 67.555557 1.921307 -0.932144 2.000000
0.022123 366.222198 62.222221 0.495715 -0.187252 2.000000
0.052672 389.333313 52.444439 0.805627 -0.342438 2.000000
0.011940 399.111115 47.111111 0.340761 -0.187251 2.000000
0.001757 407.111115 41.777779 0.278778 -0.187252 2.000000
0.055218 422.222198 26.666670 0.526706 -0.528660 2.000000
0.067946 429.333313 16.000000 0.247787 -0.373475 1.000000
0.024669 431.111115 13.333330 0.061841 -0.094140 1.000000
0.009394 432.888885 11.555560 0.061840 -0.063103 0.000000
0.014486 433.777802 10.666670 0.030850 -0.032066 0.000000
0.042489 434.666687 8.888889 0.030849 -0.063103 0.000000
0.045035 434.666687 8.000000 -0.000142 -0.032066 0.000000
0.047580 434.666687 7.111111 -0.000142 -0.032066 0.000000
0.047580 434.666687 7.111111 -0.000142 -0.001029 0.000000
0.045035 435.555511 7.111111 0.030847 -0.001029 0.000000
0.057763 438.222198 8.888889 0.092832 0.061046 2.000000
0.019577 438.222198 8.888889 -0.000142 -0.001029 2.000000
0.075583 438.222198 16.000000 -0.000142 0.247269 3.000000
0.047580 436.444489 18.666670 -0.062122 0.092083 3.000000
0.011940 435.555511 20.444441 -0.031136 0.061046 3.000000
0.045035 433.777802 22.222219 -0.062122 0.061046 3.000000
0.047580 431.111115 24.888889 -0.093116 0.092083 3.000000
0.042489 429.333313 26.666670 -0.062125 0.061046 3.000000
0.078129 426.666687 29.333330 -0.093114 0.092083 3.000000
0.017032 425.777802 30.222219 -0.031133 0.030009 3.000000
0.047580 422.222198 35.555561 -0.124108 0.185195 3.000000
0.045035 419.555511 40.888889 -0.093116 0.185194 3.000000
0.050126 416.888885 45.333328 -0.093114 0.154157 3.000000
0.047580 415.111115 52.444439 -0.062124 0.247269 3.000000
0.052672 414.222198 58.666672 -0.031134 0.216232 3.000000
0.032306 412.444489 66.666656 -0.062122 0.278306 3.000000
0.042489 409.777802 74.666656 -0.093116 0.278306 3.000000
0.050126 408.000000 82.666656 -0.062125 0.278306 3.000000
0.060309 407.111115 93.333344 -0.031133 0.371418 3.000000
0.045035 407.111115 105.777802 -0.000142 0.433492 3.000000
0.042489 407.111115 115.555603 -0.000142 0.340381 3.000000
0.047580 407.111115 127.111099 -0.000142 0.402453 3.000000
0.047580 408.888885 139.555603 0.061840 0.433494 3.000000
0.039943 410.666687 151.111099 0.061841 0.402453 3.000000
0.032306 413.333313 158.222198 0.092830 0.247268 3.000000
0.057763 417.777802 164.444397 0.154815 0.216231 3.000000
0.047580 420.444489 169.777802 0.092832 0.185197 3.000000
0.045035 422.222198 177.777802 0.061838 0.278306 3.000000
0.042489 424.000000 185.777802 0.061841 0.278306 3.000000
0.045035 426.666687 194.666702 0.092832 0.309344 3.000000
0.029760 427.555511 196.444397 0.030847 0.061043 3.000000
0.042489 429.333313 197.333298 0.061841 0.030009 3.000000
0.050126 431.111115 197.333298 0.061841 -0.001029 3.000000
0.039943 431.111115 197.333298 -0.000142 -0.001029 3.000000
0.042489 431.111115 197.333298 -0.000142 -0.001029 3.000000
0.045035 431.111115 197.333298 -0.000142 -0.001029 3.000000
0.045035 432.000000 194.666702 0.030849 -0.094138 3.000000
0.050126 433.777802 185.777802 0.061841 -0.311401 3.000000
0.039943 433.777802 179.555603 -0.000142 -0.218288 3.000000
0.052672 432.888885 173.333298 -0.031134 -0.218292 3.000000
0.060309 427.555511 166.222198 -0.186090 -0.249326 3.000000
0.045035 424.000000 163.555603 -0.124105 -0.094138 3.000000
0.045035 420.444489 159.111099 -0.124105 -0.156217 3.000000
0.042489 416.888885 155.555603 -0.124108 -0.125175 3.000000
0.045035 411.555511 152.888901 -0.186090 -0.094141 3.000000
0.045035 403.555511 151.111099 -0.279062 -0.063104 3.000000
0.045035 394.666687 151.111099 -0.310051 -0.001029 3.000000
0.029760 386.666687 150.222198 -0.279062 -0.032066 3.000000
0.045035 380.444489 150.222198 -0.217079 -0.001029 3.000000
0.062855 372.444489 148.444397 -0.279062 -0.063104 3.000000
0.017032 369.777802 148.444397 -0.093116 -0.001029 3.000000
0.050126 360.000000 150.222198 -0.341045 0.061047 3.000000
0.042489 355.555511 152.000000 -0.155099 0.061047 3.000000
0.042489 354.666687 152.888901 -0.031131 0.030009 3.000000
0.070492 354.666687 152.888901 -0.000142 -0.001029 3.000000
0.045035 354.666687 152.888901 -0.000142 -0.001029 3.000000
0.047580 354.666687 152.888901 -0.000142 -0.001029 3.000000
0.022123 354.666687 152.888901 -0.000142 -0.001029 3.000000
0.067946 354.666687 152.888901 -0.000142 -0.001029 3.000000
0.039943 354.666687 152.888901 -0.000142 -0.001029 3.000000
0.024669 354.666687 152.888901 -0.000142 -0.001029 3.000000
0.067946 354.666687 152.888901 -0.000142 -0.001029 3.000000
0.022123 353.777802 152.888901 -0.031133 -0.001029 3.000000
0.070492 351.111115 152.888901 -0.093116 -0.001029 3.000000
0.039943 349.333313 152.888901 -0.062125 -0.001029 3.000000
0.024669 349.333313 152.888901 -0.000142 -0.001029 3.000000
0.065400 351.111115 151.111099 0.061841 -0.063104 3.000000
0.050126 352.888885 149.333298 0.061840 -0.063104 3.000000
0.022123 353.777802 149.333298 0.030850 -0.001029 3.000000
0.067946 351.111115 149.333298 -0.093116 -0.001029 3.000000
0.022123 348.444489 148.444397 -0.093114 -0.032066 3.000000
0.042489 344.000000 146.666702 -0.155099 -0.063100 3.000000
0.065400 335.111115 142.222198 -0.310053 -0.156217 3.000000
0.022123 332.444489 141.333298 -0.093114 -0.032066 3.000000
0.067946 319.111115 139.555603 -0.465010 -0.063100 3.000000
0.055218 315.555511 139.555603 -0.124108 -0.001029 3.000000
0.019577 315.555511 139.555603 -0.000142 -0.001029 3.000000
0.070492 316.444489 136.888901 0.030852 -0.094141 3.000000
0.052672 317.333313 133.333298 0.030847 -0.125179 3.000000
0.004303 316.444489 132.444397 -0.031131 -0.032066 3.000000
0.019577 314.666687 131.555603 -0.062125 -0.032062 3.000000
0.006849 311.111115 131.555603 -0.124107 -0.001029 3.000000
0.017032 307.555511 132.444397 -0.124108 0.030005 0.000000
0.004303 303.111115 134.222198 -0.155096 0.061047 0.000000
0.019577 298.666687 138.666702 -0.155097 0.154159 0.000000
0.004303 295.111115 144.888901 -0.124107 0.216231 0.000000
0.024669 289.777802 164.444397 -0.186088 0.681787 0.000000
0.004303 288.000000 176.888901 -0.062125 0.433494 0.000000
0.022123 286.222198 191.111099 -0.062125 0.495565 0.000000
0.004303 286.222198 204.444397 -0.000142 0.464528 0.000000
0.022123 285.333313 216.888901 -0.031133 0.433494 0.000000
0.004303 285.333313 227.555603 -0.000142 0.371419 0.000000
0.019577 285.333313 236.444397 -0.000142 0.309340 0.000000
0.004303 286.222198 242.666702 0.030849 0.216235 1.000000
0.019577 288.888885 248.000000 0.092832 0.185193 1.000000
0.039943 294.222198 242.666702 0.185804 -0.187250 2.000000
0.050126 305.777802 219.555603 0.402744 -0.807995 2.000000
0.045035 324.444489 181.333298 0.650672 -1.335630 2.000000
0.039943 345.777802 134.222198 0.743644 -1.645999 2.000000
0.022123 356.444489 109.333298 0.371752 -0.870070 2.000000
0.039943 378.666687 56.000000 0.774635 -1.863258 0.000000
0.014486 383.111115 45.333328 0.154813 -0.373475 0.000000
0.004303 383.111115 45.333328 -0.000142 -0.001029 0.000000
0.014486 384.888885 33.777779 0.061840 -0.404512 0.000000
0.027215 384.888885 31.111111 -0.000142 -0.094140 0.000000
0.067946 381.333313 28.444441 -0.124107 -0.094140 0.000000
0.022123 379.555511 32.000000 -0.062125 0.123120 0.000000
0.065400 383.111115 58.666672 0.123824 0.930087 0.000000
0.004303 385.777802 72.888893 0.092832 0.495566 1.000000
0.004303 385.777802 72.888893 -0.000142 -0.001029 1.000000
0.032306 390.222198 105.777802 0.154812 1.147348 2.000000
0.017032 392.000000 123.555603 0.061841 0.619716 2.000000
-0.000788 395.555511 141.333298 0.123821 0.619712 2.000000
-0.000788 395.555511 141.333298 -0.000142 -0.001029 2.000000
0.011940 403.555511 176.000000 0.278778 1.209423 2.000000
-0.000788 403.555511 176.000000 -0.000142 -0.001029 2.000000
0.014486 413.333313 205.333298 0.340761 1.023197 2.000000
-0.000788 413.333313 205.333298 -0.000142 -0.001029 2.000000
0.001757 416.888885 218.666702 0.123823 0.464532 2.000000
0.011940 418.666687 232.888901 0.061841 0.495565 2.000000
-0.000788 418.666687 232.888901 -0.000142 -0.001029 2.000000
0.001757 420.444489 246.222198 0.061841 0.464528 2.000000
0.017032 420.444489 259.555511 -0.000142 0.464528 1.000000
0.004303 420.444489 271.111115 -0.000142 0.402456 1.000000
0.011940 420.444489 280.888885 -0.000142 0.340380 1.000000
-0.000788 419.555511 288.888885 -0.031136 0.278306 1.000000
-0.000788 419.555511 288.888885 -0.000142 -0.001029 1.000000
0.014486 419.555511 300.444489 -0.000142 0.402456 0.000000
-0.000788 419.555511 300.444489 -0.000142 -0.001029 0.000000
0.001757 419.555511 304.888885 -0.000142 0.154156 0.000000
0.014486 419.555511 308.444489 -0.000142 0.123122 0.000000
0.032306 419.555511 312.000000 -0.000142 0.123119 0.000000
0.022123 421.333313 312.888885 0.061841 0.030009 0.000000
0.065400 424.888885 314.666687 0.123823 0.061047 0.000000
0.047580 425.777802 315.555511 0.030850 0.030006 0.000000
0.019577 425.777802 315.555511 -0.000142 -0.001029 0.000000
0.047580 425.777802 315.555511 -0.000142 -0.001029 0.000000
0.067946 425.777802 315.555511 -0.000142 -0.001029 0.000000
0.022123 425.777802 315.555511 -0.000142 -0.001029 3.000000
0.042489 425.777802 315.555511 -0.000142 -0.001029 3.000000
0.062855 425.777802 315.555511 -0.000142 -0.001029 3.000000
0.050126 425.777802 315.555511 -0.000142 -0.001029 3.000000
0.047580 425.777802 312.888885 -0.000142 -0.094139 3.000000
0.045035 424.000000 304.888885 -0.062125 -0.280363 3.000000
0.042489 423.111115 299.555511 -0.031133 -0.187253 3.000000
0.047580 422.222198 296.000000 -0.031134 -0.125176 3.000000
0.045035 419.555511 291.555511 -0.093116 -0.156216 3.000000
0.047580 416.000000 286.222198 -0.124105 -0.187251 3.000000
0.042489 405.333313 277.333313 -0.372036 -0.311400 3.000000
0.042489 398.222198 270.222198 -0.248071 -0.249326 3.000000
0.045035 392.000000 264.888885 -0.217079 -0.187251 3.000000
0.050126 387.555511 259.555511 -0.155099 -0.187253 3.000000
0.047580 376.888885 250.666702 -0.372034 -0.311398 3.000000
0.014486 371.555511 248.000000 -0.186090 -0.094141 3.000000
0.057763 353.777802 240.000000 -0.619962 -0.280363 3.000000
0.034852 346.666687 238.222198 -0.248071 -0.063104 3.000000
0.067946 328.000000 232.888901 -0.650956 -0.187250 3.000000
0.042489 316.444489 226.666702 -0.403025 -0.218288 3.000000
0.042489 310.222198 222.222198 -0.217082 -0.156217 3.000000
0.045035 303.111115 218.666702 -0.248070 -0.125175 3.000000
0.047580 289.777802 214.222198 -0.465008 -0.156217 3.000000
0.050126 280.888885 211.555603 -0.310054 -0.094138 3.000000
0.045035 274.666687 208.888901 -0.217079 -0.094141 3.000000
0.042489 269.333313 207.111099 -0.186090 -0.063104 3.000000
0.045035 267.555511 205.333298 -0.062125 -0.063104 3.000000
0.047580 267.555511 204.444397 -0.000142 -0.032066 3.000000
0.045035 266.666687 202.666702 -0.031131 -0.063100 3.000000
0.045035 263.111115 200.888901 -0.124107 -0.063104 3.000000
0.045035 257.777802 200.000000 -0.186088 -0.032066 3.000000
0.047580 248.000000 198.222198 -0.341045 -0.063104 3.000000
0.017032 246.222198 198.222198 -0.062125 -0.001029 3.000000
0.047580 242.666702 196.444397 -0.124105 -0.063104 3.000000
0.070492 240.888901 195.555603 -0.062125 -0.032062 3.000000
0.014486 240.888901 194.666702 -0.000142 -0.032066 3.000000
0.070492 240.000000 193.777802 -0.031134 -0.032066 3.000000
0.047580 236.444397 191.111099 -0.124108 -0.094141 3.000000
0.045035 232.000000 190.222198 -0.155096 -0.032066 3.000000
0.045035 229.333298 189.333298 -0.093117 -0.032066 3.000000
0.050126 223.111099 188.444397 -0.217079 -0.032066 3.000000
0.032306 221.333298 188.444397 -0.062125 -0.001029 3.000000
0.050126 211.555603 188.444397 -0.341041 -0.001029 3.000000
0.042489 204.444397 188.444397 -0.248074 -0.001029 3.000000
0.039943 197.333298 188.444397 -0.248071 -0.001029 3.000000
0.045035 193.777802 188.444397 -0.124105 -0.001029 3.000000
0.055218 192.000000 187.555603 -0.062125 -0.032062 3.000000
0.019577 191.111099 186.666702 -0.031134 -0.032066 3.000000
0.070492 191.111099 186.666702 -0.000142 -0.001029 3.000000
0.039943 191.111099 186.666702 -0.000142 -0.001029 3.000000
0.047580 191.111099 185.777802 -0.000142 -0.032066 3.000000
0.050126 190.222198 184.888901 -0.031134 -0.032066 3.000000
0.017032 190.222198 184.888901 -0.000142 -0.001029 3.000000
0.047580 190.222198 182.222198 -0.000142 -0.094141 3.000000
0.057763 190.222198 179.555603 -0.000142 -0.094138 3.000000
0.050126 191.111099 178.666702 0.030849 -0.032066 3.000000
0.052672 191.111099 177.777802 -0.000142 -0.032066 3.000000
0.017032 191.111099 177.777802 -0.000142 -0.001029 3.000000
0.045035 191.111099 177.777802 -0.000142 -0.001029 3.000000
0.057763 192.888901 175.111099 0.061841 -0.094141 3.000000
0.050126 193.777802 173.333298 0.030849 -0.063104 3.000000
0.052672 193.777802 173.333298 -0.000142 -0.001029 3.000000
0.032306 193.777802 173.333298 -0.000142 -0.001029 3.000000
0.050126 194.666702 173.333298 0.030849 -0.001029 3.000000
0.050126 194.666702 173.333298 -0.000142 -0.001029 3.000000
0.032306 194.666702 173.333298 -0.000142 -0.001029 3.000000
0.050126 194.666702 173.333298 -0.000142 -0.001029 3.000000
0.052672 194.666702 173.333298 -0.000142 -0.001029 3.000000
0.032306 194.666702 173.333298 -0.000142 -0.001029 3.000000
0.050126 194.666702 173.333298 -0.000142 -0.001029 3.000000
0.050126 194.666702 173.333298 -0.000142 -0.001029 3.000000
0.037397 192.888901 174.222198 -0.062125 0.030009 3.000000
0.055218 189.333298 176.888901 -0.124108 0.092084 3.000000
0.034852 187.555603 179.555603 -0.062121 0.092084 3.000000
0.052672 186.666702 184.000000 -0.031134 0.154156 3.000000
0.050126 186.666702 188.444397 -0.000142 0.154156 3.000000
0.011940 186.666702 191.111099 -0.000142 0.092084 3.000000
0.027215 186.666702 197.333298 -0.000142 0.216231 3.000000
0.006849 187.555603 200.000000 0.030849 0.092084 3.000000
0.067946 192.888901 208.000000 0.185803 0.278306 3.000000
0.052672 201.777802 211.555603 0.309769 0.123122 0.000000
0.057763 230.222198 212.444397 0.991572 0.030005 1.000000
0.006849 242.666702 212.444397 0.433735 -0.001029 1.000000
0.060309 281.777802 207.111099 1.363466 -0.187250 1.000000
0.045035 305.777802 205.333298 0.836618 -0.063104 2.000000
0.006849 316.444489 204.444397 0.371752 -0.032066 2.000000
0.006849 325.333313 203.555603 0.309767 -0.032062 2.000000
0.073038 344.888885 201.777802 0.681663 -0.063104 2.000000
0.034852 351.111115 200.888901 0.216796 -0.032066 2.000000
0.006849 352.000000 200.888901 0.030849 -0.001029 3.000000
0.022123 352.000000 200.888901 -0.000142 -0.001029 3.000000
0.042489 346.666687 200.888901 -0.186088 -0.001029 3.000000
0.045035 331.555511 201.777802 -0.526993 0.030009 3.000000
0.004303 321.777802 202.666702 -0.341042 0.030009 0.000000
0.022123 311.111115 204.444397 -0.372036 0.061043 0.000000
0.039943 278.222198 208.000000 -1.146814 0.123122 0.000000
0.019577 266.666687 208.888901 -0.403025 0.030009 0.000000
0.083221 212.444397 215.111099 -1.890602 0.216231 0.000000
0.004303 212.444397 215.111099 -0.000142 -0.001029 0.000000
0.019577 184.888901 218.666702 -0.960864 0.123122 2.000000
0.045035 163.555603 222.222198 -0.743928 0.123118 2.000000
0.039943 152.000000 225.777802 -0.403028 0.123122 2.000000
0.045035 150.222198 226.666702 -0.062125 0.030009 2.000000
0.045035 158.222198 224.888901 0.278778 -0.063104 2.000000
0.045035 190.222198 213.333298 1.115538 -0.404514 3.000000
0.045035 218.666702 205.333298 0.991575 -0.280363 0.000000
0.004303 218.666702 205.333298 -0.000142 -0.001029 0.000000
-0.000788 234.666702 203.555603 0.557698 -0.063100 0.000000
0.039943 264.888885 201.777802 1.053554 -0.063104 0.000000
0.073038 312.888885 205.333298 1.673378 0.123118 0.000000
0.032306 322.666687 206.222198 0.340761 0.030009 0.000000
0.045035 340.444489 207.111099 0.619681 0.030009 0.000000
0.014486 343.111115 207.111099 0.092830 -0.001029 1.000000
-0.000788 343.111115 207.111099 -0.000142 -0.001029 1.000000
0.011940 344.888885 207.111099 0.061840 -0.001029 2.000000
0.029760 344.888885 207.111099 -0.000142 -0.001029 2.000000
0.042489 344.888885 207.111099 -0.000142 -0.001029 2.000000
0.045035 344.888885 207.111099 -0.000142 -0.001029 2.000000
0.047580 344.888885 207.111099 -0.000142 -0.001029 2.000000
0.039943 344.888885 207.111099 -0.000142 -0.001029 2.000000
-0.005880 344.888885 207.111099 -0.000142 -0.001029 1.000000
0.032306 344.000000 207.111099 -0.031133 -0.001029 1.000000
0.042489 342.222198 206.222198 -0.062125 -0.032066 1.000000
-0.000788 341.333313 206.222198 -0.031133 -0.001029 0.000000
0.034852 336.888885 205.333298 -0.155097 -0.032066 0.000000
0.014486 335.111115 205.333298 -0.062124 -0.001029 3.000000
0.011940 332.444489 205.333298 -0.093114 -0.001029 3.000000
0.037397 327.111115 205.333298 -0.186090 -0.001029 3.000000
0.052672 320.000000 204.444397 -0.248071 -0.032066 3.000000
0.042489 310.222198 201.777802 -0.341045 -0.094138 3.000000
0.057763 294.222198 195.555603 -0.557982 -0.218288 3.000000
0.039943 285.333313 190.222198 -0.310053 -0.187254 3.000000
0.050126 272.888885 182.222198 -0.434017 -0.280363 3.000000
0.042489 262.222198 179.555603 -0.372036 -0.094138 3.000000
0.042489 248.888901 179.555603 -0.465008 -0.001029 3.000000
0.047580 236.444397 179.555603 -0.434020 -0.001029 3.000000
0.039943 224.888901 181.333298 -0.403025 0.061043 3.000000
0.042489 216.000000 182.222198 -0.310054 0.030009 3.000000
0.039943 208.000000 183.111099 -0.279062 0.030009 3.000000
0.057763 196.444397 183.111099 -0.403028 -0.001029 3.000000
0.045035 190.222198 183.111099 -0.217079 -0.001029 3.000000
0.042489 187.555603 183.111099 -0.093113 -0.001029 3.000000
0.039943 186.666702 183.111099 -0.031134 -0.001029 3.000000
0.042489 186.666702 183.111099 -0.000142 -0.001029 3.000000
0.045035 186.666702 183.111099 -0.000142 -0.001029 3.000000
0.039943 186.666702 183.111099 -0.000142 -0.001029 3.000000
0.055218 186.666702 183.111099 -0.000142 -0.001029 3.000000
0.050126 186.666702 183.111099 -0.000142 -0.001029 3.000000
0.029760 186.666702 182.222198 -0.000142 -0.032066 3.000000
0.050126 187.555603 175.111099 0.030849 -0.249326 3.000000
0.045035 188.444397 168.000000 0.030846 -0.249326 3.000000
0.039943 189.333298 158.222198 0.030849 -0.342438 3.000000
0.047580 190.222198 135.111099 0.030849 -0.807995 0.000000
0.045035 189.333298 113.777802 -0.031134 -0.745920 0.000000
0.047580 184.000000 91.555557 -0.186088 -0.776959 0.000000
0.017032 179.555603 80.000000 -0.155096 -0.404512 1.000000
0.011940 175.111099 68.444443 -0.155100 -0.404512 1.000000
-0.000788 168.888901 56.888889 -0.217079 -0.404512 2.000000
0.024669 162.666702 46.222221 -0.217079 -0.373475 2.000000
0.045035 133.333298 29.333330 -1.022851 -0.590735 2.000000
-0.003334 133.333298 29.333330 -0.000142 -0.001029 2.000000
0.029760 101.333298 36.444439 -1.115822 0.247269 2.000000
0.047580 70.222221 61.333328 -1.084830 0.868012 2.000000
0.047580 49.777779 97.777779 -0.712938 1.271496 2.000000
0.042489 52.444439 158.222198 0.092831 2.109499 2.000000
0.019577 64.888893 172.444397 0.433734 0.495565 0.000000
0.014486 80.888893 182.222198 0.557698 0.340381 0.000000
0.029760 121.777802 185.777802 1.425450 0.123122 0.000000
-0.000788 121.777802 185.777802 -0.000142 -0.001029 0.000000
0.032306 168.888901 174.222198 1.642386 -0.404514 0.000000
0.047580 208.000000 160.888901 1.363466 -0.466585 0.000000
0.047580 235.555603 156.444397 0.960584 -0.156217 0.000000
0.060309 239.111099 156.444397 0.123820 -0.001029 2.000000
0.039943 240.888901 152.000000 0.061841 -0.156213 2.000000
0.039943 248.000000 135.111099 0.247786 -0.590735 2.000000
0.037397 256.888885 105.777802 0.309769 -1.025254 2.000000
0.039943 261.333313 73.777779 0.154813 -1.118368 2.000000
0.060309 256.000000 46.222221 -0.186088 -0.963181 2.000000
0.045035 236.444397 31.111111 -0.681948 -0.528661 2.000000
0.006849 202.666702 28.444441 -1.177801 -0.094140 0.000000
0.019577 182.222198 33.777779 -0.712940 0.185195 0.000000
0.034852 137.777802 51.555561 -1.549696 0.619715 0.000000
0.039943 97.777779 74.666656 -1.394743 0.805937 0.000000
0.055218 72.000000 97.777779 -0.898884 0.805938 0.000000
0.004303 64.888893 109.333298 -0.248071 0.402453 0.000000
0.017032 60.444439 120.888901 -0.155098 0.402456 0.000000
0.052672 64.888893 158.222198 0.154814 1.302532 3.000000
0.037397 80.888893 177.777802 0.557698 0.681791 2.000000
0.052672 103.111099 188.444397 0.774635 0.371415 2.000000
0.037397 130.666702 187.555603 0.960584 -0.032062 2.000000
0.057763 177.777802 165.333298 1.642386 -0.776961 2.000000
0.032306 209.777802 141.333298 1.115538 -0.839032 2.000000
-0.000788 209.777802 141.333298 -0.000142 -0.001029 2.000000
0.032306 232.888901 118.222198 0.805626 -0.807995 2.000000
0.006849 240.000000 110.222198 0.247786 -0.280363 0.000000
0.014486 243.555603 104.888901 0.123824 -0.187250 0.000000
0.055218 243.555603 100.444397 -0.000142 -0.156217 0.000000
0.037397 238.222198 100.444397 -0.186091 -0.001029 0.000000
0.032306 219.555603 100.444397 -0.650953 -0.001029 0.000000
0.024669 193.777802 103.111099 -0.898885 0.092084 0.000000
0.014486 178.666702 104.000000 -0.526991 0.030009 0.000000
0.001757 162.666702 104.888901 -0.557982 0.030009 0.000000
0.017032 146.666702 105.777802 -0.557982 0.030009 2.000000
0.006849 129.777802 108.444397 -0.588974 0.092080 2.000000
0.017032 113.777802 112.000000 -0.557982 0.123122 2.000000
0.004303 97.777779 118.222198 -0.557983 0.216231 2.000000
0.004303 82.666656 126.222198 -0.526991 0.278306 2.000000
0.017032 67.555557 136.000000 -0.526991 0.340381 2.000000
0.001757 52.444439 146.666702 -0.526991 0.371419 2.000000
0.014486 40.000000 157.333298 -0.434018 0.371415 2.000000
0.004303 29.333330 168.000000 -0.372036 0.371419 2.000000
0.014486 21.333330 177.777802 -0.279062 0.340381 2.000000
0.004303 16.000000 186.666702 -0.186089 0.309344 2.000000
0.004303 16.000000 186.666702 -0.000142 -0.001029 2.000000
0.017032 11.555560 204.444397 -0.155098 0.619712 3.000000
0.004303 11.555560 204.444397 -0.000142 -0.001029 3.000000
0.019577 11.555560 221.333298 -0.000142 0.588678 0.000000
0.006849 13.333330 231.111099 0.061840 0.340381 0.000000
0.014486 14.222220 241.777802 0.030849 0.371419 0.000000
0.001757 14.222220 241.777802 -0.000142 -0.001029 0.000000
0.011940 17.777781 262.222198 0.123822 0.712825 0.000000
0.001757 17.777781 262.222198 -0.000142 -0.001029 0.000000
0.006849 19.555559 271.111115 0.061840 0.309344 0.000000
0.014486 21.333330 280.000000 0.061840 0.309343 0.000000
0.042489 27.555559 295.111115 0.216796 0.526604 0.000000
0.042489 34.666672 298.666687 0.247787 0.123121 2.000000
0.042489 44.444439 300.444489 0.340760 0.061047 2.000000
0.057763 55.111111 300.444489 0.371751 -0.001029 2.000000
0.039943 73.777779 296.888885 0.650671 -0.125179 2.000000
0.037397 88.000000 288.888885 0.495716 -0.280363 2.000000
0.009394 88.000000 288.888885 -0.000142 -0.001029 2.000000
0.017032 107.555603 277.333313 0.681664 -0.404512 2.000000
0.062855 142.222198 258.666687 1.208509 -0.652808 1.000000
0.006849 142.222198 258.666687 -0.000142 -0.001029 0.000000
0.014486 164.444397 248.888901 0.774635 -0.342438 0.000000
0.039943 185.777802 240.000000 0.743647 -0.311401 0.000000
0.037397 207.111099 230.222198 0.743643 -0.342438 0.000000
0.055218 224.888901 220.444397 0.619681 -0.342438 0.000000
0.029760 237.333298 216.000000 0.433732 -0.156213 0.000000
0.001757 241.777802 216.000000 0.154815 -0.001029 0.000000
0.029760 244.444397 216.000000 0.092829 -0.001029 0.000000
0.050126 246.222198 234.666702 0.061841 0.650753 0.000000
0.006849 246.222198 244.444397 -0.000142 0.340378 1.000000
0.014486 246.222198 254.222198 -0.000142 0.340381 1.000000
0.004303 246.222198 254.222198 -0.000142 -0.001029 2.000000
0.019577 251.555603 272.888885 0.185807 0.650753 2.000000
0.022123 256.000000 281.777802 0.154812 0.309344 2.000000
0.017032 260.444489 290.666687 0.154815 0.309343 2.000000
0.039943 270.222198 314.666687 0.340758 0.836975 2.000000
0.034852 271.111115 322.666687 0.030850 0.278306 2.000000
0.060309 270.222198 340.444489 -0.031134 0.619716 2.000000
0.006849 269.333313 343.111115 -0.031133 0.092082 3.000000
0.009394 269.333313 344.000000 -0.000142 0.030009 3.000000
0.039943 271.111115 339.555511 0.061841 -0.156216 0.000000
0.057763 285.333313 306.666687 0.495715 -1.149402 0.000000
0.034852 298.666687 268.444489 0.464726 -1.335626 0.000000
0.052672 313.777802 221.333298 0.526707 -1.646002 0.000000
0.001757 320.000000 199.111099 0.216795 -0.776957 0.000000
0.011940 325.333313 180.444397 0.185804 -0.652811 0.000000
0.050126 329.777802 158.222198 0.154815 -0.776957 0.000000
0.022123 328.000000 151.111099 -0.062125 -0.249326 1.000000
0.014486 322.666687 151.111099 -0.186088 -0.001029 1.000000
0.032306 305.777802 156.444397 -0.588973 0.185193 1.000000
0.001757 305.777802 156.444397 -0.000142 -0.001029 2.000000
0.034852 280.888885 172.444397 -0.867894 0.557641 2.000000
0.045035 248.000000 198.222198 -1.146813 0.899050 2.000000
0.032306 210.666702 233.777802 -1.301768 1.240460 2.000000
-0.000788 194.666702 253.333298 -0.557982 0.681787 2.000000
0.001757 182.222198 272.000000 -0.434020 0.650753 2.000000
0.009394 182.222198 272.000000 -0.000142 -0.001029 2.000000
0.050126 168.888901 312.888885 -0.465008 1.426681 2.000000
0.057763 174.222198 326.222198 0.185803 0.464528 2.000000
0.037397 198.222198 327.111115 0.836618 0.030010 0.000000
0.039943 222.222198 320.000000 0.836618 -0.249326 0.000000
0.001757 222.222198 320.000000 -0.000142 -0.001029 0.000000
0.019577 248.888901 314.666687 0.929592 -0.187251 0.000000
-0.000788 248.888901 314.666687 -0.000142 -0.001029 0.000000
0.006849 263.111115 313.777802 0.495715 -0.032066 0.000000
0.014486 277.333313 312.888885 0.495715 -0.032067 0.000000
0.004303 291.555511 312.000000 0.495715 -0.032066 0.000000
0.014486 306.666687 312.000000 0.526709 -0.001029 0.000000
-0.000788 320.888885 311.111115 0.495715 -0.032066 0.000000
0.019577 335.111115 309.333313 0.495716 -0.063104 0.000000
-0.000788 347.555511 307.555511 0.433732 -0.063104 0.000000
0.006849 359.111115 304.888885 0.402744 -0.094139 0.000000
0.017032 368.000000 302.222198 0.309769 -0.094141 1.000000
0.006849 376.000000 298.666687 0.278778 -0.125176 1.000000
0.011940 382.222198 295.111115 0.216795 -0.125178 1.000000
0.001757 385.777802 289.777802 0.123824 -0.187251 2.000000
0.017032 388.444489 284.444489 0.092832 -0.187251 2.000000
0.052672 387.555511 271.111115 -0.031136 -0.466588 2.000000
0.047580 365.333313 242.666702 -0.774919 -0.994217 2.000000
0.029760 340.444489 222.222198 -0.867891 -0.714886 2.000000
0.052672 311.111115 205.333298 -1.022850 -0.590735 2.000000
0.060309 276.444489 185.777802 -1.208794 -0.683844 2.000000
0.039943 259.555511 174.222198 -0.588976 -0.404514 0.000000
0.009394 251.555603 168.888901 -0.279059 -0.187250 0.000000
0.017032 242.666702 164.444397 -0.310054 -0.156217 0.000000
0.039943 224.000000 157.333298 -0.650957 -0.249326 0.000000
0.047580 208.000000 153.777802 -0.557982 -0.125175 0.000000
0.045035 201.777802 152.888901 -0.217079 -0.032066 0.000000
0.037397 203.555603 152.888901 0.061841 -0.001029 0.000000
0.037397 232.000000 158.222198 0.991572 0.185193 0.000000
0.001757 232.000000 158.222198 -0.000142 -0.001029 1.000000
0.042489 264.888885 161.777802 1.146529 0.123122 2.000000
0.004303 283.555511 164.444397 0.650670 0.092080 2.000000
0.014486 303.111115 166.222198 0.681664 0.061047 2.000000
0.009394 323.555511 169.777802 0.712652 0.123122 2.000000
-0.003334 323.555511 169.777802 -0.000142 -0.001029 2.000000
0.014486 363.555511 177.777802 1.394458 0.278306 2.000000
-0.000788 363.555511 177.777802 -0.000142 -0.001029 2.000000
0.011940 397.333313 187.555603 1.177521 0.340381 2.000000
-0.000788 397.333313 187.555603 -0.000142 -0.001029 2.000000
0.001757 411.555511 192.000000 0.495715 0.154156 2.000000
0.011940 424.888885 194.666702 0.464726 0.092084 2.000000
0.001757 435.555511 195.555603 0.371750 0.030009 2.000000
0.014486 443.555511 195.555603 0.278778 -0.001029 2.000000
-0.000788 443.555511 195.555603 -0.000142 -0.001029 2.000000
0.001757 450.666687 194.666702 0.247789 -0.032066 2.000000
0.017032 455.111115 192.888901 0.154813 -0.063104 2.000000
0.004303 458.666687 189.333298 0.123823 -0.125179 2.000000
0.017032 461.333313 184.000000 0.092830 -0.187250 0.000000
0.001757 463.111115 178.666702 0.061841 -0.187250 0.000000
0.034852 463.111115 160.888901 -0.000142 -0.621773 0.000000
0.034852 461.333313 139.555603 -0.062125 -0.745920 0.000000
0.057763 453.333313 109.333298 -0.279062 -1.056296 0.000000
0.037397 447.111115 89.777779 -0.217079 -0.683845 0.000000
0.052672 439.111115 69.333344 -0.279062 -0.714883 0.000000
0.032306 429.333313 48.000000 -0.341045 -0.745921 0.000000
0.055218 418.666687 28.444441 -0.372034 -0.683847 1.000000
0.006849 414.222198 19.555559 -0.155099 -0.311400 1.000000
0.014486 410.666687 12.444440 -0.124105 -0.249326 1.000000
0.004303 408.000000 6.222222 -0.093116 -0.218289 1.000000
0.014486 406.222198 1.777778 -0.062125 -0.156214 2.000000
0.001757 404.444489 -1.777778 -0.062122 -0.125177 2.000000
0.006849 403.555511 -3.555556 -0.031136 -0.063103 2.000000
0.009394 403.555511 -4.444445 -0.000142 -0.032066 2.000000
-0.000788 403.555511 -4.444445 -0.000142 -0.001029 2.000000
0.022123 403.555511 -5.333333 -0.000142 -0.032066 2.000000
0.004303 402.666687 -5.333333 -0.031131 -0.001029 2.000000
0.024669 401.777802 -3.555556 -0.031133 0.061046 2.000000
0.011940 400.888885 1.777778 -0.031134 0.185195 2.000000
0.017032 398.222198 17.777781 -0.093116 0.557641 2.000000
0.004303 398.222198 17.777781 -0.000142 -0.001029 2.000000
0.019577 394.666687 42.666672 -0.124105 0.868012 2.000000
0.006849 394.666687 42.666672 -0.000142 -0.001029 2.000000
0.017032 387.555511 73.777779 -0.248073 1.085273 0.000000
0.055218 376.000000 105.777802 -0.403025 1.116311 0.000000
0.039943 360.000000 153.777802 -0.557982 1.674979 0.000000
0.037397 356.444489 167.111099 -0.124105 0.464528 0.000000
0.060309 347.555511 193.777802 -0.310056 0.930088 0.000000
0.037397 342.222198 201.777802 -0.186088 0.278306 0.000000
0.039943 338.666687 205.333298 -0.124105 0.123118 0.000000
0.004303 337.777802 205.333298 -0.031133 -0.001029 1.000000
0.017032 337.777802 205.333298 -0.000142 -0.001029 1.000000
0.004303 337.777802 204.444397 -0.000142 -0.032066 1.000000
0.004303 338.666687 201.777802 0.030849 -0.094138 1.000000
0.014486 340.444489 195.555603 0.061841 -0.218288 2.000000
0.037397 348.444489 178.666702 0.278778 -0.590735 2.000000
0.037397 360.000000 151.111099 0.402741 -0.963183 2.000000
0.055218 383.111115 105.777802 0.805627 -1.583923 2.000000
0.034852 391.111115 93.333344 0.278778 -0.435549 2.000000
0.057763 422.222198 66.666656 1.084546 -0.932145 2.000000
0.032306 444.444489 56.888889 0.774638 -0.342437 1.000000
0.024669 455.111115 54.222221 0.371750 -0.094140 0.000000
0.014486 473.777802 50.666672 0.650672 -0.125177 0.000000
0.034852 480.888885 49.777779 0.247786 -0.032066 0.000000
0.001757 486.222198 48.888889 0.185804 -0.032066 0.000000
0.032306 490.666687 48.000000 0.154815 -0.032066 0.000000
0.034852 488.000000 47.111111 -0.093116 -0.032066 0.000000
0.057763 471.111115 50.666672 -0.588973 0.123120 0.000000
0.034852 440.888885 57.777779 -1.053840 0.247269 0.000000
0.055218 374.222198 72.888893 -2.324476 0.526604 0.000000
0.034852 327.111115 83.555557 -1.642670 0.371417 0.000000
0.004303 306.666687 88.888893 -0.712937 0.185195 2.000000
0.037397 288.888885 95.111107 -0.619965 0.216231 2.000000
0.001757 275.555511 101.333298 -0.465010 0.216231 2.000000
0.011940 264.000000 108.444397 -0.403025 0.247268 2.000000
0.034852 247.111099 125.333298 -0.588974 0.588678 2.000000
0.011940 240.000000 134.222198 -0.248071 0.309344 2.000000
0.017032 234.666702 144.000000 -0.186088 0.340381 2.000000
0.042489 222.222198 168.888901 -0.434020 0.868013 2.000000
0.032306 220.444397 176.888901 -0.062125 0.278306 2.000000
0.017032 219.555603 184.888901 -0.031130 0.278306 2.000000
0.042489 219.555603 207.111099 -0.000142 0.774900 2.000000
0.006849 221.333298 215.111099 0.061837 0.278306 0.000000
0.019577 223.111099 224.000000 0.061841 0.309344 0.000000
0.006849 224.888901 232.888901 0.061841 0.309344 0.000000
0.017032 225.777802 242.666702 0.030849 0.340381 0.000000
0.047580 228.444397 260.444489 0.092829 0.619715 0.000000
0.045035 232.000000 273.777802 0.123824 0.464528 0.000000
0.039943 243.555603 287.111115 0.402744 0.464528 0.000000
0.034852 248.888901 290.666687 0.185803 0.123121 0.000000
0.057763 268.444489 294.222198 0.681663 0.123119 1.000000
0.004303 275.555511 294.222198 0.247784 -0.001029 1.000000
0.014486 281.777802 293.333313 0.216798 -0.032066 1.000000
0.024669 292.444489 287.111115 0.371752 -0.218288 2.000000
0.011940 296.888885 281.777802 0.154812 -0.187251 2.000000
0.032306 299.555511 275.555511 0.092830 -0.218291 2.000000
0.034852 301.333313 256.000000 0.061841 -0.683845 2.000000
0.057763 291.555511 211.555603 -0.341045 -1.552886 2.000000
0.037397 272.888885 184.000000 -0.650954 -0.963183 2.000000
0.052672 231.111099 156.444397 -1.456725 -0.963183 2.000000
0.032306 214.222198 150.222198 -0.588974 -0.218288 2.000000
0.024669 178.666702 141.333298 -1.239784 -0.311401 0.000000
0.014486 160.000000 139.555603 -0.650957 -0.063100 0.000000
0.034852 126.222198 140.444397 -1.177805 0.030005 0.000000
0.060309 100.444397 149.333298 -0.898885 0.309344 0.000000
0.001757 91.555557 154.666702 -0.310052 0.185197 0.000000
0.014486 85.333344 161.777802 -0.217080 0.247268 0.000000
0.001757 80.000000 168.888901 -0.186089 0.247268 0.000000
0.004303 77.333344 177.777802 -0.093115 0.309344 0.000000
0.014486 75.555557 186.666702 -0.062125 0.309344 0.000000
0.004303 74.666656 198.222198 -0.031134 0.402453 0.000000
0.017032 74.666656 209.777802 -0.000142 0.402456 0.000000
0.001757 74.666656 222.222198 -0.000142 0.433490 0.000000
0.017032 76.444443 235.555603 0.061840 0.464532 0.000000
0.001757 77.333344 248.000000 0.030849 0.433490 0.000000
0.006849 78.222221 262.222198 0.030849 0.495565 1.000000
0.011940 78.222221 262.222198 -0.000142 -0.001029 1.000000
0.004303 78.222221 287.111115 -0.000142 0.868013 2.000000
0.017032 78.222221 298.666687 -0.000142 0.402455 2.000000
0.006849 78.222221 298.666687 -0.000142 -0.001029 2.000000
0.019577 77.333344 318.222198 -0.031133 0.681788 2.000000
0.006849 77.333344 325.333313 -0.000142 0.247269 2.000000
0.017032 77.333344 330.666687 -0.000142 0.185196 2.000000
0.042489 78.222221 335.111115 0.030849 0.154157 2.000000
0.039943 85.333344 333.333313 0.247787 -0.063104 2.000000
0.055218 100.444397 313.777802 0.526705 -0.683845 2.000000
0.042489 111.111099 288.888885 0.371752 -0.870070 1.000000
0.047580 117.333298 256.888885 0.216795 -1.118367 0.000000
0.047580 117.333298 204.444397 -0.000142 -1.832224 0.000000
0.039943 108.444397 178.666702 -0.310054 -0.901104 0.000000
0.039943 94.222221 160.888901 -0.495998 -0.621773 0.000000
0.042489 75.555557 150.222198 -0.650955 -0.373476 0.000000
0.045035 52.444439 145.777802 -0.805911 -0.156213 0.000000
0.001757 40.888889 145.777802 -0.403026 -0.001029 0.000000
0.019577 29.333330 146.666702 -0.403027 0.030009 0.000000
0.001757 19.555559 151.111099 -0.341044 0.154156 0.000000
0.037397 4.444445 163.555603 -0.526991 0.433494 1.000000
0.037397 0.888889 184.000000 -0.124107 0.712825 2.000000
0.055218 7.111111 208.000000 0.216796 0.836975 2.000000
0.032306 24.888889 232.888901 0.619680 0.868013 2.000000
0.055218 63.111111 263.111115 1.332476 1.054235 2.000000
0.047580 96.000000 281.777802 1.146529 0.650753 2.000000
0.034852 131.555603 298.666687 1.239504 0.588678 2.000000
0.045035 160.888901 311.111115 1.022563 0.433491 0.000000
0.047580 180.444397 316.444489 0.681660 0.185196 0.000000
0.042489 193.777802 316.444489 0.464727 -0.001029 0.000000
0.060309 202.666702 299.555511 0.309769 -0.590738 0.000000
0.047580 199.111099 259.555511 -0.124108 -1.397702 0.000000
0.050126 185.777802 219.555603 -0.465008 -1.397698 0.000000
0.039943 167.111099 182.222198 -0.650957 -1.304592 0.000000
0.039943 144.000000 155.555603 -0.805911 -0.932141 1.000000
0.037397 120.000000 140.444397 -0.836902 -0.528664 1.000000
0.004303 110.222198 136.888901 -0.341045 -0.125175 2.000000
0.022123 102.222198 134.222198 -0.279062 -0.094141 2.000000
0.006849 96.000000 133.333298 -0.217079 -0.032066 2.000000
0.022123 90.666656 133.333298 -0.186089 -0.001029 2.000000
0.001757 86.222221 135.111099 -0.155097 0.061047 2.000000
0.024669 76.444443 151.111099 -0.341044 0.557641 2.000000
0.004303 76.444443 151.111099 -0.000142 -0.001029 2.000000
0.017032 65.777779 180.444397 -0.372035 1.023197 2.000000
0.004303 62.222221 200.000000 -0.124107 0.681791 2.000000
0.022123 58.666672 219.555603 -0.124106 0.681791 2.000000
0.001757 56.888889 240.000000 -0.062125 0.712825 2.000000
0.019577 56.000000 260.444489 -0.031133 0.712828 2.000000
0.006849 56.000000 277.333313 -0.000142 0.588676 2.000000
0.024669 58.666672 304.888885 0.092831 0.961125 3.000000
0.045035 64.888893 321.777802 0.216796 0.588679 0.000000
0.055218 70.222221 328.000000 0.185804 0.216231 0.000000
0.034852 77.333344 325.333313 0.247787 -0.094141 0.000000
0.039943 88.000000 309.333313 0.371751 -0.559698 0.000000
0.057763 113.777802 261.333313 0.898601 -1.677036 0.000000
0.047580 137.777802 221.333298 0.836618 -1.397702 0.000000
0.037397 166.222198 190.222198 0.991572 -1.087329 0.000000
0.004303 180.444397 179.555603 0.495715 -0.373472 0.000000
0.017032 194.666702 170.666702 0.495719 -0.311401 1.000000
0.004303 208.888901 163.555603 0.495715 -0.249326 1.000000
0.019577 223.111099 159.111099 0.495715 -0.156217 2.000000
0.006849 235.555603 156.444397 0.433735 -0.094141 2.000000
0.017032 256.000000 156.444397 0.712652 -0.001029 2.000000
0.004303 256.000000 156.444397 -0.000142 -0.001029 2.000000
0.006849 265.777802 159.111099 0.340761 0.092084 2.000000
0.017032 274.666687 162.666702 0.309769 0.123122 2.000000
0.004303 283.555511 167.111099 0.309767 0.154156 2.000000
0.011940 292.444489 171.555603 0.309772 0.154159 2.000000
0.004303 302.222198 176.000000 0.340758 0.154156 2.000000
0.017032 311.111115 179.555603 0.309770 0.123122 2.000000
0.001757 320.888885 184.000000 0.340760 0.154156 2.000000
0.017032 330.666687 186.666702 0.340761 0.092084 2.000000
0.001757 339.555511 188.444397 0.309767 0.061043 2.000000
0.042489 353.777802 190.222198 0.495718 0.061047 2.000000
0.006849 359.111115 190.222198 0.185804 -0.001029 0.000000
0.017032 364.444489 188.444397 0.185806 -0.063104 0.000000
0.034852 373.333313 181.333298 0.309767 -0.249326 0.000000
0.057763 388.444489 157.333298 0.526709 -0.839032 0.000000
0.042489 400.000000 130.666702 0.402741 -0.932141 0.000000
0.042489 413.333313 104.000000 0.464724 -0.932145 0.000000
0.050126 426.666687 82.666656 0.464726 -0.745921 0.000000
0.001757 432.888885 73.777779 0.216795 -0.311400 0.000000
0.022123 446.222198 58.666672 0.464724 -0.528660 1.000000
0.042489 458.666687 45.333328 0.433735 -0.466587 1.000000
0.045035 467.555511 33.777779 0.309767 -0.404512 2.000000
0.042489 472.000000 27.555559 0.154815 -0.218289 2.000000
0.052672 473.777802 25.777781 0.061841 -0.063103 2.000000
0.034852 473.777802 25.777781 -0.000142 -0.001029 2.000000
0.039943 473.777802 35.555561 -0.000142 0.340381 2.000000
0.055218 470.222198 53.333328 -0.124108 0.619715 2.000000
0.055218 458.666687 85.333344 -0.403025 1.116310 2.000000
0.034852 455.111115 95.111107 -0.124107 0.340380 1.000000
0.004303 452.444489 104.888901 -0.093114 0.340381 1.000000
0.011940 448.888885 115.555603 -0.124108 0.371419 0.000000
0.001757 447.111115 126.222198 -0.062124 0.371415 0.000000
0.034852 444.444489 147.555603 -0.093114 0.743866 0.000000
0.050126 442.666687 167.111099 -0.062125 0.681787 0.000000
0.001757 441.777802 176.000000 -0.031133 0.309344 0.000000
0.011940 440.888885 183.111099 -0.031134 0.247268 0.000000
0.047580 437.333313 202.666702 -0.124107 0.681791 0.000000
0.050126 436.444489 216.888901 -0.031131 0.495565 0.000000
0.034852 434.666687 232.000000 -0.062125 0.526603 0.000000
0.055218 432.000000 249.777802 -0.093116 0.619716 1.000000
0.042489 427.555511 268.444489 -0.155099 0.650753 1.000000
0.004303 424.000000 275.555511 -0.124105 0.247266 2.000000
0.019577 412.444489 288.000000 -0.403025 0.433493 2.000000
0.004303 412.444489 288.000000 -0.000142 -0.001029 2.000000
0.019577 396.444489 293.333313 -0.557982 0.185194 2.000000
0.001757 396.444489 293.333313 -0.000142 -0.001029 2.000000
0.022123 376.888885 293.333313 -0.681948 -0.001029 2.000000
0.004303 376.888885 293.333313 -0.000142 -0.001029 2.000000
0.022123 357.333313 285.333313 -0.681947 -0.280363 2.000000
0.001757 348.444489 279.111115 -0.310051 -0.218288 2.000000
0.019577 338.666687 270.222198 -0.341045 -0.311401 2.000000
-0.000788 328.000000 261.333313 -0.372036 -0.311400 2.000000
0.004303 328.000000 261.333313 -0.000142 -0.001029 2.000000
0.019577 301.333313 240.888901 -0.929876 -0.714882 2.000000
0.004303 284.444489 232.888901 -0.588971 -0.280363 2.000000
0.022123 265.777802 227.555603 -0.650956 -0.187250 0.000000
0.004303 244.444397 225.777802 -0.743931 -0.063104 0.000000
0.017032 223.111099 225.777802 -0.743928 -0.001029 0.000000
0.004303 203.555603 228.444397 -0.681944 0.092080 0.000000
0.017032 185.777802 233.777802 -0.619965 0.185197 0.000000
0.001757 172.444397 239.111099 -0.465011 0.185193 0.000000
0.004303 160.888901 245.333298 -0.403025 0.216231 0.000000
0.014486 152.000000 250.666702 -0.310054 0.185197 0.000000
0.006849 144.000000 255.111099 -0.279062 0.154156 0.000000
0.014486 137.777802 259.555511 -0.217079 0.154156 0.000000
0.001757 132.444397 263.111115 -0.186091 0.123122 0.000000
0.014486 129.777802 266.666687 -0.093113 0.123121 0.000000
0.060309 129.777802 274.666687 -0.000142 0.278306 0.000000
0.042489 132.444397 276.444489 0.092829 0.061047 0.000000
0.034852 139.555603 277.333313 0.247790 0.030006 0.000000
0.004303 139.555603 277.333313 -0.000142 -0.001029 1.000000
0.034852 143.111099 276.444489 0.123820 -0.032063 1.000000
0.042489 143.111099 272.888885 -0.000142 -0.125179 2.000000
0.042489 137.777802 267.555511 -0.186088 -0.187253 2.000000
0.039943 128.000000 262.222198 -0.341045 -0.187251 2.000000
0.057763 112.000000 247.111099 -0.557982 -0.528660 2.000000
0.047580 103.111099 229.333298 -0.310054 -0.621773 2.000000
0.050126 97.777779 189.333298 -0.186088 -1.397702 2.000000
0.022123 96.888893 174.222198 -0.031133 -0.528660 3.000000
0.014486 96.888893 158.222198 -0.000142 -0.559698 3.000000
0.019577 96.000000 131.555603 -0.031133 -0.932141 0.000000
0.009394 95.111107 120.888901 -0.031133 -0.373476 0.000000
0.019577 94.222221 111.111099 -0.031133 -0.342438 0.000000
0.004303 93.333344 102.222198 -0.031133 -0.311401 0.000000
0.019577 91.555557 94.222221 -0.062125 -0.280362 0.000000
0.006849 90.666656 86.222221 -0.031134 -0.280363 0.000000
0.019577 88.888893 79.111107 -0.062124 -0.249326 0.000000
0.006849 88.000000 72.000000 -0.031133 -0.249326 0.000000
0.022123 87.111107 65.777779 -0.031133 -0.218289 0.000000
0.004303 87.111107 65.777779 -0.000142 -0.001029 0.000000
0.019577 87.111107 64.000000 -0.000142 -0.063103 0.000000
0.037397 84.444443 68.444443 -0.093115 0.154157 0.000000
0.039943 74.666656 88.000000 -0.341045 0.681789 1.000000
0.004303 68.444443 101.333298 -0.217080 0.464528 1.000000
0.006849 62.222221 116.444397 -0.217080 0.526603 2.000000
0.014486 55.111111 133.333298 -0.248071 0.588678 2.000000
0.042489 40.888889 169.777802 -0.496000 1.271498 2.000000
0.037397 30.222219 209.777802 -0.372036 1.395644 2.000000
0.057763 25.777781 248.888901 -0.155098 1.364607 2.000000
0.006849 24.000000 266.666687 -0.062124 0.619715 2.000000
0.014486 23.111111 282.666687 -0.031133 0.557641 2.000000
0.042489 16.888889 321.777802 -0.217080 1.364607 2.000000
0.042489 9.777778 339.555511 -0.248071 0.619713 2.000000
0.006849 7.111111 344.888885 -0.093115 0.185196 1.000000
0.017032 5.333333 348.444489 -0.062124 0.123122 0.000000
0.057763 3.555556 345.777802 -0.062124 -0.094141 0.000000
0.034852 6.222222 338.666687 0.092831 -0.249326 0.000000
0.039943 23.111111 301.333313 0.588689 -1.304591 0.000000
0.001757 23.111111 301.333313 -0.000142 -0.001029 0.000000
0.004303 31.111111 286.222198 0.278778 -0.528661 0.000000
0.011940 40.000000 270.222198 0.309769 -0.559698 0.000000
0.001757 48.000000 254.222198 0.278778 -0.559698 0.000000
0.014486 55.111111 240.000000 0.247787 -0.497623 0.000000
0.001757 60.444439 227.555603 0.185804 -0.435547 0.000000
0.001757 60.444439 227.555603 -0.000142 -0.001029 0.000000
0.011940 64.888893 217.777802 0.154814 -0.342438 0.000000
0.006849 69.333344 205.333298 0.154814 -0.435551 0.000000
0.014486 69.333344 205.333298 -0.000142 -0.001029 0.000000
0.004303 70.222221 201.777802 0.030849 -0.125175 1.000000
0.014486 70.222221 200.000000 -0.000142 -0.063104 1.000000
0.001757 70.222221 199.111099 -0.000142 -0.032066 1.000000
0.004303 70.222221 198.222198 -0.000142 -0.032066 1.000000
0.014486 70.222221 198.222198 -0.000142 -0.001029 1.000000
0.004303 70.222221 201.777802 -0.000142 0.123122 2.000000
0.014486 67.555557 208.888901 -0.093115 0.247268 2.000000
0.001757 64.000000 220.444397 -0.124107 0.402453 2.000000
0.004303 59.555561 235.555603 -0.155098 0.526607 2.000000
0.014486 55.111111 253.333298 -0.155098 0.619712 2.000000
0.037397 46.222221 291.555511 -0.310053 1.333570 2.000000
0.057763 36.444439 323.555511 -0.341045 1.116310 2.000000
0.032306 30.222219 344.888885 -0.217080 0.743865 2.000000
0.050126 28.444441 354.666687 -0.062124 0.340381 2.000000
0.037397 28.444441 354.666687 -0.000142 -0.001029 0.000000
0.055218 32.000000 337.777802 0.123822 -0.590735 0.000000
0.034852 35.555561 307.555511 0.123822 -1.056295 0.000000
0.052672 38.222221 266.666687 0.092831 -1.428736 0.000000
0.032306 36.444439 222.222198 -0.062125 -1.552889 0.000000
0.001757 32.888889 204.444397 -0.124106 -0.621773 0.000000
0.001757 32.888889 204.444397 -0.000142 -0.001029 0.000000
0.014486 25.777781 177.777802 -0.248071 -0.932141 0.000000
0.050126 20.444441 165.333298 -0.186089 -0.435551 0.000000
0.039943 18.666670 160.000000 -0.062124 -0.187250 1.000000
0.042489 20.444441 159.111099 0.061840 -0.032066 1.000000
0.004303 25.777781 159.111099 0.185805 -0.001029 2.000000
0.019577 33.777779 161.777802 0.278778 0.092084 2.000000
0.062855 71.111107 180.444397 1.301484 0.650750 2.000000
0.037397 103.111099 199.111099 1.115538 0.650753 2.000000
0.039943 139.555603 221.333298 1.270495 0.774900 2.000000
0.037397 172.444397 243.555603 1.146526 0.774904 2.000000
0.001757 184.888901 252.444397 0.433735 0.309340 2.000000
0.034852 202.666702 264.000000 0.619681 0.402456 2.000000
0.042489 213.333298 265.777802 0.371749 0.061047 0.000000
0.039943 221.333298 261.333313 0.278778 -0.156216 0.000000
0.052672 227.555603 245.333298 0.216799 -0.559698 0.000000
0.050126 230.222198 198.222198 0.092829 -1.645999 0.000000
0.032306 224.000000 156.444397 -0.217079 -1.459777 0.000000
0.019577 219.555603 136.000000 -0.155096 -0.714882 0.000000
0.014486 214.222198 118.222198 -0.186091 -0.621773 0.000000
0.055218 197.333298 83.555557 -0.588974 -1.211478 0.000000
0.032306 189.333298 72.888893 -0.279062 -0.373475 1.000000
0.034852 186.666702 68.444443 -0.093113 -0.156215 2.000000
-0.003334 186.666702 68.444443 -0.000142 -0.001029 2.000000
0.034852 186.666702 66.666656 -0.000142 -0.063103 2.000000
0.050126 188.444397 72.000000 0.061837 0.185195 2.000000
0.055218 196.444397 92.444443 0.278778 0.712826 2.000000
0.032306 214.222198 144.888901 0.619681 1.830165 2.000000
0.050126 232.000000 178.666702 0.619681 1.178385 2.000000
0.032306 253.333298 208.000000 0.743643 1.023197 2.000000
0.001757 253.333298 208.000000 -0.000142 -0.001029 2.000000
0.004303 263.111115 219.555603 0.340761 0.402456 0.000000
0.019577 280.000000 239.111099 0.588689 0.681787 0.000000
0.001757 280.000000 239.111099 -0.000142 -0.001029 0.000000
0.017032 286.222198 244.444397 0.216795 0.185193 0.000000
-0.000788 291.555511 248.000000 0.185804 0.123122 0.000000
0.017032 302.222198 247.111099 0.371752 -0.032066 0.000000
0.001757 302.222198 247.111099 -0.000142 -0.001029 0.000000
0.004303 309.333313 241.777802 0.247787 -0.187250 0.000000
0.011940 316.444489 234.666702 0.247789 -0.249326 0.000000
0.004303 325.333313 225.777802 0.309767 -0.311401 0.000000
0.014486 335.111115 216.000000 0.340761 -0.342438 0.000000
0.001757 346.666687 204.444397 0.402743 -0.404514 0.000000
0.014486 358.222198 192.888901 0.402741 -0.404510 0.000000
0.004303 358.222198 192.888901 -0.000142 -0.001029 0.000000
0.004303 368.888885 182.222198 0.371752 -0.373476 0.000000
0.017032 388.444489 165.333298 0.681664 -0.590735 0.000000
0.057763 405.333313 154.666702 0.588687 -0.373472 0.000000
0.004303 412.444489 150.222198 0.247789 -0.156217 1.000000
0.014486 421.333313 147.555603 0.309767 -0.094138 1.000000
0.004303 429.333313 144.888901 0.278778 -0.094141 2.000000
0.014486 437.333313 142.222198 0.278778 -0.094141 2.000000
0.060309 457.777802 138.666702 0.712655 -0.125175 2.000000
0.029760 467.555511 133.333298 0.340758 -0.187254 2.000000
0.052672 475.555511 125.333298 0.278778 -0.280363 2.000000
0.004303 479.111115 120.000000 0.123824 -0.187250 2.000000
0.014486 480.888885 114.666702 0.061840 -0.187250 2.000000
0.062855 480.888885 103.111099 -0.000142 -0.404514 1.000000
0.039943 473.777802 97.777779 -0.248070 -0.187251 0.000000
0.032306 461.333313 97.777779 -0.434019 -0.001029 0.000000
0.052672 446.222198 106.666702 -0.526991 0.309344 0.000000
0.037397 430.222198 130.666702 -0.557982 0.836975 0.000000
0.039943 412.444489 169.777802 -0.619962 1.364607 0.000000
0.060309 387.555511 231.111099 -0.867896 2.140535 0.000000
0.006849 378.666687 249.777802 -0.310051 0.650753 0.000000
0.011940 369.777802 266.666687 -0.310053 0.588678 0.000000
0.037397 350.222198 296.000000 -0.681948 1.023198 0.000000
0.057763 332.444489 319.111115 -0.619962 0.805938 0.000000
0.009394 321.777802 337.777802 -0.372036 0.650753 1.000000
0.014486 319.111115 345.777802 -0.093116 0.278306 1.000000
0.001757 319.111115 345.777802 -0.000142 -0.001029 2.000000
0.019577 318.222198 356.444489 -0.031134 0.371418 2.000000
0.047580 319.111115 360.888885 0.030850 0.154156 2.000000
0.037397 324.444489 361.777802 0.185806 0.030010 2.000000
0.052672 336.000000 352.888885 0.402741 -0.311401 2.000000
0.032306 340.444489 346.666687 0.154815 -0.218288 2.000000
-0.000788 345.777802 341.333313 0.185804 -0.187253 2.000000
0.034852 358.222198 328.000000 0.433732 -0.466585 2.000000
0.045035 372.444489 315.555511 0.495718 -0.435551 1.000000
0.050126 389.333313 299.555511 0.588687 -0.559698 0.000000
0.047580 420.444489 265.777802 1.084549 -1.180439 0.000000
0.047580 443.555511 240.888901 0.805624 -0.870070 0.000000
-0.000788 455.111115 231.111099 0.402744 -0.342438 0.000000
0.014486 464.888885 224.000000 0.340760 -0.249326 0.000000
-0.003334 464.888885 224.000000 -0.000142 -0.001029 0.000000
0.039943 481.777802 216.888901 0.588690 -0.249326 0.000000
0.047580 494.222198 214.222198 0.433732 -0.094141 0.000000
0.045035 492.444489 214.222198 -0.062122 -0.001029 0.000000
0.034852 477.333313 212.444397 -0.526993 -0.063104 0.000000
0.047580 451.555511 210.666702 -0.898885 -0.063100 0.000000
-0.000788 434.666687 209.777802 -0.588971 -0.032066 1.000000
0.011940 416.888885 209.777802 -0.619965 -0.001029 1.000000
0.001757 395.555511 209.777802 -0.743930 -0.001029 2.000000
0.001757 395.555511 209.777802 -0.000142 -0.001029 2.000000
0.006849 372.444489 211.555603 -0.805908 0.061047 2.000000
-0.000788 347.555511 216.000000 -0.867896 0.154156 2.000000
0.001757 347.555511 216.000000 -0.000142 -0.001029 2.000000
0.011940 320.888885 223.111099 -0.929874 0.247268 2.000000
-0.000788 294.222198 232.000000 -0.929876 0.309344 2.000000
0.001757 269.333313 242.666702 -0.867893 0.371419 2.000000
0.014486 247.111099 254.222198 -0.774920 0.402453 2.000000
-0.003334 247.111099 254.222198 -0.000142 -0.001029 2.000000
0.001757 229.333298 266.666687 -0.619965 0.433493 2.000000
0.009394 215.111099 280.000000 -0.495999 0.464528 2.000000
0.006849 205.333298 291.555511 -0.341045 0.402453 2.000000
0.014486 199.111099 302.222198 -0.217079 0.371418 2.000000
0.001757 196.444397 312.000000 -0.093117 0.340381 2.000000
0.022123 196.444397 328.888885 -0.000142 0.588678 2.000000
0.001757 196.444397 328.888885 -0.000142 -0.001029 2.000000
0.019577 200.000000 336.000000 0.123824 0.247269 2.000000
0.001757 203.555603 343.111115 0.123824 0.247269 2.000000
0.006849 208.000000 350.222198 0.154812 0.247268 0.000000
0.017032 212.444397 356.444489 0.154812 0.216234 0.000000
0.001757 215.111099 361.777802 0.092832 0.185194 0.000000
0.017032 217.777802 365.333313 0.092832 0.123119 0.000000
0.001757 219.555603 368.000000 0.061841 0.092084 0.000000
0.019577 221.333298 368.888885 0.061837 0.030009 0.000000
0.001757 224.000000 368.888885 0.092832 -0.001029 0.000000
0.017032 227.555603 368.000000 0.123824 -0.032066 0.000000
0.001757 232.000000 363.555511 0.154812 -0.156216 0.000000
0.001757 239.111099 356.444489 0.247786 -0.249323 0.000000
0.019577 247.111099 344.888885 0.278778 -0.404514 0.000000
0.004303 256.000000 331.555511 0.309769 -0.466588 0.000000
0.017032 264.888885 314.666687 0.309769 -0.590733 0.000000
0.001757 272.888885 296.888885 0.278778 -0.621773 0.000000
0.029760 279.111115 279.111115 0.216796 -0.621772 0.000000
