0.004303 301.333313 299.555511 -0.000142 -0.001029 0.000000
0.037397 311.111115 299.555511 0.340761 -0.001029 0.000000
0.037397 319.111115 298.666687 0.278778 -0.032063 0.000000
0.042489 323.555511 295.111115 0.154812 -0.125178 0.000000
0.019577 324.444489 288.000000 0.030852 -0.249326 2.000000
0.006849 323.555511 281.777802 -0.031136 -0.218288 2.000000
0.042489 318.222198 265.777802 -0.186088 -0.559698 2.000000
0.004303 315.555511 256.000000 -0.093116 -0.342438 2.000000
0.042489 314.666687 230.222198 -0.031131 -0.901108 2.000000
0.014486 316.444489 216.000000 0.061841 -0.497623 2.000000
0.009394 319.111115 201.777802 0.092830 -0.497623 2.000000
0.017032 322.666687 188.444397 0.123823 -0.466589 2.000000
0.006849 326.222198 176.888901 0.123821 -0.404510 2.000000
0.047580 335.111115 158.222198 0.309770 -0.652811 2.000000
0.039943 343.111115 144.000000 0.278778 -0.497623 2.000000
0.017032 350.222198 136.000000 0.247786 -0.280363 3.000000
0.006849 352.888885 133.333298 0.092832 -0.094141 3.000000
0.017032 356.444489 131.555603 0.123824 -0.063100 0.000000
0.004303 356.444489 131.555603 -0.000142 -0.001029 0.000000
0.045035 369.777802 128.888901 0.464724 -0.094141 0.000000
0.047580 381.333313 130.666702 0.402741 0.061047 0.000000
0.022123 393.777802 138.666702 0.433735 0.278306 0.000000
0.014486 393.777802 138.666702 -0.000142 -0.001029 0.000000
0.019577 404.444489 154.666702 0.371752 0.557641 0.000000
0.011940 408.888885 164.444397 0.154812 0.340378 0.000000
0.022123 414.222198 174.222198 0.185804 0.340381 0.000000
0.024669 423.111115 194.666702 0.309770 0.712829 0.000000
0.009394 427.555511 204.444397 0.154812 0.340378 0.000000
0.024669 432.000000 213.333298 0.154815 0.309344 0.000000
0.017032 440.000000 232.888901 0.278778 0.681791 2.000000
0.024669 443.555511 241.777802 0.123821 0.309344 2.000000
0.029760 448.888885 261.333313 0.185806 0.681788 2.000000
0.009394 449.777802 270.222198 0.030850 0.309343 2.000000
0.034852 449.777802 285.333313 -0.000142 0.526604 2.000000
0.057763 448.000000 294.222198 -0.062125 0.309343 2.000000
0.024669 447.111115 296.888885 -0.031133 0.092084 2.000000
0.027215 446.222198 296.888885 -0.031134 -0.001029 2.000000
0.004303 446.222198 296.888885 -0.000142 -0.001029 2.000000
0.052672 446.222198 284.444489 -0.000142 -0.435547 3.000000
0.019577 446.222198 276.444489 -0.000142 -0.280363 0.000000
0.011940 446.222198 267.555511 -0.000142 -0.311403 0.000000
0.050126 448.888885 246.222198 0.092832 -0.745920 0.000000
0.022123 452.444489 224.888901 0.123824 -0.745920 0.000000
0.047580 456.888885 207.111099 0.154812 -0.621773 0.000000
0.052672 461.333313 196.444397 0.154813 -0.373476 0.000000
0.052672 462.222198 194.666702 0.030849 -0.063100 0.000000
0.024669 461.333313 194.666702 -0.031133 -0.001029 0.000000
0.032306 454.222198 194.666702 -0.248071 -0.001029 0.000000
0.011940 448.000000 194.666702 -0.217079 -0.001029 0.000000
0.067946 420.444489 192.000000 -0.960865 -0.094141 1.000000
0.011940 408.888885 188.444397 -0.403028 -0.125179 1.000000
0.024669 396.444489 183.111099 -0.434016 -0.187250 2.000000
0.014486 375.111115 168.888901 -0.743930 -0.497623 2.000000
0.019577 365.333313 160.000000 -0.341045 -0.311401 2.000000
0.009394 355.555511 151.111099 -0.341045 -0.311401 2.000000
0.017032 346.666687 142.222198 -0.310051 -0.311401 2.000000
0.004303 338.666687 133.333298 -0.279062 -0.311401 2.000000
0.042489 324.444489 120.888901 -0.495999 -0.435547 2.000000
0.047580 314.666687 113.777802 -0.341045 -0.249326 2.000000
0.045035 306.666687 110.222198 -0.279062 -0.125179 2.000000
0.019577 298.666687 109.333298 -0.279062 -0.032066 2.000000
0.009394 296.888885 109.333298 -0.062125 -0.001029 2.000000
0.022123 295.111115 109.333298 -0.062124 -0.001029 0.000000
0.022123 294.222198 110.222198 -0.031134 0.030009 0.000000
0.009394 296.888885 111.111099 0.092832 0.030009 0.000000
0.019577 303.111115 112.888901 0.216796 0.061047 0.000000
0.009394 312.000000 113.777802 0.309769 0.030009 0.000000
0.047580 336.888885 113.777802 0.867609 -0.001029 0.000000
0.055218 374.222198 104.888901 1.301484 -0.311401 0.000000
0.067946 395.555511 96.000000 0.743644 -0.311401 0.000000
0.006849 397.333313 91.555557 0.061841 -0.156214 0.000000
0.029760 392.888885 81.777779 -0.155097 -0.342438 2.000000
0.006849 392.888885 81.777779 -0.000142 -0.001029 2.000000
0.052672 359.111115 67.555557 -1.177804 -0.497623 2.000000
0.045035 320.000000 64.000000 -1.363751 -0.125177 2.000000
0.017032 296.888885 64.000000 -0.805911 -0.001029 2.000000
0.011940 272.000000 64.888893 -0.867893 0.030009 2.000000
0.060309 208.000000 69.333344 -2.231502 0.154158 2.000000
0.006849 192.000000 70.222221 -0.557982 0.030008 2.000000
0.024669 168.000000 72.000000 -0.836902 0.061046 2.000000
0.006849 168.000000 72.000000 -0.000142 -0.001029 2.000000
0.045035 150.222198 73.777779 -0.619965 0.061046 3.000000
0.042489 149.333298 73.777779 -0.031134 -0.001029 0.000000
0.042489 149.333298 73.777779 -0.000142 -0.001029 0.000000
0.045035 149.333298 79.111107 -0.000142 0.185194 0.000000
0.050126 149.333298 87.111107 -0.000142 0.278306 0.000000
0.047580 144.888901 102.222198 -0.155096 0.526603 0.000000
0.047580 140.444397 115.555603 -0.155100 0.464532 0.000000
0.042489 135.111099 129.777802 -0.186088 0.495565 0.000000
0.039943 132.444397 143.111099 -0.093117 0.464528 0.000000
0.019577 132.444397 157.333298 -0.000142 0.495565 1.000000
0.004303 132.444397 157.333298 -0.000142 -0.001029 1.000000
0.039943 133.333298 179.555603 0.030849 0.774904 2.000000
0.011940 134.222198 186.666702 0.030849 0.247268 2.000000
0.019577 134.222198 193.777802 -0.000142 0.247268 2.000000
0.042489 134.222198 205.333298 -0.000142 0.402453 2.000000
0.024669 132.444397 213.333298 -0.062125 0.278306 2.000000
0.009394 132.444397 213.333298 -0.000142 -0.001029 2.000000
0.019577 125.333298 217.777802 -0.248071 0.154159 2.000000
0.017032 119.111099 219.555603 -0.217079 0.061047 2.000000
0.019577 112.888901 219.555603 -0.217079 -0.001029 2.000000
0.027215 99.555557 216.888901 -0.465009 -0.094141 3.000000
0.009394 93.333344 213.333298 -0.217080 -0.125179 3.000000
0.029760 82.666656 202.666702 -0.372036 -0.373472 0.000000
0.009394 76.444443 195.555603 -0.217080 -0.249326 0.000000
0.032306 64.000000 179.555603 -0.434018 -0.559698 0.000000
0.027215 57.777779 172.444397 -0.217080 -0.249329 0.000000
0.006849 49.777779 167.111099 -0.279062 -0.187250 0.000000
0.027215 33.777779 165.333298 -0.557982 -0.063104 0.000000
0.009394 33.777779 165.333298 -0.000142 -0.001029 0.000000
0.022123 17.777781 173.333298 -0.557982 0.278306 0.000000
0.006849 10.666670 179.555603 -0.248071 0.216235 0.000000
0.019577 6.222222 186.666702 -0.155098 0.247268 0.000000
0.006849 2.666667 194.666702 -0.124107 0.278306 0.000000
0.045035 1.777778 215.111099 -0.031133 0.712825 0.000000
0.017032 7.111111 239.111099 0.185805 0.836975 1.000000
0.006849 11.555560 251.555603 0.154814 0.433494 1.000000
0.042489 18.666670 277.333313 0.247787 0.899047 1.000000
0.019577 21.333330 289.777802 0.092831 0.433493 2.000000
0.004303 22.222219 302.222198 0.030849 0.433490 2.000000
0.047580 24.888889 322.666687 0.092831 0.712828 2.000000
0.047580 29.333330 337.777802 0.154813 0.526604 2.000000
0.047580 34.666672 345.777802 0.185805 0.278306 2.000000
0.045035 49.777779 344.000000 0.526707 -0.063104 2.000000
0.062855 69.333344 331.555511 0.681663 -0.435551 0.000000
0.011940 76.444443 328.000000 0.247786 -0.125176 0.000000
0.024669 84.444443 323.555511 0.278778 -0.156216 0.000000
0.009394 94.222221 318.222198 0.340760 -0.187251 0.000000
0.014486 104.000000 313.777802 0.340760 -0.156213 0.000000
0.004303 116.444397 308.444489 0.433732 -0.187251 0.000000
0.017032 128.888901 304.000000 0.433735 -0.156216 0.000000
0.004303 141.333298 300.444489 0.433732 -0.125176 0.000000
0.017032 165.333298 296.000000 0.836618 -0.156216 0.000000
0.006849 165.333298 296.000000 -0.000142 -0.001029 0.000000
0.006849 176.888901 295.111115 0.402744 -0.032066 0.000000
0.017032 186.666702 295.111115 0.340761 -0.001029 0.000000
0.006849 196.444397 295.111115 0.340757 -0.001029 0.000000
0.024669 212.444397 296.888885 0.557698 0.061046 0.000000
0.022123 218.666702 298.666687 0.216799 0.061047 0.000000
0.011940 224.888901 300.444489 0.216795 0.061047 0.000000
0.032306 234.666702 304.888885 0.340761 0.154156 1.000000
0.034852 240.888901 309.333313 0.216795 0.154157 2.000000
0.011940 243.555603 311.111115 0.092832 0.061047 2.000000
0.032306 244.444397 314.666687 0.030846 0.123121 2.000000
0.057763 244.444397 317.333313 -0.000142 0.092082 2.000000
0.032306 244.444397 317.333313 -0.000142 -0.001029 2.000000
0.060309 252.444397 310.222198 0.278778 -0.249326 2.000000
0.034852 266.666687 296.888885 0.495718 -0.466585 2.000000
0.034852 282.666687 280.888885 0.557698 -0.559698 0.000000
0.022123 290.666687 273.777802 0.278778 -0.249325 0.000000
0.014486 298.666687 265.777802 0.278778 -0.280363 0.000000
0.022123 315.555511 254.222198 0.588687 -0.404514 0.000000
0.006849 325.333313 249.777802 0.340761 -0.156213 0.000000
0.070492 354.666687 240.000000 1.022566 -0.342438 0.000000
0.004303 354.666687 240.000000 -0.000142 -0.001029 0.000000
0.024669 372.444489 236.444397 0.619681 -0.125179 0.000000
0.014486 380.444489 234.666702 0.278778 -0.063100 0.000000
0.060309 400.000000 231.111099 0.681661 -0.125179 0.000000
0.029760 410.666687 229.333298 0.371752 -0.063104 0.000000
0.052672 421.333313 227.555603 0.371750 -0.063100 1.000000
0.032306 431.111115 224.000000 0.340761 -0.125179 2.000000
0.065400 447.111115 215.111099 0.557698 -0.311401 2.000000
0.029760 456.000000 206.222198 0.309769 -0.311401 2.000000
0.075583 468.444489 186.666702 0.433735 -0.683844 2.000000
0.017032 472.000000 177.777802 0.123821 -0.311401 2.000000
0.032306 477.333313 160.000000 0.185804 -0.621773 2.000000
0.029760 479.111115 144.000000 0.061841 -0.559698 3.000000
0.014486 479.111115 144.000000 -0.000142 -0.001029 3.000000
0.024669 477.333313 130.666702 -0.062125 -0.466585 0.000000
0.006849 474.666687 124.444397 -0.093114 -0.218292 0.000000
0.019577 470.222198 118.222198 -0.155099 -0.218288 0.000000
0.022123 462.222198 106.666702 -0.279062 -0.404510 0.000000
0.006849 458.666687 101.333298 -0.124105 -0.187254 0.000000
0.047580 453.333313 90.666656 -0.186090 -0.373474 0.000000
0.052672 448.000000 82.666656 -0.186088 -0.280363 0.000000
0.019577 440.000000 79.111107 -0.279062 -0.125177 0.000000
0.006849 433.777802 78.222221 -0.217079 -0.032066 0.000000
0.019577 424.888885 78.222221 -0.310054 -0.001029 0.000000
0.011940 414.222198 79.111107 -0.372036 0.030009 0.000000
0.027215 391.111115 84.444443 -0.805910 0.185195 2.000000
0.024669 380.444489 87.111107 -0.372034 0.092083 2.000000
0.014486 365.333313 92.444443 -0.526993 0.185195 2.000000
0.057763 354.666687 99.555557 -0.372034 0.247269 2.000000
0.062855 335.111115 125.333298 -0.681947 0.899048 2.000000
0.009394 328.000000 138.666702 -0.248071 0.464532 2.000000
0.022123 321.777802 152.888901 -0.217079 0.495565 2.000000
0.011940 312.000000 183.111099 -0.341045 1.054235 2.000000
0.019577 309.333313 197.333298 -0.093116 0.495565 2.000000
0.009394 308.444489 211.555603 -0.031131 0.495569 2.000000
0.017032 308.444489 223.111099 -0.000142 0.402453 3.000000
0.006849 308.444489 234.666702 -0.000142 0.402456 0.000000
0.047580 308.444489 256.000000 -0.000142 0.743862 0.000000
0.045035 306.666687 276.444489 -0.062125 0.712828 0.000000
0.029760 297.777802 295.111115 -0.310053 0.650751 0.000000
0.055218 273.777802 315.555511 -0.836902 0.712825 0.000000
0.070492 241.777802 322.666687 -1.115822 0.247271 0.000000
0.011940 232.000000 320.888885 -0.341045 -0.063104 0.000000
0.057763 210.666702 296.888885 -0.743928 -0.839032 0.000000
0.029760 204.444397 283.555511 -0.217083 -0.466588 0.000000
0.029760 192.000000 250.666702 -0.434016 -1.149401 1.000000
0.011940 185.777802 233.777802 -0.217079 -0.590735 1.000000
0.032306 169.777802 203.555603 -0.557982 -1.056292 2.000000
0.078129 142.222198 174.222198 -0.960868 -1.025258 2.000000
0.022123 123.555603 162.666702 -0.650953 -0.404510 2.000000
0.070492 100.444397 154.666702 -0.805914 -0.280363 2.000000
0.014486 95.111107 153.777802 -0.186087 -0.032066 2.000000
0.050126 83.555557 155.555603 -0.403026 0.061047 2.000000
0.024669 70.222221 165.333298 -0.465009 0.340378 2.000000
0.024669 62.222221 172.444397 -0.279062 0.247268 2.000000
0.006849 53.333328 181.333298 -0.310053 0.309344 2.000000
0.027215 37.333328 203.555603 -0.557982 0.774904 0.000000
0.009394 31.111111 214.222198 -0.217080 0.371415 0.000000
0.052672 24.888889 236.444397 -0.217080 0.774900 0.000000
0.073038 24.888889 262.222198 -0.000142 0.899050 0.000000
0.011940 26.666670 268.444489 0.061840 0.216234 0.000000
0.075583 30.222219 293.333313 0.123822 0.868010 0.000000
0.014486 31.111111 298.666687 0.030849 0.185196 0.000000
0.070492 35.555561 307.555511 0.154814 0.309341 0.000000
0.014486 36.444439 308.444489 0.030849 0.030012 0.000000
0.027215 41.777779 304.000000 0.185805 -0.156216 1.000000
0.032306 50.666672 289.777802 0.309769 -0.497623 2.000000
0.011940 56.000000 279.111115 0.185804 -0.373475 2.000000
0.024669 60.444439 264.888885 0.154813 -0.497624 2.000000
0.011940 65.777779 248.000000 0.185805 -0.590735 2.000000
0.047580 80.000000 188.444397 0.495716 -2.080521 2.000000
0.067946 80.000000 138.666702 -0.000142 -1.739108 2.000000
0.011940 76.444443 127.111099 -0.124107 -0.404514 2.000000
0.027215 71.111107 117.333298 -0.186089 -0.342438 2.000000
0.027215 59.555561 103.111099 -0.403026 -0.497623 3.000000
0.017032 54.222221 96.888893 -0.186089 -0.218288 3.000000
0.027215 43.555561 87.111107 -0.372035 -0.342438 3.000000
0.027215 39.111111 82.666656 -0.155098 -0.156215 3.000000
0.022123 35.555561 75.555557 -0.124106 -0.249326 3.000000
0.078129 39.111111 68.444443 0.123822 -0.249326 3.000000
0.032306 56.000000 63.111111 0.588689 -0.187252 3.000000
0.022123 68.444443 60.444439 0.433733 -0.094140 3.000000
0.080675 138.666702 56.000000 2.448157 -0.156214 3.000000
0.014486 155.555603 56.000000 0.588689 -0.001029 3.000000
0.029760 184.000000 57.777779 0.991572 0.061046 2.000000
0.022123 196.444397 58.666672 0.433732 0.030009 2.000000
0.011940 208.000000 59.555561 0.402744 0.030009 2.000000
0.050126 237.333298 61.333328 1.022563 0.061045 2.000000
0.062855 251.555603 63.111111 0.495719 0.061046 2.000000
0.050126 263.111115 66.666656 0.402741 0.123120 2.000000
0.027215 264.000000 69.333344 0.030849 0.092084 2.000000
0.047580 257.777802 84.444443 -0.217079 0.526603 2.000000
0.017032 253.333298 94.222221 -0.155100 0.340380 0.000000
0.006849 248.000000 104.888901 -0.186088 0.371418 0.000000
0.019577 244.444397 115.555603 -0.124108 0.371419 0.000000
0.006849 241.777802 128.000000 -0.093113 0.433490 0.000000
0.022123 240.000000 139.555603 -0.062125 0.402456 0.000000
0.019577 240.000000 161.777802 -0.000142 0.774900 0.000000
0.014486 241.777802 172.444397 0.061841 0.371415 0.000000
0.060309 243.555603 198.222198 0.061841 0.899050 0.000000
0.027215 243.555603 204.444397 -0.000142 0.216231 0.000000
0.027215 242.666702 216.000000 -0.031134 0.402456 0.000000
0.009394 242.666702 220.444397 -0.000142 0.154156 0.000000
0.029760 243.555603 227.555603 0.030849 0.247272 0.000000
0.019577 245.333298 230.222198 0.061837 0.092080 3.000000
0.014486 248.000000 232.888901 0.092832 0.092084 2.000000
0.055218 257.777802 240.000000 0.340761 0.247268 2.000000
0.070492 265.777802 245.333298 0.278778 0.185193 2.000000
0.006849 265.777802 245.333298 -0.000142 -0.001029 2.000000
0.024669 271.111115 249.777802 0.185804 0.154159 2.000000
0.006849 274.666687 252.444397 0.123823 0.092080 2.000000
0.022123 280.000000 255.111099 0.185804 0.092084 2.000000
0.011940 294.222198 259.555511 0.495715 0.154156 2.000000
0.022123 304.000000 260.444489 0.340761 0.030012 2.000000
0.009394 314.666687 261.333313 0.371752 0.030006 3.000000
0.024669 336.888885 262.222198 0.774635 0.030009 0.000000
0.022123 347.555511 262.222198 0.371750 -0.001029 0.000000
0.011940 357.333313 262.222198 0.340761 -0.001029 0.000000
0.019577 367.111115 262.222198 0.340761 -0.001029 0.000000
0.014486 376.000000 261.333313 0.309769 -0.032066 0.000000
0.024669 392.888885 257.777802 0.588689 -0.125176 0.000000
0.022123 400.000000 256.000000 0.247787 -0.063104 0.000000
0.050126 421.333313 247.111099 0.743644 -0.311401 0.000000
0.037397 432.888885 239.111099 0.402743 -0.280363 0.000000
0.027215 436.444489 234.666702 0.123824 -0.156213 0.000000
0.022123 438.222198 224.000000 0.061838 -0.373476 2.000000
0.017032 436.444489 218.666702 -0.062122 -0.187250 2.000000
0.034852 422.222198 207.111099 -0.496002 -0.404514 2.000000
0.062855 384.000000 189.333298 -1.332759 -0.621773 2.000000
0.004303 384.000000 189.333298 -0.000142 -0.001029 2.000000
0.024669 351.111115 176.888901 -1.146813 -0.435547 2.000000
0.006849 331.555511 172.444397 -0.681948 -0.156217 2.000000
0.024669 312.000000 168.888901 -0.681945 -0.125175 2.000000
0.009394 271.111115 168.000000 -1.425733 -0.032066 2.000000
0.027215 250.666702 169.777802 -0.712937 0.061047 2.000000
0.011940 230.222198 174.222198 -0.712940 0.154156 2.000000
0.029760 191.111099 187.555603 -1.363751 0.464532 0.000000
0.027215 174.222198 194.666702 -0.588974 0.247268 0.000000
0.009394 157.333298 201.777802 -0.588974 0.247268 0.000000
0.029760 127.111099 216.888901 -1.053839 0.526603 0.000000
0.027215 100.444397 230.222198 -0.929877 0.464528 0.000000
0.014486 89.777779 235.555603 -0.372034 0.185197 0.000000
0.067946 65.777779 249.777802 -0.836902 0.495565 0.000000
0.042489 53.333328 259.555511 -0.434018 0.340378 0.000000
0.004303 47.111111 264.000000 -0.217080 0.154159 0.000000
0.006849 40.888889 267.555511 -0.217080 0.123119 0.000000
0.045035 30.222219 274.666687 -0.372036 0.247271 0.000000
0.045035 20.444441 279.111115 -0.341044 0.154157 2.000000
0.047580 14.222220 280.000000 -0.217080 0.030009 2.000000
0.017032 8.888889 282.666687 -0.186089 0.092084 2.000000
0.006849 8.888889 282.666687 -0.000142 -0.001029 2.000000
0.057763 3.555556 290.666687 -0.186089 0.278306 2.000000
0.047580 2.666667 298.666687 -0.031133 0.278306 2.000000
0.050126 16.000000 311.111115 0.464724 0.433491 2.000000
0.042489 32.000000 313.777802 0.557698 0.092084 2.000000
0.045035 50.666672 314.666687 0.650671 0.030009 2.000000
0.009394 70.222221 315.555511 0.681662 0.030006 0.000000
0.017032 70.222221 315.555511 -0.000142 -0.001029 0.000000
0.009394 80.000000 315.555511 0.340760 -0.001029 0.000000
0.019577 102.222198 315.555511 0.774635 -0.001029 0.000000
0.006849 114.666702 313.777802 0.433735 -0.063101 0.000000
0.019577 128.000000 311.111115 0.464723 -0.094141 0.000000
0.001757 142.222198 306.666687 0.495715 -0.156214 0.000000
0.001757 142.222198 306.666687 -0.000142 -0.001029 0.000000
0.019577 170.666702 296.888885 0.991575 -0.342438 0.000000
0.004303 184.888901 290.666687 0.495715 -0.218288 0.000000
0.014486 199.111099 285.333313 0.495715 -0.187253 0.000000
0.004303 199.111099 285.333313 -0.000142 -0.001029 0.000000
0.017032 226.666702 275.555511 0.960584 -0.342438 0.000000
0.006849 239.111099 272.000000 0.433732 -0.125176 0.000000
0.017032 250.666702 268.444489 0.402744 -0.125176 0.000000
0.004303 261.333313 265.777802 0.371749 -0.094141 0.000000
0.017032 270.222198 262.222198 0.309769 -0.125179 0.000000
0.029760 285.333313 256.000000 0.526707 -0.218288 1.000000
0.039943 291.555511 251.555603 0.216795 -0.156213 1.000000
0.017032 302.222198 240.000000 0.371752 -0.404514 2.000000
0.006849 306.666687 231.111099 0.154815 -0.311401 2.000000
0.039943 312.000000 208.000000 0.185804 -0.807995 2.000000
0.042489 312.888885 184.000000 0.030849 -0.839032 2.000000
0.075583 306.666687 163.555603 -0.217079 -0.714882 2.000000
0.039943 304.000000 160.888901 -0.093116 -0.094141 2.000000
0.027215 304.000000 159.111099 -0.000142 -0.063104 2.000000
0.017032 306.666687 159.111099 0.092832 -0.001029 2.000000
0.009394 310.222198 158.222198 0.123821 -0.032066 3.000000
0.045035 328.888885 157.333298 0.650672 -0.032066 0.000000
0.017032 328.888885 157.333298 -0.000142 -0.001029 0.000000
0.004303 335.111115 158.222198 0.216796 0.030009 0.000000
0.037397 347.555511 161.777802 0.433732 0.123122 0.000000
0.047580 365.333313 174.222198 0.619681 0.433490 0.000000
0.032306 369.777802 179.555603 0.154815 0.185197 0.000000
0.006849 375.111115 185.777802 0.185804 0.216231 0.000000
0.034852 384.000000 198.222198 0.309769 0.433490 0.000000
0.073038 394.666687 218.666702 0.371752 0.712829 0.000000
0.027215 399.111115 232.888901 0.154813 0.495565 0.000000
0.039943 401.777802 246.222198 0.092832 0.464528 0.000000
0.019577 402.666687 262.222198 0.030849 0.557641 1.000000
0.006849 402.666687 262.222198 -0.000142 -0.001029 1.000000
0.017032 402.666687 270.222198 -0.000142 0.278306 2.000000
0.004303 403.555511 279.111115 0.030847 0.309344 2.000000
0.017032 405.333313 296.000000 0.061841 0.588678 2.000000
0.004303 405.333313 296.000000 -0.000142 -0.001029 2.000000
0.014486 406.222198 304.000000 0.030849 0.278306 2.000000
0.027215 410.666687 318.222198 0.154815 0.495565 2.000000
0.037397 416.000000 328.888885 0.185804 0.371418 2.000000
0.060309 421.333313 334.222198 0.185804 0.185194 2.000000
0.034852 424.000000 334.222198 0.092832 -0.001029 2.000000
0.037397 426.666687 327.111115 0.092832 -0.249325 3.000000
0.060309 430.222198 312.000000 0.123821 -0.528661 3.000000
0.019577 438.222198 284.444489 0.278778 -0.963179 0.000000
0.004303 438.222198 284.444489 -0.000142 -0.001029 0.000000
0.042489 449.777802 246.222198 0.402744 -1.335630 0.000000
0.034852 461.333313 205.333298 0.402741 -1.428739 0.000000
0.057763 465.777802 158.222198 0.154815 -1.645999 0.000000
0.017032 457.777802 135.111099 -0.279062 -0.807995 0.000000
0.006849 457.777802 135.111099 -0.000142 -0.001029 0.000000
0.039943 445.333313 119.111099 -0.434019 -0.559698 0.000000
0.050126 426.666687 109.333298 -0.650954 -0.342438 0.000000
0.011940 421.333313 109.333298 -0.186090 -0.001029 1.000000
0.006849 416.000000 113.777802 -0.186088 0.154159 1.000000
0.017032 409.777802 120.888901 -0.217079 0.247268 2.000000
0.006849 402.666687 132.444397 -0.248071 0.402453 2.000000
0.073038 378.666687 189.333298 -0.836902 1.985351 2.000000
0.039943 361.777802 233.777802 -0.588973 1.550832 2.000000
0.001757 354.666687 256.000000 -0.248071 0.774900 2.000000
0.006849 348.444489 276.444489 -0.217079 0.712828 2.000000
0.039943 338.666687 312.888885 -0.341045 1.271494 2.000000
0.042489 333.333313 337.777802 -0.186090 0.868013 2.000000
0.078129 328.000000 355.555511 -0.186088 0.619713 3.000000
0.024669 328.888885 357.333313 0.030849 0.061047 3.000000
0.017032 332.444489 353.777802 0.123824 -0.125176 0.000000
0.004303 339.555511 347.555511 0.247784 -0.218291 0.000000
0.034852 358.222198 323.555511 0.650672 -0.839032 0.000000
0.073038 392.000000 264.888885 1.177521 -2.049481 0.000000
0.004303 404.444489 245.333298 0.433735 -0.683848 0.000000
0.004303 404.444489 245.333298 -0.000142 -0.001029 0.000000
0.042489 422.222198 216.000000 0.619678 -1.025254 0.000000
0.067946 430.222198 176.000000 0.278778 -1.397702 0.000000
0.024669 425.777802 167.111099 -0.155096 -0.311401 0.000000
0.034852 409.777802 150.222198 -0.557982 -0.590735 1.000000
0.055218 378.666687 123.555603 -1.084831 -0.932141 2.000000
0.011940 378.666687 123.555603 -0.000142 -0.001029 2.000000
0.022123 348.444489 110.222198 -1.053839 -0.466589 2.000000
0.034852 313.777802 104.000000 -1.208796 -0.218288 2.000000
0.065400 277.333313 103.111099 -1.270779 -0.032066 2.000000
-0.000788 277.333313 103.111099 -0.000142 -0.001029 2.000000
0.004303 270.222198 104.000000 -0.248071 0.030009 2.000000
0.014486 261.333313 105.777802 -0.310053 0.061047 2.000000
0.001757 261.333313 105.777802 -0.000142 -0.001029 2.000000
0.019577 258.666687 108.444397 -0.093114 0.092080 2.000000
0.006849 256.888885 112.000000 -0.062125 0.123122 2.000000
0.019577 252.444397 126.222198 -0.155099 0.495565 2.000000
0.004303 252.444397 126.222198 -0.000142 -0.001029 2.000000
0.006849 248.888901 137.777802 -0.124105 0.402456 3.000000
0.017032 237.333298 166.222198 -0.403028 0.992159 3.000000
0.006849 229.333298 182.222198 -0.279062 0.557641 0.000000
0.017032 222.222198 197.333298 -0.248071 0.526603 0.000000
0.024669 214.222198 212.444397 -0.279062 0.526603 0.000000
0.006849 208.000000 224.888901 -0.217079 0.433494 0.000000
0.022123 199.111099 246.222198 -0.310054 0.743862 0.000000
0.006849 199.111099 246.222198 -0.000142 -0.001029 0.000000
0.022123 192.000000 256.888885 -0.248071 0.371418 0.000000
0.006849 188.444397 259.555511 -0.124108 0.092082 0.000000
0.019577 184.888901 261.333313 -0.124105 0.061047 0.000000
0.004303 180.444397 261.333313 -0.155100 -0.001029 0.000000
0.022123 174.222198 261.333313 -0.217079 -0.001029 0.000000
0.001757 168.000000 259.555511 -0.217079 -0.063104 0.000000
0.022123 162.666702 256.000000 -0.186088 -0.125176 0.000000
0.006849 157.333298 252.444397 -0.186091 -0.125179 1.000000
0.022123 150.222198 243.555603 -0.248071 -0.311397 1.000000
0.001757 149.333298 238.222198 -0.031134 -0.187254 2.000000
0.019577 149.333298 231.111099 -0.000142 -0.249326 2.000000
0.039943 152.888901 214.222198 0.123824 -0.590735 2.000000
0.022123 155.555603 204.444397 0.092832 -0.342438 2.000000
0.019577 160.888901 185.777802 0.185803 -0.652807 2.000000
0.009394 163.555603 176.000000 0.092832 -0.342438 2.000000
0.052672 165.333298 161.777802 0.061837 -0.497623 2.000000
0.065400 165.333298 152.888901 -0.000142 -0.311401 2.000000
0.022123 165.333298 152.888901 -0.000142 -0.001029 2.000000
0.037397 165.333298 153.777802 -0.000142 0.030009 2.000000
0.014486 165.333298 166.222198 -0.000142 0.433490 0.000000
0.039943 171.555603 190.222198 0.216799 0.836975 0.000000
0.022123 177.777802 207.111099 0.216795 0.588678 0.000000
0.047580 192.000000 246.222198 0.495715 1.364607 0.000000
0.017032 211.555603 288.000000 0.681664 1.457720 0.000000
-0.000788 211.555603 288.000000 -0.000142 -0.001029 0.000000
0.014486 223.111099 305.777802 0.402740 0.619716 0.000000
0.001757 235.555603 322.666687 0.433735 0.588678 0.000000
0.004303 247.111099 336.888885 0.402740 0.495565 0.000000
0.034852 264.888885 356.444489 0.619680 0.681791 0.000000
0.055218 272.000000 366.222198 0.247787 0.340378 0.000000
0.062855 268.444489 371.555511 -0.124105 0.185194 0.000000
-0.000788 263.111115 373.333313 -0.186090 0.061047 0.000000
0.006849 256.000000 375.111115 -0.248071 0.061047 1.000000
0.011940 247.111099 376.888885 -0.310054 0.061046 2.000000
0.004303 247.111099 376.888885 -0.000142 -0.001029 2.000000
0.014486 225.777802 379.555511 -0.743928 0.092082 2.000000
0.001757 225.777802 379.555511 -0.000142 -0.001029 2.000000
0.004303 214.222198 379.555511 -0.403028 -0.001029 2.000000
0.014486 202.666702 379.555511 -0.403025 -0.001029 2.000000
0.004303 192.000000 379.555511 -0.372037 -0.001029 2.000000
0.017032 180.444397 376.888885 -0.403028 -0.094139 2.000000
0.001757 169.777802 372.444489 -0.372033 -0.156213 2.000000
0.017032 149.333298 361.777802 -0.712940 -0.373475 2.000000
0.001757 149.333298 361.777802 -0.000142 -0.001029 2.000000
0.017032 138.666702 355.555511 -0.372033 -0.218291 2.000000
0.004303 128.888901 349.333313 -0.341045 -0.218288 2.000000
0.006849 118.222198 344.000000 -0.372037 -0.187251 2.000000
0.039943 99.555557 335.111115 -0.650955 -0.311400 2.000000
0.080675 72.888893 320.888885 -0.929875 -0.497624 3.000000
0.011940 68.444443 315.555511 -0.155098 -0.187253 3.000000
0.029760 64.888893 309.333313 -0.124106 -0.218288 0.000000
0.006849 63.111111 301.333313 -0.062125 -0.280363 0.000000
0.034852 58.666672 280.000000 -0.155098 -0.745920 0.000000
0.075583 51.555561 248.000000 -0.248071 -1.118367 0.000000
0.037397 41.777779 231.111099 -0.341045 -0.590735 0.000000
0.022123 30.222219 217.777802 -0.403027 -0.466585 0.000000
0.037397 20.444441 207.111099 -0.341044 -0.373476 0.000000
0.017032 17.777781 203.555603 -0.093115 -0.125175 0.000000
0.039943 14.222220 199.111099 -0.124107 -0.156217 0.000000
0.027215 13.333330 197.333298 -0.031133 -0.063104 0.000000
0.037397 13.333330 194.666702 -0.000142 -0.094138 1.000000
0.039943 13.333330 193.777802 -0.000142 -0.032066 2.000000
0.014486 13.333330 192.000000 -0.000142 -0.063104 2.000000
0.029760 16.000000 190.222198 0.092831 -0.063104 2.000000
0.075583 43.555561 178.666702 0.960582 -0.404510 2.000000
0.009394 43.555561 178.666702 -0.000142 -0.001029 2.000000
0.065400 72.888893 203.555603 1.022564 0.868013 2.000000
0.050126 79.111107 232.888901 0.216795 1.023197 2.000000
0.009394 80.000000 248.888901 0.030849 0.557641 3.000000
0.032306 81.777779 277.333313 0.061840 0.992160 3.000000
0.029760 88.000000 297.777802 0.216796 0.712828 0.000000
0.062855 102.222198 305.777802 0.495715 0.278306 0.000000
0.032306 124.444397 299.555511 0.774635 -0.218291 0.000000
0.009394 137.777802 290.666687 0.464727 -0.311398 0.000000
0.047580 162.666702 264.888885 0.867609 -0.901108 0.000000
0.047580 183.111099 229.333298 0.712652 -1.242517 0.000000
0.017032 199.111099 188.444397 0.557698 -1.428739 0.000000
0.006849 205.333298 168.888901 0.216795 -0.683844 0.000000
0.067946 216.888901 128.000000 0.402744 -1.428739 0.000000
0.052672 221.333298 115.555603 0.154812 -0.435547 0.000000
0.011940 224.000000 112.000000 0.092832 -0.125179 3.000000
0.039943 236.444397 104.000000 0.433732 -0.280363 2.000000
0.022123 241.777802 103.111099 0.185807 -0.032066 2.000000
0.009394 248.000000 101.333298 0.216795 -0.063104 2.000000
0.042489 260.444489 97.777779 0.433735 -0.125176 2.000000
0.019577 266.666687 96.000000 0.216795 -0.063103 2.000000
0.009394 272.000000 95.111107 0.185804 -0.032066 2.000000
0.045035 283.555511 91.555557 0.402741 -0.125177 2.000000
0.017032 293.333313 89.777779 0.340761 -0.063103 2.000000
0.009394 297.777802 88.000000 0.154815 -0.063103 2.000000
0.039943 307.555511 85.333344 0.340758 -0.094140 2.000000
0.078129 326.222198 77.333344 0.650672 -0.280363 3.000000
0.042489 337.777802 72.000000 0.402744 -0.187252 3.000000
0.006849 342.222198 71.111107 0.154812 -0.032066 0.000000
0.017032 346.666687 70.222221 0.154815 -0.032066 0.000000
0.045035 354.666687 69.333344 0.278778 -0.032065 0.000000
0.055218 359.111115 73.777779 0.154813 0.154157 0.000000
0.009394 360.888885 78.222221 0.061840 0.154157 0.000000
0.019577 365.333313 91.555557 0.154813 0.464529 3.000000
0.009394 365.333313 91.555557 -0.000142 -0.001029 3.000000
0.017032 368.000000 113.777802 0.092832 0.774902 3.000000
0.006849 368.000000 127.111099 -0.000142 0.464528 3.000000
0.014486 368.000000 142.222198 -0.000142 0.526603 3.000000
0.004303 368.000000 142.222198 -0.000142 -0.001029 3.000000
0.014486 368.000000 170.666702 -0.000142 0.992163 2.000000
0.022123 368.000000 182.222198 -0.000142 0.402453 2.000000
0.067946 373.333313 213.333298 0.185804 1.085272 2.000000
0.024669 382.222198 234.666702 0.309769 0.743866 2.000000
0.014486 387.555511 245.333298 0.185804 0.371415 2.000000
0.004303 387.555511 245.333298 -0.000142 -0.001029 2.000000
0.014486 397.333313 267.555511 0.340761 0.774901 2.000000
0.001757 397.333313 267.555511 -0.000142 -0.001029 2.000000
0.017032 406.222198 286.222198 0.309769 0.650753 2.000000
0.001757 406.222198 286.222198 -0.000142 -0.001029 2.000000
0.017032 413.333313 296.888885 0.247787 0.371418 2.000000
0.001757 413.333313 296.888885 -0.000142 -0.001029 2.000000
0.006849 416.888885 299.555511 0.123823 0.092082 3.000000
0.078129 432.888885 295.111115 0.557698 -0.156213 0.000000
0.014486 438.222198 288.000000 0.185804 -0.249326 0.000000
0.080675 455.111115 249.777802 0.588690 -1.335626 0.000000
0.011940 460.444489 231.111099 0.185806 -0.652811 0.000000
0.042489 470.222198 189.333298 0.340758 -1.459777 0.000000
0.047580 475.555511 136.888901 0.185804 -1.832220 0.000000
0.045035 468.444489 113.777802 -0.248068 -0.807995 3.000000
0.017032 455.111115 95.111107 -0.465010 -0.652810 3.000000
0.014486 447.111115 87.111107 -0.279062 -0.280363 2.000000
0.057763 430.222198 73.777779 -0.588974 -0.466586 2.000000
0.047580 416.888885 68.444443 -0.465008 -0.187252 2.000000
0.027215 402.666687 67.555557 -0.495999 -0.032066 2.000000
0.039943 385.777802 72.888893 -0.588973 0.185195 2.000000
0.045035 361.777802 82.666656 -0.836902 0.340380 2.000000
0.042489 329.777802 93.333344 -1.115822 0.371418 2.000000
0.017032 297.777802 103.111099 -1.115822 0.340380 3.000000
0.009394 284.444489 105.777802 -0.465008 0.092084 0.000000
0.024669 273.777802 109.333298 -0.372036 0.123118 0.000000
0.024669 255.111099 111.111099 -0.650957 0.061047 0.000000
0.045035 236.444397 111.111099 -0.650957 -0.001029 0.000000
0.050126 214.222198 110.222198 -0.774919 -0.032066 0.000000
0.045035 179.555603 111.111099 -1.208793 0.030009 0.000000
0.045035 162.666702 114.666702 -0.588974 0.123122 0.000000
0.042489 153.777802 118.222198 -0.310054 0.123118 0.000000
0.004303 153.777802 118.222198 -0.000142 -0.001029 0.000000
0.017032 150.222198 120.888901 -0.124108 0.092084 0.000000
0.024669 149.333298 122.666702 -0.031134 0.061047 0.000000
0.019577 148.444397 128.000000 -0.031134 0.185193 2.000000
0.014486 146.666702 133.333298 -0.062121 0.185193 2.000000
0.027215 140.444397 145.777802 -0.217083 0.433494 2.000000
0.024669 136.000000 152.888901 -0.155096 0.247268 2.000000
0.001757 136.000000 152.888901 -0.000142 -0.001029 2.000000
0.022123 127.111099 165.333298 -0.310054 0.433490 2.000000
0.006849 123.555603 170.666702 -0.124105 0.185197 2.000000
0.017032 120.888901 175.111099 -0.093117 0.154156 2.000000
0.006849 119.111099 177.777802 -0.062125 0.092084 2.000000
0.019577 118.222198 179.555603 -0.031134 0.061047 2.000000
0.004303 118.222198 179.555603 -0.000142 -0.001029 2.000000
0.022123 116.444397 179.555603 -0.062125 -0.001029 2.000000
0.006849 114.666702 179.555603 -0.062121 -0.001029 2.000000
0.019577 112.888901 177.777802 -0.062125 -0.063104 2.000000
0.011940 110.222198 175.111099 -0.093117 -0.094141 3.000000
0.017032 108.444397 170.666702 -0.062125 -0.156213 3.000000
0.009394 106.666702 166.222198 -0.062121 -0.156217 0.000000
0.019577 104.888901 155.555603 -0.062125 -0.373472 0.000000
0.037397 104.888901 149.333298 -0.000142 -0.218292 0.000000
0.034852 104.888901 148.444397 -0.000142 -0.032066 0.000000
0.060309 102.222198 148.444397 -0.093117 -0.001029 0.000000
0.039943 93.333344 157.333298 -0.310052 0.309344 0.000000
0.034852 80.000000 175.111099 -0.465009 0.619716 0.000000
0.001757 73.777779 185.777802 -0.217080 0.371419 0.000000
0.006849 68.444443 196.444397 -0.186089 0.371415 0.000000
0.017032 64.000000 207.111099 -0.155098 0.371419 0.000000
0.006849 62.222221 217.777802 -0.062124 0.371419 0.000000
0.017032 61.333328 229.333298 -0.031133 0.402453 0.000000
0.006849 61.333328 240.888901 -0.000142 0.402456 0.000000
0.024669 64.000000 261.333313 0.092831 0.712825 2.000000
0.006849 64.000000 261.333313 -0.000142 -0.001029 2.000000
0.017032 68.444443 279.111115 0.154813 0.619716 2.000000
0.009394 69.333344 287.111115 0.030849 0.278306 2.000000
0.011940 70.222221 294.222198 0.030849 0.247268 2.000000
0.004303 70.222221 294.222198 -0.000142 -0.001029 2.000000
0.017032 70.222221 306.666687 -0.000142 0.433493 2.000000
0.006849 70.222221 312.000000 -0.000142 0.185194 2.000000
0.017032 70.222221 315.555511 -0.000142 0.123119 2.000000
0.004303 70.222221 315.555511 -0.000142 -0.001029 2.000000
0.006849 70.222221 319.111115 -0.000142 0.123122 2.000000
0.042489 74.666656 327.111115 0.154813 0.278306 2.000000
0.067946 88.000000 336.000000 0.464725 0.309343 2.000000
0.001757 88.000000 336.000000 -0.000142 -0.001029 2.000000
0.017032 98.666656 342.222198 0.371751 0.216231 3.000000
0.027215 104.888901 345.777802 0.216796 0.123122 3.000000
0.019577 116.444397 352.000000 0.402740 0.216231 0.000000
0.039943 127.111099 358.222198 0.371752 0.216231 0.000000
0.004303 127.111099 358.222198 -0.000142 -0.001029 0.000000
0.014486 136.888901 360.888885 0.340761 0.092084 0.000000
0.034852 141.333298 361.777802 0.154812 0.030010 0.000000
0.060309 152.000000 359.111115 0.371752 -0.094141 0.000000
0.039943 153.777802 351.111115 0.061841 -0.280363 0.000000
0.039943 149.333298 339.555511 -0.155100 -0.404514 0.000000
0.024669 135.111099 320.888885 -0.495999 -0.652808 1.000000
0.073038 107.555603 280.000000 -0.960864 -1.428739 1.000000
0.009394 97.777779 264.888885 -0.341046 -0.528661 2.000000
0.017032 88.888893 250.666702 -0.310053 -0.497622 2.000000
0.045035 70.222221 225.777802 -0.650956 -0.870070 2.000000
0.039943 34.666672 198.222198 -1.239786 -0.963183 2.000000
-0.000788 34.666672 198.222198 -0.000142 -0.001029 2.000000
0.009394 21.333330 191.111099 -0.465009 -0.249326 2.000000
0.037397 -0.888889 178.666702 -0.774920 -0.435547 2.000000
0.073038 -16.888889 160.888901 -0.557982 -0.621773 2.000000
0.039943 -16.000000 150.222198 0.030849 -0.373476 2.000000
0.001757 -10.666670 144.000000 0.185804 -0.218288 3.000000
0.006849 -3.555556 139.555603 0.247787 -0.156213 3.000000
0.060309 28.444441 129.777802 1.115538 -0.342438 3.000000
-0.000788 28.444441 129.777802 -0.000142 -0.001029 3.000000
0.004303 41.777779 128.888901 0.464725 -0.032066 0.000000
0.014486 55.111111 128.000000 0.464724 -0.032066 0.000000
0.004303 67.555557 128.000000 0.433733 -0.001029 0.000000
0.017032 80.888893 128.000000 0.464725 -0.001029 0.000000
0.024669 105.777802 131.555603 0.867610 0.123122 0.000000
0.014486 116.444397 134.222198 0.371749 0.092080 0.000000
0.001757 126.222198 136.888901 0.340761 0.092084 0.000000
0.014486 135.111099 140.444397 0.309769 0.123118 0.000000
0.037397 147.555603 148.444397 0.433735 0.278306 0.000000
0.024669 152.888901 152.000000 0.185803 0.123122 0.000000
0.019577 161.777802 160.000000 0.309769 0.278306 2.000000
0.014486 165.333298 164.444397 0.123820 0.154156 2.000000
0.062855 173.333298 171.555603 0.278778 0.247272 2.000000
0.052672 185.777802 183.111099 0.433735 0.402453 2.000000
0.032306 193.777802 190.222198 0.278778 0.247268 2.000000
0.052672 203.555603 199.111099 0.340761 0.309344 2.000000
0.039943 216.000000 207.111099 0.433732 0.278306 2.000000
0.027215 232.000000 216.888901 0.557698 0.340381 3.000000
0.014486 240.888901 222.222198 0.309769 0.185193 3.000000
0.004303 248.888901 230.222198 0.278778 0.278306 0.000000
0.014486 256.888885 239.111099 0.278777 0.309344 0.000000
0.001757 264.888885 249.777802 0.278778 0.371419 0.000000
0.014486 272.000000 262.222198 0.247787 0.433490 0.000000
0.001757 278.222198 273.777802 0.216795 0.402456 0.000000
0.001757 278.222198 273.777802 -0.000142 -0.001029 0.000000
0.017032 288.888885 293.333313 0.371752 0.681788 0.000000
0.001757 288.888885 293.333313 -0.000142 -0.001029 0.000000
0.017032 292.444489 300.444489 0.123824 0.247271 0.000000
0.004303 295.111115 306.666687 0.092830 0.216231 0.000000
0.001757 297.777802 311.111115 0.092832 0.154157 0.000000
0.014486 300.444489 313.777802 0.092832 0.092084 0.000000
0.001757 303.111115 316.444489 0.092830 0.092084 0.000000
0.014486 304.888885 318.222198 0.061840 0.061043 0.000000
0.001757 306.666687 320.000000 0.061841 0.061047 0.000000
0.014486 308.444489 320.888885 0.061841 0.030009 0.000000
0.004303 309.333313 321.777802 0.030847 0.030010 2.000000
0.011940 310.222198 322.666687 0.030849 0.030009 2.000000
0.045035 310.222198 322.666687 -0.000142 -0.001029 2.000000
0.060309 303.111115 308.444489 -0.248070 -0.497623 2.000000
0.050126 298.666687 288.000000 -0.155097 -0.714885 2.000000
0.034852 298.666687 255.111099 -0.000142 -1.149405 2.000000
0.027215 302.222198 213.333298 0.123821 -1.459777 2.000000
0.037397 306.666687 165.333298 0.154815 -1.677036 3.000000
0.014486 308.444489 143.111099 0.061841 -0.776957 3.000000
0.001757 308.444489 143.111099 -0.000142 -0.001029 3.000000
0.001757 308.444489 122.666702 -0.000142 -0.714882 0.000000
0.067946 307.555511 79.111107 -0.031136 -1.521852 0.000000
0.024669 306.666687 65.777779 -0.031131 -0.466586 0.000000
0.067946 305.777802 62.222221 -0.031133 -0.125177 0.000000
0.037397 302.222198 69.333344 -0.124108 0.247269 0.000000
0.055218 295.111115 88.888893 -0.248070 0.681789 0.000000
0.037397 283.555511 116.444397 -0.403028 0.961122 0.000000
0.022123 272.000000 149.333298 -0.403025 1.147347 0.000000
0.017032 266.666687 166.222198 -0.186088 0.588678 2.000000
0.006849 263.111115 182.222198 -0.124107 0.557641 2.000000
0.011940 260.444489 197.333298 -0.093114 0.526603 2.000000
0.024669 257.777802 210.666702 -0.093116 0.464532 2.000000
0.067946 252.444397 238.222198 -0.186091 0.961122 2.000000
0.037397 250.666702 246.222198 -0.062121 0.278306 2.000000
0.024669 250.666702 246.222198 -0.000142 -0.001029 2.000000
0.067946 248.888901 226.666702 -0.062125 -0.683844 2.000000
0.024669 248.000000 214.222198 -0.031134 -0.435551 2.000000
0.014486 244.444397 179.555603 -0.124108 -1.211476 3.000000
0.034852 239.111099 137.777802 -0.186088 -1.459777 0.000000
0.022123 234.666702 117.333298 -0.155096 -0.714886 0.000000
0.037397 226.666702 83.555557 -0.279062 -1.180440 0.000000
0.011940 222.222198 71.111107 -0.155100 -0.435549 0.000000
0.039943 216.000000 56.000000 -0.217079 -0.528660 0.000000
0.039943 213.333298 49.777779 -0.093117 -0.218289 0.000000
0.057763 230.222198 44.444439 0.588689 -0.187252 0.000000
0.045035 263.111115 42.666672 1.146530 -0.063103 0.000000
0.039943 304.000000 51.555561 1.425449 0.309343 0.000000
0.045035 348.444489 68.444443 1.549415 0.588678 2.000000
0.039943 388.444489 87.111107 1.394458 0.650752 2.000000
0.001757 405.333313 95.111107 0.588687 0.278306 2.000000
0.004303 419.555511 101.333298 0.495715 0.216231 2.000000
0.014486 431.111115 105.777802 0.402744 0.154159 2.000000
0.006849 440.000000 107.555603 0.309769 0.061047 2.000000
0.014486 446.222198 108.444397 0.216795 0.030005 2.000000
0.037397 453.333313 107.555603 0.247787 -0.032062 2.000000
0.057763 456.000000 100.444397 0.092832 -0.249329 2.000000
0.034852 456.000000 87.111107 -0.000142 -0.466585 2.000000
0.001757 456.888885 78.222221 0.030849 -0.311400 2.000000
0.004303 456.888885 68.444443 -0.000142 -0.342438 3.000000
0.011940 457.777802 59.555561 0.030850 -0.311400 0.000000
0.037397 458.666687 44.444439 0.030849 -0.528661 0.000000
0.022123 459.555511 39.111111 0.030847 -0.187251 0.000000
0.042489 459.555511 32.000000 -0.000142 -0.249326 0.000000
0.011940 457.777802 28.444441 -0.062122 -0.125177 0.000000
0.037397 456.000000 26.666670 -0.062125 -0.063103 0.000000
0.034852 454.222198 25.777781 -0.062125 -0.032066 0.000000
0.050126 454.222198 25.777781 -0.000142 -0.001029 0.000000
0.052672 453.333313 29.333330 -0.031133 0.123120 0.000000
0.052672 449.777802 54.222221 -0.124105 0.868012 0.000000
0.004303 449.777802 65.777779 -0.000142 0.402455 2.000000
0.014486 449.777802 77.333344 -0.000142 0.402455 2.000000
0.050126 454.222198 101.333298 0.154812 0.836974 2.000000
0.001757 457.777802 114.666702 0.123824 0.464532 2.000000
0.014486 461.333313 128.888901 0.123821 0.495565 2.000000
-0.000788 464.888885 144.888901 0.123823 0.557641 2.000000
0.004303 464.888885 144.888901 -0.000142 -0.001029 2.000000
0.014486 472.000000 176.000000 0.247787 1.085272 2.000000
0.004303 472.000000 176.000000 -0.000142 -0.001029 2.000000
0.014486 474.666687 190.222198 0.092832 0.495565 2.000000
-0.000788 478.222198 203.555603 0.123821 0.464532 2.000000
0.004303 481.777802 216.000000 0.123824 0.433490 2.000000
0.014486 484.444489 228.444397 0.092832 0.433490 2.000000
0.001757 487.111115 240.000000 0.092830 0.402456 2.000000
0.014486 489.777802 250.666702 0.092832 0.371419 2.000000
0.004303 491.555511 260.444489 0.061838 0.340381 2.000000
0.019577 493.333313 268.444489 0.061841 0.278306 3.000000
0.004303 494.222198 275.555511 0.030849 0.247266 3.000000
0.017032 494.222198 280.888885 -0.000142 0.185196 3.000000
0.004303 494.222198 285.333313 -0.000142 0.154157 0.000000
0.004303 494.222198 290.666687 -0.000142 0.185196 0.000000
0.014486 494.222198 295.111115 -0.000142 0.154157 0.000000
0.001757 494.222198 295.111115 -0.000142 -0.001029 0.000000
0.014486 492.444489 303.111115 -0.062122 0.278306 0.000000
0.001757 492.444489 303.111115 -0.000142 -0.001029 0.000000
0.004303 490.666687 305.777802 -0.062125 0.092084 0.000000
0.011940 488.888885 310.222198 -0.062125 0.154156 0.000000
0.037397 488.000000 311.111115 -0.031133 0.030010 0.000000
0.062855 488.000000 312.000000 -0.000142 0.030009 0.000000
0.037397 485.333313 312.000000 -0.093116 -0.001029 0.000000
0.006849 481.777802 310.222198 -0.124105 -0.063104 0.000000
0.017032 477.333313 305.777802 -0.155099 -0.156213 0.000000
0.047580 456.000000 276.444489 -0.743928 -1.025255 2.000000
0.047580 434.666687 241.777802 -0.743928 -1.211479 2.000000
0.045035 407.111115 203.555603 -0.960867 -1.335626 2.000000
0.045035 374.222198 175.111099 -1.146814 -0.994220 2.000000
0.055218 318.222198 153.777802 -1.952582 -0.745920 2.000000
0.022123 303.111115 150.222198 -0.526990 -0.125179 2.000000
0.060309 278.222198 144.888901 -0.867894 -0.187250 2.000000
0.029760 272.000000 147.555603 -0.217079 0.092084 2.000000
0.047580 271.111115 159.111099 -0.031133 0.402453 3.000000
0.047580 271.111115 178.666702 -0.000142 0.681791 0.000000
0.011940 271.111115 189.333298 -0.000142 0.371415 0.000000
0.019577 271.111115 213.333298 -0.000142 0.836975 0.000000
0.004303 271.111115 213.333298 -0.000142 -0.001029 0.000000
0.019577 269.333313 237.333298 -0.062125 0.836975 0.000000
0.045035 267.555511 261.333313 -0.062125 0.836976 0.000000
0.004303 266.666687 272.000000 -0.031131 0.371418 0.000000
0.014486 265.777802 281.777802 -0.031133 0.340381 0.000000
0.042489 265.777802 298.666687 -0.000142 0.588678 0.000000
0.047580 264.888885 315.555511 -0.031134 0.588676 0.000000
0.050126 264.888885 320.888885 -0.000142 0.185196 2.000000
0.045035 264.888885 322.666687 -0.000142 0.061047 2.000000
0.045035 264.888885 320.888885 -0.000142 -0.063104 2.000000
0.050126 272.888885 300.444489 0.278778 -0.714882 2.000000
0.022123 274.666687 288.000000 0.061841 -0.435551 2.000000
0.009394 276.444489 272.000000 0.061841 -0.559698 2.000000
0.024669 277.333313 231.111099 0.030847 -1.428739 2.000000
0.006849 277.333313 231.111099 -0.000142 -0.001029 2.000000
0.017032 276.444489 190.222198 -0.031131 -1.428739 2.000000
0.004303 276.444489 190.222198 -0.000142 -0.001029 2.000000
0.019577 272.000000 159.111099 -0.155099 -1.087329 2.000000
0.004303 269.333313 148.444397 -0.093116 -0.373476 3.000000
0.009394 266.666687 138.666702 -0.093114 -0.342435 0.000000
0.075583 257.777802 115.555603 -0.310053 -0.807995 0.000000
0.042489 248.888901 101.333298 -0.310054 -0.497626 0.000000
0.004303 243.555603 95.111107 -0.186088 -0.218288 0.000000
0.017032 237.333298 89.777779 -0.217083 -0.187251 0.000000
0.004303 231.111099 87.111107 -0.217079 -0.094140 0.000000
0.017032 224.000000 85.333344 -0.248071 -0.063102 0.000000
0.006849 216.888901 85.333344 -0.248071 -0.001029 0.000000
0.017032 208.888901 87.111107 -0.279062 0.061045 0.000000
0.006849 201.777802 90.666656 -0.248071 0.123120 0.000000
0.024669 187.555603 104.000000 -0.495999 0.464529 0.000000
0.042489 171.555603 120.888901 -0.557982 0.588678 0.000000
0.009394 161.777802 130.666702 -0.341045 0.340381 1.000000
0.019577 151.111099 140.444397 -0.372037 0.340378 1.000000
0.006849 139.555603 150.222198 -0.403025 0.340381 2.000000
0.024669 125.333298 160.000000 -0.496003 0.340381 2.000000
0.047580 84.444443 184.888901 -1.425732 0.868013 2.000000
0.045035 66.666656 193.777802 -0.619965 0.309344 2.000000
0.042489 56.888889 196.444397 -0.341044 0.092080 2.000000
0.042489 49.777779 195.555603 -0.248071 -0.032062 2.000000
0.039943 41.777779 190.222198 -0.279062 -0.187254 2.000000
0.045035 24.888889 181.333298 -0.588973 -0.311401 2.000000
0.004303 24.888889 181.333298 -0.000142 -0.001029 3.000000
0.019577 14.222220 176.888901 -0.372036 -0.156213 3.000000
0.004303 14.222220 176.888901 -0.000142 -0.001029 0.000000
0.032306 8.000000 174.222198 -0.217080 -0.094141 0.000000
0.032306 4.444445 174.222198 -0.124107 -0.001029 0.000000
0.055218 -0.888889 191.111099 -0.186089 0.588678 0.000000
0.037397 -8.000000 217.777802 -0.248071 0.930088 0.000000
0.024669 -12.444440 232.888901 -0.155098 0.526603 0.000000
0.014486 -16.000000 248.000000 -0.124107 0.526603 0.000000
0.034852 -20.444441 272.000000 -0.155098 0.836975 0.000000
0.055218 -18.666670 296.000000 0.061840 0.836975 0.000000
0.037397 -11.555560 311.111115 0.247787 0.526604 0.000000
0.004303 -8.000000 318.222198 0.123822 0.247268 2.000000
0.017032 -3.555556 324.444489 0.154813 0.216234 2.000000
0.055218 5.333333 333.333313 0.309769 0.309341 2.000000
0.050126 25.777781 331.555511 0.712653 -0.063104 2.000000
0.039943 45.333328 316.444489 0.681662 -0.528657 2.000000
0.047580 65.777779 295.111115 0.712654 -0.745922 2.000000
0.042489 85.333344 273.777802 0.681663 -0.745920 2.000000
0.004303 93.333344 265.777802 0.278778 -0.280363 2.000000
0.017032 100.444397 259.555511 0.247785 -0.218291 2.000000
0.001757 107.555603 256.000000 0.247790 -0.125176 3.000000
0.022123 112.888901 254.222198 0.185803 -0.063104 3.000000
0.006849 122.666702 253.333298 0.340761 -0.032066 0.000000
0.019577 128.000000 256.000000 0.185803 0.092084 0.000000
0.004303 128.000000 256.000000 -0.000142 -0.001029 0.000000
0.024669 138.666702 263.111115 0.371752 0.247269 0.000000
0.001757 138.666702 263.111115 -0.000142 -0.001029 0.000000
0.022123 153.777802 272.000000 0.526706 0.309343 0.000000
0.001757 162.666702 276.444489 0.309769 0.154159 0.000000
0.019577 171.555603 280.000000 0.309769 0.123119 0.000000
0.001757 180.444397 283.555511 0.309766 0.123119 0.000000
0.009394 187.555603 287.111115 0.247790 0.123122 0.000000
0.014486 194.666702 290.666687 0.247786 0.123121 0.000000
0.037397 205.333298 296.888885 0.371749 0.216231 0.000000
0.037397 212.444397 300.444489 0.247786 0.123122 0.000000
0.055218 217.777802 300.444489 0.185807 -0.001029 0.000000
0.032306 225.777802 293.333313 0.278778 -0.249328 0.000000
-0.000788 231.111099 286.222198 0.185803 -0.249326 2.000000
0.032306 245.333298 266.666687 0.495715 -0.683845 2.000000
0.050126 260.444489 241.777802 0.526709 -0.870069 2.000000
0.001757 267.555511 229.333298 0.247784 -0.435551 2.000000
0.014486 273.777802 218.666702 0.216798 -0.373472 2.000000
0.057763 288.000000 199.111099 0.495715 -0.683848 2.000000
0.032306 291.555511 193.777802 0.123821 -0.187250 2.000000
0.055218 305.777802 182.222198 0.495718 -0.404514 2.000000
0.045035 318.222198 179.555603 0.433732 -0.094138 3.000000
0.037397 330.666687 184.000000 0.433735 0.154156 0.000000
0.055218 343.111115 213.333298 0.433733 1.023197 0.000000
0.029760 344.888885 226.666702 0.061840 0.464532 0.000000
0.001757 345.777802 241.777802 0.030850 0.526603 0.000000
0.001757 347.555511 256.888885 0.061838 0.526603 0.000000
0.014486 349.333313 270.222198 0.061841 0.464528 0.000000
0.001757 352.888885 282.666687 0.123823 0.433493 0.000000
0.014486 356.444489 291.555511 0.123824 0.309341 0.000000
0.001757 360.000000 299.555511 0.123821 0.278306 0.000000
0.004303 360.000000 299.555511 -0.000142 -0.001029 0.000000
0.011940 368.000000 312.888885 0.278778 0.464531 0.000000
0.001757 368.000000 312.888885 -0.000142 -0.001029 0.000000
0.014486 372.444489 318.222198 0.154815 0.185194 0.000000
0.001757 375.111115 323.555511 0.092830 0.185194 0.000000
-0.000788 375.111115 323.555511 -0.000142 -0.001029 0.000000
0.014486 378.666687 331.555511 0.123823 0.278306 1.000000
0.004303 378.666687 334.222198 -0.000142 0.092084 1.000000
-0.000788 378.666687 334.222198 -0.000142 -0.001029 1.000000
0.014486 378.666687 337.777802 -0.000142 0.123122 2.000000
0.011940 378.666687 337.777802 -0.000142 -0.001029 2.000000
0.006849 378.666687 337.777802 -0.000142 -0.001029 2.000000
0.037397 382.222198 334.222198 0.123821 -0.125179 2.000000
0.055218 391.111115 312.000000 0.309770 -0.776957 2.000000
0.037397 396.444489 283.555511 0.185806 -0.994220 2.000000
0.057763 403.555511 227.555603 0.247784 -1.956368 2.000000
0.039943 408.888885 193.777802 0.185806 -1.180442 2.000000
0.037397 412.444489 180.444397 0.123824 -0.466589 2.000000
0.004303 415.111115 168.000000 0.092830 -0.435547 0.000000
0.034852 421.333313 147.555603 0.216795 -0.714882 0.000000
0.034852 424.888885 134.222198 0.123823 -0.466589 0.000000
0.055218 422.222198 129.777802 -0.093116 -0.156213 0.000000
0.034852 418.666687 131.555603 -0.124105 0.061047 0.000000
0.052672 402.666687 154.666702 -0.557982 0.805938 0.000000
0.032306 392.888885 180.444397 -0.341045 0.899047 0.000000
0.050126 379.555511 205.333298 -0.465010 0.868013 0.000000
0.052672 360.888885 229.333298 -0.650954 0.836975 0.000000
0.039943 314.666687 265.777802 -1.611679 1.271498 2.000000
0.034852 295.111115 277.333313 -0.681947 0.402453 2.000000
0.047580 236.444397 304.000000 -2.045557 0.930087 2.000000
0.022123 220.444397 308.444489 -0.557982 0.154159 2.000000
0.014486 196.444397 310.222198 -0.836902 0.061043 2.000000
0.037397 187.555603 309.333313 -0.310050 -0.032066 2.000000
0.055218 166.222198 294.222198 -0.743931 -0.528661 2.000000
0.001757 166.222198 294.222198 -0.000142 -0.001029 2.000000
0.014486 157.333298 280.000000 -0.310054 -0.497623 2.000000
0.047580 150.222198 264.000000 -0.248071 -0.559698 2.000000
0.004303 146.666702 256.888885 -0.124105 -0.249326 3.000000
0.037397 142.222198 244.444397 -0.155100 -0.435551 0.000000
0.032306 141.333298 230.222198 -0.031134 -0.497623 0.000000
0.055218 143.111099 212.444397 0.061841 -0.621773 0.000000
0.009394 145.777802 203.555603 0.092832 -0.311397 0.000000
0.017032 147.555603 195.555603 0.061841 -0.280363 0.000000
0.004303 147.555603 189.333298 -0.000142 -0.218292 0.000000
0.022123 147.555603 178.666702 -0.000142 -0.373472 0.000000
0.047580 145.777802 169.777802 -0.062125 -0.311401 0.000000
0.045035 143.111099 160.888901 -0.093117 -0.311401 0.000000
0.055218 140.444397 142.222198 -0.093117 -0.652811 0.000000
0.019577 140.444397 135.111099 -0.000142 -0.249326 0.000000
0.014486 139.555603 127.111099 -0.031130 -0.280363 1.000000
0.014486 138.666702 120.888901 -0.031134 -0.218288 1.000000
0.014486 133.333298 111.111099 -0.186091 -0.342438 2.000000
0.019577 129.777802 106.666702 -0.124105 -0.156213 2.000000
0.050126 121.777802 99.555557 -0.279062 -0.249327 2.000000
0.019577 113.777802 94.222221 -0.279062 -0.187252 2.000000
0.067946 104.000000 86.222221 -0.341045 -0.280363 2.000000
0.039943 95.111107 80.888893 -0.310053 -0.187251 2.000000
0.042489 82.666656 77.333344 -0.434018 -0.125177 2.000000
0.039943 64.000000 80.000000 -0.650955 0.092083 2.000000
0.039943 43.555561 91.555557 -0.712938 0.402455 3.000000
0.057763 17.777781 119.111099 -0.898884 0.961123 0.000000
0.037397 10.666670 142.222198 -0.248071 0.805938 0.000000
0.037397 8.888889 165.333298 -0.062124 0.805938 0.000000
0.042489 14.222220 185.777802 0.185804 0.712829 0.000000
0.004303 14.222220 185.777802 -0.000142 -0.001029 0.000000
0.042489 29.333330 206.222198 0.526707 0.712825 0.000000
0.039943 43.555561 208.888901 0.495716 0.092084 0.000000
0.024669 53.333328 207.111099 0.340760 -0.063104 0.000000
0.047580 78.222221 192.888901 0.867609 -0.497623 0.000000
0.014486 111.111099 172.444397 1.146529 -0.714886 1.000000
0.027215 128.888901 160.888901 0.619681 -0.404510 2.000000
0.009394 145.777802 148.444397 0.588689 -0.435551 2.000000
0.022123 177.777802 123.555603 1.115538 -0.870066 2.000000
0.006849 177.777802 123.555603 -0.000142 -0.001029 2.000000
0.019577 204.444397 102.222198 0.929589 -0.745923 2.000000
0.045035 228.444397 84.444443 0.836618 -0.621771 2.000000
0.047580 249.777802 71.111107 0.743647 -0.466586 2.000000
0.047580 280.000000 56.000000 1.053555 -0.528660 2.000000
0.004303 280.000000 56.000000 -0.000142 -0.001029 2.000000
0.019577 299.555511 49.777779 0.681661 -0.218289 2.000000
0.037397 318.222198 45.333328 0.650672 -0.156215 3.000000
0.039943 336.000000 41.777779 0.619681 -0.125177 0.000000
0.039943 348.444489 39.111111 0.433735 -0.094140 0.000000
0.006849 352.888885 38.222221 0.154812 -0.032066 0.000000
0.039943 360.888885 35.555561 0.278778 -0.094140 0.000000
0.045035 368.888885 32.888889 0.278778 -0.094140 0.000000
0.052672 384.000000 30.222219 0.526707 -0.094140 0.000000
0.019577 389.333313 29.333330 0.185804 -0.032066 0.000000
0.050126 399.111115 29.333330 0.340761 -0.001029 0.000000
0.047580 405.333313 30.222219 0.216795 0.030009 0.000000
0.042489 410.666687 36.444439 0.185806 0.216232 2.000000
0.039943 415.111115 42.666672 0.154813 0.216232 2.000000
0.037397 423.111115 49.777779 0.278778 0.247269 2.000000
0.062855 439.111115 60.444439 0.557698 0.371417 2.000000
0.004303 439.111115 60.444439 -0.000142 -0.001029 2.000000
0.014486 444.444489 64.888893 0.185806 0.154158 2.000000
-0.000788 448.888885 69.333344 0.154812 0.154158 2.000000
0.004303 453.333313 73.777779 0.154813 0.154157 2.000000
0.014486 456.888885 78.222221 0.123823 0.154157 2.000000
0.006849 460.444489 82.666656 0.123824 0.154157 2.000000
0.017032 462.222198 88.000000 0.061838 0.185195 2.000000
0.009394 464.888885 93.333344 0.092832 0.185195 1.000000
0.019577 468.444489 106.666702 0.123824 0.464530 0.000000
0.006849 468.444489 106.666702 -0.000142 -0.001029 0.000000
0.022123 471.111115 123.555603 0.092830 0.588678 0.000000
0.006849 472.888885 131.555603 0.061840 0.278306 0.000000
0.017032 474.666687 139.555603 0.061841 0.278306 0.000000
0.006849 475.555511 146.666702 0.030847 0.247268 0.000000
0.017032 476.444489 152.000000 0.030852 0.185193 0.000000
0.006849 477.333313 155.555603 0.030847 0.123122 0.000000
0.017032 477.333313 156.444397 -0.000142 0.030005 0.000000
0.045035 471.111115 157.333298 -0.217079 0.030009 0.000000
0.042489 457.777802 151.111099 -0.465008 -0.218288 0.000000
0.034852 431.111115 136.000000 -0.929876 -0.528660 0.000000
0.024669 424.000000 130.666702 -0.248071 -0.187250 2.000000
0.014486 418.666687 124.444397 -0.186088 -0.218292 2.000000
0.037397 408.888885 112.000000 -0.341045 -0.435547 2.000000
0.039943 395.555511 101.333298 -0.465010 -0.373476 2.000000
0.004303 386.666687 98.666656 -0.310051 -0.094139 2.000000
0.004303 386.666687 98.666656 -0.000142 -0.001029 2.000000
0.014486 363.555511 100.444397 -0.805913 0.061044 2.000000
0.001757 363.555511 100.444397 -0.000142 -0.001029 2.000000
0.017032 340.444489 112.888901 -0.805908 0.433494 2.000000
0.004303 331.555511 123.555603 -0.310056 0.371419 2.000000
0.017032 325.333313 135.111099 -0.217079 0.402453 2.000000
0.001757 321.777802 147.555603 -0.124105 0.433494 2.000000
0.017032 319.111115 160.000000 -0.093116 0.433490 2.000000
0.004303 319.111115 160.000000 -0.000142 -0.001029 2.000000
0.006849 320.000000 184.888901 0.030849 0.868013 2.000000
0.017032 322.666687 196.444397 0.092832 0.402453 0.000000
0.014486 327.111115 208.000000 0.154813 0.402456 0.000000
0.011940 332.444489 218.666702 0.185806 0.371419 0.000000
0.004303 337.777802 231.111099 0.185804 0.433490 0.000000
0.014486 344.000000 243.555603 0.216795 0.433494 0.000000
0.004303 350.222198 256.000000 0.216795 0.433490 0.000000
0.017032 355.555511 268.444489 0.185804 0.433493 0.000000
0.039943 365.333313 288.000000 0.340761 0.681788 0.000000
0.062855 378.666687 305.777802 0.464726 0.619716 0.000000
0.034852 386.666687 312.888885 0.278778 0.247268 0.000000
