0.062855 24.888889 185.777802 -0.341045 0.588678 2.000000
0.022123 24.888889 197.333298 -0.000142 0.402453 2.000000
0.017032 28.444441 210.666702 0.123822 0.464532 0.000000
0.022123 40.888889 242.666702 0.433734 1.116310 0.000000
0.027215 47.111111 258.666687 0.216796 0.557640 0.000000
0.055218 59.555561 298.666687 0.433734 1.395644 0.000000
0.060309 64.000000 321.777802 0.154813 0.805938 0.000000
0.022123 64.888893 344.888885 0.030849 0.805937 0.000000
0.052672 64.888893 368.000000 -0.000142 0.805938 0.000000
0.045035 62.222221 395.555511 -0.093116 0.961122 0.000000
0.039943 59.555561 407.111115 -0.093115 0.402456 0.000000
0.045035 58.666672 412.444489 -0.031133 0.185196 1.000000
0.039943 57.777779 412.444489 -0.031133 -0.001029 2.000000
0.004303 57.777779 408.888885 -0.000142 -0.125179 2.000000
0.034852 60.444439 388.444489 0.092831 -0.714882 2.000000
0.039943 67.555557 351.111115 0.247787 -1.304591 2.000000
0.037397 80.000000 300.444489 0.433733 -1.770146 2.000000
0.065400 108.444397 230.222198 0.991572 -2.452968 2.000000
0.039943 132.444397 199.111099 0.836618 -1.087329 2.000000
0.037397 158.222198 177.777802 0.898601 -0.745920 3.000000
0.042489 180.444397 162.666702 0.774635 -0.528660 0.000000
0.006849 191.111099 158.222198 0.371752 -0.156217 0.000000
0.019577 200.000000 155.555603 0.309769 -0.094138 0.000000
0.009394 207.111099 153.777802 0.247786 -0.063104 0.000000
0.014486 213.333298 153.777802 0.216795 -0.001029 0.000000
0.004303 219.555603 154.666702 0.216799 0.030009 0.000000
0.019577 224.000000 159.111099 0.154812 0.154156 0.000000
0.001757 229.333298 164.444397 0.185803 0.185193 0.000000
0.004303 233.777802 170.666702 0.154815 0.216235 0.000000
0.017032 238.222198 178.666702 0.154812 0.278306 0.000000
0.006849 242.666702 186.666702 0.154815 0.278306 0.000000
0.017032 247.111099 194.666702 0.154812 0.278306 0.000000
0.009394 251.555603 203.555603 0.154815 0.309344 0.000000
0.022123 257.777802 219.555603 0.216795 0.557641 0.000000
0.006849 257.777802 219.555603 -0.000142 -0.001029 0.000000
0.024669 258.666687 238.222198 0.030849 0.650750 1.000000
0.019577 258.666687 248.000000 -0.000142 0.340381 1.000000
0.011940 256.888885 257.777802 -0.062125 0.340381 2.000000
0.019577 251.555603 274.666687 -0.186087 0.588678 2.000000
0.050126 245.333298 283.555511 -0.217083 0.309341 2.000000
0.060309 235.555603 283.555511 -0.341041 -0.001029 2.000000
0.027215 232.888901 278.222198 -0.093117 -0.187251 2.000000
0.052672 224.000000 245.333298 -0.310054 -1.149405 2.000000
0.055218 216.000000 210.666702 -0.279062 -1.211476 2.000000
0.050126 194.666702 151.111099 -0.743928 -2.080521 0.000000
0.019577 185.777802 131.555603 -0.310054 -0.683844 0.000000
0.011940 176.888901 114.666702 -0.310054 -0.590735 0.000000
0.019577 162.666702 86.222221 -0.495999 -0.994219 0.000000
0.042489 152.888901 65.777779 -0.341045 -0.714884 0.000000
0.039943 144.888901 52.444439 -0.279062 -0.466586 0.000000
0.047580 136.888901 46.222221 -0.279062 -0.218289 0.000000
0.045035 129.777802 46.222221 -0.248071 -0.001029 0.000000
0.045035 120.888901 64.000000 -0.310054 0.619715 0.000000
0.060309 120.888901 88.000000 -0.000142 0.836975 1.000000
0.045035 133.333298 136.000000 0.433732 1.674979 2.000000
0.032306 137.777802 152.888901 0.154815 0.588678 2.000000
0.001757 142.222198 168.888901 0.154812 0.557641 2.000000
0.037397 148.444397 197.333298 0.216795 0.992159 2.000000
0.034852 151.111099 221.333298 0.092832 0.836975 2.000000
0.055218 152.888901 237.333298 0.061841 0.557641 2.000000
0.034852 161.777802 240.000000 0.309769 0.092084 2.000000
0.004303 161.777802 240.000000 -0.000142 -0.001029 2.000000
0.017032 167.111099 234.666702 0.185803 -0.187250 2.000000
0.001757 174.222198 224.888901 0.247786 -0.342438 2.000000
0.017032 184.000000 213.333298 0.340761 -0.404514 2.000000
0.009394 208.000000 181.333298 0.836618 -1.118367 0.000000
0.009394 208.000000 181.333298 -0.000142 -0.001029 0.000000
0.006849 223.111099 163.555603 0.526706 -0.621769 0.000000
0.004303 238.222198 146.666702 0.526706 -0.590735 0.000000
0.011940 253.333298 132.444397 0.526706 -0.497626 0.000000
0.004303 268.444489 121.777802 0.526709 -0.373472 0.000000
0.017032 282.666687 113.777802 0.495715 -0.280363 0.000000
0.004303 296.888885 107.555603 0.495715 -0.218288 0.000000
0.022123 311.111115 102.222198 0.495716 -0.187254 0.000000
0.006849 325.333313 96.888893 0.495715 -0.187251 0.000000
0.019577 339.555511 92.444443 0.495715 -0.156215 0.000000
0.011940 364.444489 86.222221 0.867612 -0.218289 0.000000
0.014486 375.111115 84.444443 0.371750 -0.063103 0.000000
0.006849 384.888885 83.555557 0.340760 -0.032066 0.000000
0.019577 393.777802 83.555557 0.309770 -0.001029 0.000000
0.009394 402.666687 83.555557 0.309769 -0.001029 1.000000
0.017032 411.555511 85.333344 0.309767 0.061046 1.000000
0.009394 420.444489 87.111107 0.309772 0.061045 1.000000
0.019577 437.333313 89.777779 0.588687 0.092083 2.000000
0.009394 437.333313 89.777779 -0.000142 -0.001029 2.000000
0.019577 449.777802 89.777779 0.433735 -0.001029 2.000000
0.011940 455.111115 88.000000 0.185804 -0.063103 2.000000
0.019577 459.555511 85.333344 0.154812 -0.094140 2.000000
0.001757 464.000000 82.666656 0.154815 -0.094141 2.000000
0.022123 466.666687 79.111107 0.092832 -0.125177 2.000000
0.004303 469.333313 74.666656 0.092830 -0.156215 2.000000
0.039943 472.888885 65.777779 0.123823 -0.311400 2.000000
0.037397 472.888885 54.222221 -0.000142 -0.404512 2.000000
0.045035 464.000000 40.000000 -0.310053 -0.497623 0.000000
0.034852 446.222198 26.666670 -0.619965 -0.466586 0.000000
0.060309 417.777802 9.777778 -0.991856 -0.590735 0.000000
0.042489 401.777802 1.777778 -0.557982 -0.280363 0.000000
0.006849 394.666687 -1.777778 -0.248071 -0.125177 0.000000
0.022123 386.666687 -3.555556 -0.279062 -0.063103 0.000000
0.050126 355.555511 -0.888889 -1.084833 0.092083 0.000000
0.037397 336.000000 7.111111 -0.681945 0.278306 0.000000
0.045035 325.333313 20.444441 -0.372036 0.464529 0.000000
0.039943 321.777802 39.111111 -0.124105 0.650752 0.000000
0.004303 321.777802 48.888889 -0.000142 0.340380 1.000000
0.017032 324.444489 61.333328 0.092832 0.433492 1.000000
0.037397 331.555511 88.000000 0.247784 0.930087 2.000000
0.057763 344.000000 135.111099 0.433735 1.643941 2.000000
0.004303 344.000000 135.111099 -0.000142 -0.001029 2.000000
0.017032 352.888885 168.888901 0.309769 1.178385 2.000000
0.004303 358.222198 185.777802 0.185804 0.588678 2.000000
0.017032 362.666687 200.888901 0.154815 0.526603 2.000000
0.006849 362.666687 200.888901 -0.000142 -0.001029 2.000000
0.014486 374.222198 230.222198 0.402741 1.023197 2.000000
0.006849 380.444489 243.555603 0.216798 0.464532 2.000000
0.014486 386.666687 256.888885 0.216795 0.464527 2.000000
0.004303 392.000000 269.333313 0.185804 0.433491 2.000000
0.004303 396.444489 280.888885 0.154815 0.402455 2.000000
0.017032 400.888885 291.555511 0.154812 0.371416 2.000000
0.024669 404.444489 300.444489 0.123824 0.309346 3.000000
0.014486 411.555511 315.555511 0.247784 0.526600 3.000000
0.022123 415.111115 321.777802 0.123824 0.216234 0.000000
0.052672 422.222198 333.333313 0.247786 0.402453 0.000000
0.055218 432.888885 343.111115 0.371752 0.340381 0.000000
0.047580 440.888885 344.000000 0.278778 0.030009 0.000000
0.047580 449.777802 342.222198 0.309770 -0.063104 0.000000
0.047580 462.222198 321.777802 0.433732 -0.714882 0.000000
0.045035 470.222198 295.111115 0.278778 -0.932145 0.000000
0.022123 480.000000 258.666687 0.340761 -1.273552 0.000000
0.055218 491.555511 205.333298 0.402741 -1.863261 1.000000
0.052672 494.222198 173.333298 0.092832 -1.118367 2.000000
0.027215 494.222198 159.111099 -0.000142 -0.497623 2.000000
0.050126 487.111115 134.222198 -0.248070 -0.870070 2.000000
0.045035 461.333313 104.888901 -0.898885 -1.025254 2.000000
0.052672 439.111115 92.444443 -0.774919 -0.435549 2.000000
0.052672 404.444489 88.000000 -1.208794 -0.156214 2.000000
0.047580 379.555511 92.444443 -0.867896 0.154157 2.000000
0.024669 350.222198 101.333298 -1.022848 0.309342 0.000000
0.050126 316.444489 110.222198 -1.177802 0.309344 0.000000
0.047580 284.444489 120.000000 -1.115822 0.340381 0.000000
0.006849 272.000000 124.444397 -0.434019 0.154156 0.000000
0.024669 255.111099 132.444397 -0.588974 0.278306 0.000000
0.050126 245.333298 139.555603 -0.341045 0.247272 0.000000
0.017032 241.777802 143.111099 -0.124105 0.123118 0.000000
0.004303 239.111099 148.444397 -0.093117 0.185193 0.000000
0.017032 238.222198 153.777802 -0.031134 0.185197 0.000000
0.001757 238.222198 160.000000 -0.000142 0.216231 0.000000
0.006849 238.222198 167.111099 -0.000142 0.247268 0.000000
0.017032 240.888901 173.333298 0.092832 0.216231 0.000000
0.004303 244.444397 180.444397 0.123820 0.247268 0.000000
0.017032 248.000000 186.666702 0.123824 0.216235 1.000000
0.004303 252.444397 193.777802 0.154812 0.247268 1.000000
0.022123 257.777802 200.000000 0.185807 0.216231 2.000000
0.004303 262.222198 205.333298 0.154812 0.185193 2.000000
0.014486 267.555511 210.666702 0.185804 0.185197 2.000000
0.004303 272.000000 216.000000 0.154815 0.185193 2.000000
0.001757 276.444489 221.333298 0.154815 0.185193 2.000000
0.014486 280.888885 226.666702 0.154812 0.185197 2.000000
0.006849 284.444489 232.000000 0.123824 0.185193 2.000000
0.014486 287.111115 237.333298 0.092830 0.185193 2.000000
0.042489 290.666687 250.666702 0.123823 0.464532 2.000000
0.065400 290.666687 272.888885 -0.000142 0.774899 2.000000
0.032306 287.111115 287.111115 -0.124107 0.495567 2.000000
0.037397 280.000000 300.444489 -0.248071 0.464531 2.000000
0.047580 270.222198 314.666687 -0.341045 0.495565 0.000000
0.052672 254.222198 339.555511 -0.557982 0.868010 0.000000
0.009394 248.888901 347.555511 -0.186088 0.278306 0.000000
0.019577 242.666702 355.555511 -0.217079 0.278306 0.000000
0.047580 232.000000 367.111115 -0.372037 0.402456 0.000000
0.050126 217.777802 376.000000 -0.495999 0.309343 0.000000
0.047580 208.888901 376.000000 -0.310054 -0.001029 0.000000
0.022123 200.000000 373.333313 -0.310054 -0.094141 0.000000
0.045035 192.000000 363.555511 -0.279062 -0.342438 0.000000
0.050126 182.222198 346.666687 -0.341045 -0.590733 1.000000
0.042489 171.555603 322.666687 -0.372033 -0.839032 1.000000
0.006849 165.333298 309.333313 -0.217083 -0.466588 2.000000
0.017032 159.111099 296.000000 -0.217079 -0.466585 2.000000
0.065400 136.888901 270.222198 -0.774919 -0.901108 2.000000
0.037397 120.000000 264.000000 -0.588974 -0.218288 2.000000
0.037397 104.000000 264.000000 -0.557982 -0.001029 2.000000
0.039943 90.666656 269.333313 -0.465009 0.185194 2.000000
0.065400 79.111107 277.333313 -0.403026 0.278306 2.000000
0.019577 76.444443 279.111115 -0.093115 0.061047 0.000000
0.009394 76.444443 279.111115 -0.000142 -0.001029 0.000000
0.034852 77.333344 279.111115 0.030849 -0.001029 0.000000
0.037397 86.222221 277.333313 0.309769 -0.063104 0.000000
0.042489 113.777802 265.777802 0.960583 -0.404510 0.000000
0.045035 141.333298 254.222198 0.960580 -0.404514 0.000000
0.065400 170.666702 243.555603 1.022567 -0.373472 0.000000
0.042489 200.888901 232.000000 1.053555 -0.404514 0.000000
0.019577 205.333298 230.222198 0.154812 -0.063104 0.000000
0.006849 206.222198 228.444397 0.030849 -0.063104 0.000000
0.017032 205.333298 227.555603 -0.031134 -0.032062 0.000000
0.009394 200.888901 225.777802 -0.155096 -0.063104 0.000000
0.019577 186.666702 222.222198 -0.495999 -0.125179 2.000000
0.011940 186.666702 222.222198 -0.000142 -0.001029 2.000000
0.019577 168.888901 217.777802 -0.619965 -0.156213 2.000000
0.004303 159.111099 216.000000 -0.341045 -0.063104 2.000000
0.014486 147.555603 213.333298 -0.403025 -0.094141 2.000000
0.006849 136.000000 211.555603 -0.403028 -0.063100 2.000000
0.017032 123.555603 210.666702 -0.434016 -0.032066 2.000000
0.004303 111.111099 208.888901 -0.434020 -0.063104 2.000000
0.019577 99.555557 208.000000 -0.403026 -0.032066 2.000000
0.009394 89.777779 206.222198 -0.341044 -0.063104 2.000000
0.045035 75.555557 203.555603 -0.496000 -0.094138 2.000000
0.050126 69.333344 200.888901 -0.217080 -0.094141 2.000000
0.052672 74.666656 197.333298 0.185804 -0.125179 3.000000
0.027215 90.666656 192.000000 0.557698 -0.187250 0.000000
0.042489 113.777802 190.222198 0.805628 -0.063104 0.000000
0.052672 156.444397 193.777802 1.487429 0.123122 0.000000
0.050126 186.666702 200.000000 1.053558 0.216231 0.000000
0.052672 218.666702 209.777802 1.115538 0.340381 0.000000
0.019577 250.666702 220.444397 1.115538 0.371415 0.000000
0.027215 264.888885 225.777802 0.495714 0.185197 0.000000
0.009394 277.333313 231.111099 0.433733 0.185193 0.000000
0.029760 300.444489 240.000000 0.805629 0.309344 2.000000
0.014486 310.222198 243.555603 0.340758 0.123122 2.000000
0.017032 320.000000 246.222198 0.340761 0.092080 2.000000
0.045035 344.000000 248.000000 0.836618 0.061047 2.000000
0.011940 350.222198 248.000000 0.216795 -0.001029 2.000000
0.017032 356.444489 247.111099 0.216798 -0.032066 2.000000
0.042489 368.888885 241.777802 0.433732 -0.187250 2.000000
0.045035 380.444489 232.888901 0.402744 -0.311401 2.000000
0.039943 392.000000 220.444397 0.402741 -0.435551 2.000000
0.006849 398.222198 212.444397 0.216795 -0.280363 2.000000
0.039943 409.777802 197.333298 0.402744 -0.528660 2.000000
0.047580 422.222198 177.777802 0.433732 -0.683844 3.000000
0.027215 424.888885 172.444397 0.092832 -0.187254 0.000000
0.014486 425.777802 168.888901 0.030850 -0.125175 0.000000
0.014486 426.666687 165.333298 0.030849 -0.125179 0.000000
0.039943 425.777802 152.000000 -0.031133 -0.466585 0.000000
0.062855 421.333313 139.555603 -0.155099 -0.435547 0.000000
0.039943 416.000000 122.666702 -0.186088 -0.590735 0.000000
0.039943 409.777802 104.888901 -0.217079 -0.621773 0.000000
0.047580 392.000000 85.333344 -0.619965 -0.683846 0.000000
0.052672 360.888885 74.666656 -1.084831 -0.373475 2.000000
0.019577 360.888885 74.666656 -0.000142 -0.001029 2.000000
0.009394 336.000000 73.777779 -0.867893 -0.032065 2.000000
0.017032 323.555511 73.777779 -0.434019 -0.001029 2.000000
0.011940 312.000000 73.777779 -0.403025 -0.001029 2.000000
0.019577 301.333313 75.555557 -0.372036 0.061046 2.000000
0.014486 291.555511 78.222221 -0.341045 0.092083 2.000000
0.017032 272.000000 86.222221 -0.681945 0.278306 2.000000
0.011940 261.333313 91.555557 -0.372036 0.185195 2.000000
0.019577 251.555603 97.777779 -0.341042 0.216232 2.000000
0.024669 237.333298 110.222198 -0.496003 0.433491 2.000000
0.011940 232.888901 116.444397 -0.155096 0.216231 2.000000
0.022123 232.000000 122.666702 -0.031134 0.216235 0.000000
0.009394 232.000000 128.000000 -0.000142 0.185193 0.000000
0.019577 233.777802 134.222198 0.061841 0.216231 0.000000
0.011940 237.333298 141.333298 0.123820 0.247268 0.000000
0.017032 241.777802 148.444397 0.154815 0.247268 0.000000
0.009394 250.666702 163.555603 0.309769 0.526607 0.000000
0.014486 255.111099 171.555603 0.154812 0.278306 0.000000
0.009394 258.666687 180.444397 0.123823 0.309340 0.000000
0.014486 261.333313 189.333298 0.092830 0.309344 0.000000
0.006849 263.111115 198.222198 0.061841 0.309344 0.000000
0.045035 264.888885 213.333298 0.061840 0.526603 0.000000
0.045035 264.888885 224.888901 -0.000142 0.402456 0.000000
0.042489 261.333313 231.111099 -0.124107 0.216231 1.000000
0.047580 256.000000 232.888901 -0.186088 0.061047 1.000000
0.019577 255.111099 229.333298 -0.031134 -0.125179 2.000000
0.006849 255.111099 223.111099 -0.000142 -0.218288 2.000000
0.047580 258.666687 202.666702 0.123823 -0.714882 2.000000
0.050126 277.333313 159.111099 0.650670 -1.521852 2.000000
0.017032 285.333313 142.222198 0.278778 -0.590735 2.000000
0.009394 296.000000 126.222198 0.371752 -0.559698 2.000000
0.029760 317.333313 101.333298 0.743644 -0.870070 2.000000
0.060309 341.333313 81.777779 0.836618 -0.683845 2.000000
0.027215 365.333313 68.444443 0.836618 -0.466586 2.000000
0.029760 387.555511 60.444439 0.774635 -0.280363 0.000000
0.006849 387.555511 60.444439 -0.000142 -0.001029 0.000000
0.027215 408.000000 57.777779 0.712655 -0.094140 0.000000
0.027215 426.666687 57.777779 0.650672 -0.001029 0.000000
0.004303 426.666687 57.777779 -0.000142 -0.001029 0.000000
0.027215 443.555511 62.222221 0.588687 0.154157 0.000000
0.011940 449.777802 64.888893 0.216798 0.092083 0.000000
0.022123 456.000000 68.444443 0.216795 0.123120 0.000000
0.014486 464.000000 76.444443 0.278778 0.278306 0.000000
0.017032 467.555511 80.000000 0.123821 0.123120 0.000000
0.011940 470.222198 83.555557 0.092832 0.123120 0.000000
0.022123 473.777802 89.777779 0.123824 0.216232 0.000000
0.047580 473.777802 92.444443 -0.000142 0.092083 0.000000
0.022123 472.888885 93.333344 -0.031134 0.030009 2.000000
0.006849 470.222198 93.333344 -0.093116 -0.001029 2.000000
0.047580 456.888885 93.333344 -0.465008 -0.001029 2.000000
0.039943 435.555511 88.888893 -0.743930 -0.156215 2.000000
0.050126 388.444489 79.111107 -1.642668 -0.342438 2.000000
0.045035 349.333313 72.888893 -1.363753 -0.218288 2.000000
0.047580 310.222198 68.444443 -1.363751 -0.156215 2.000000
0.050126 256.888885 65.777779 -1.859608 -0.094140 2.000000
0.017032 239.111099 66.666656 -0.619965 0.030008 2.000000
0.009394 221.333298 70.222221 -0.619965 0.123120 0.000000
0.027215 186.666702 80.888893 -1.208793 0.371418 0.000000
0.042489 158.222198 95.111107 -0.991860 0.495566 0.000000
0.017032 146.666702 102.222198 -0.403025 0.247268 0.000000
0.011940 137.777802 110.222198 -0.310054 0.278306 0.000000
0.042489 125.333298 126.222198 -0.434020 0.557641 0.000000
0.004303 121.777802 133.333298 -0.124105 0.247268 0.000000
0.019577 120.000000 140.444397 -0.062125 0.247268 0.000000
0.006849 120.000000 145.777802 -0.000142 0.185197 0.000000
0.017032 120.000000 151.111099 -0.000142 0.185193 0.000000
0.006849 120.888901 154.666702 0.030849 0.123122 0.000000
0.019577 122.666702 161.777802 0.061841 0.247268 0.000000
0.009394 123.555603 165.333298 0.030849 0.123118 0.000000
0.017032 124.444397 168.000000 0.030846 0.092084 0.000000
0.006849 124.444397 169.777802 -0.000142 0.061047 1.000000
0.017032 124.444397 171.555603 -0.000142 0.061047 1.000000
0.009394 123.555603 172.444397 -0.031130 0.030005 2.000000
0.024669 121.777802 173.333298 -0.062125 0.030009 2.000000
0.024669 118.222198 174.222198 -0.124108 0.030009 2.000000
0.006849 115.555603 175.111099 -0.093113 0.030009 2.000000
0.057763 112.000000 175.111099 -0.124108 -0.001029 2.000000
0.022123 107.555603 172.444397 -0.155096 -0.094141 2.000000
0.050126 100.444397 167.111099 -0.248074 -0.187250 2.000000
0.052672 86.222221 155.555603 -0.495998 -0.404510 2.000000
0.022123 80.888893 152.888901 -0.186089 -0.094141 0.000000
0.011940 76.444443 152.000000 -0.155098 -0.032066 0.000000
0.050126 72.000000 150.222198 -0.155098 -0.063104 0.000000
0.047580 79.111107 152.000000 0.247787 0.061047 0.000000
0.017032 88.000000 152.888901 0.309769 0.030009 0.000000
0.065400 137.777802 160.000000 1.735361 0.247268 0.000000
0.042489 178.666702 169.777802 1.425449 0.340381 0.000000
0.039943 219.555603 187.555603 1.425449 0.619716 0.000000
0.017032 255.111099 210.666702 1.239500 0.805938 0.000000
0.009394 255.111099 210.666702 -0.000142 -0.001029 0.000000
0.045035 290.666687 241.777802 1.239503 1.085272 1.000000
0.050126 305.777802 252.444397 0.526707 0.371415 2.000000
0.045035 315.555511 252.444397 0.340758 -0.001029 2.000000
0.045035 322.666687 233.777802 0.247789 -0.652807 2.000000
0.042489 323.555511 207.111099 0.030847 -0.932145 2.000000
0.042489 318.222198 169.777802 -0.186088 -1.304589 2.000000
0.019577 312.888885 149.333298 -0.186088 -0.714886 2.000000
0.006849 306.666687 130.666702 -0.217079 -0.652807 2.000000
0.047580 289.777802 102.222198 -0.588973 -0.994220 2.000000
0.019577 270.222198 89.777779 -0.681948 -0.435548 3.000000
0.009394 258.666687 88.000000 -0.403025 -0.063103 3.000000
0.017032 247.111099 88.000000 -0.403028 -0.001029 3.000000
0.001757 234.666702 91.555557 -0.434016 0.123120 0.000000
0.004303 234.666702 91.555557 -0.000142 -0.001029 0.000000
0.017032 210.666702 109.333298 -0.836902 0.619714 0.000000
0.004303 200.000000 123.555603 -0.372037 0.495569 0.000000
0.014486 189.333298 141.333298 -0.372037 0.619712 0.000000
0.001757 189.333298 141.333298 -0.000142 -0.001029 0.000000
0.019577 171.555603 184.000000 -0.619962 1.488757 0.000000
0.004303 162.666702 207.111099 -0.310054 0.805938 0.000000
0.017032 155.555603 229.333298 -0.248071 0.774900 0.000000
0.004303 155.555603 229.333298 -0.000142 -0.001029 0.000000
0.004303 149.333298 250.666702 -0.217083 0.743866 0.000000
0.017032 142.222198 289.777802 -0.248071 1.364607 0.000000
0.004303 142.222198 289.777802 -0.000142 -0.001029 0.000000
0.017032 139.555603 320.000000 -0.093113 1.054235 0.000000
0.062855 139.555603 345.777802 -0.000142 0.899050 0.000000
0.019577 141.333298 350.222198 0.061837 0.154156 2.000000
0.009394 143.111099 352.000000 0.061841 0.061047 2.000000
0.034852 150.222198 353.777802 0.247786 0.061047 2.000000
0.034852 164.444397 348.444489 0.495715 -0.187251 2.000000
0.060309 187.555603 335.111115 0.805630 -0.466588 2.000000
0.037397 221.333298 312.888885 1.177517 -0.776958 2.000000
0.004303 242.666702 297.777802 0.743647 -0.528660 2.000000
0.017032 264.888885 280.000000 0.774634 -0.621773 2.000000
0.004303 289.777802 259.555511 0.867610 -0.714885 2.000000
0.017032 315.555511 239.111099 0.898598 -0.714882 2.000000
0.004303 340.444489 218.666702 0.867612 -0.714882 2.000000
0.014486 363.555511 201.777802 0.805624 -0.590735 2.000000
0.004303 384.000000 189.333298 0.712655 -0.435551 2.000000
0.017032 416.000000 176.888901 1.115538 -0.435547 0.000000
0.006849 416.000000 176.888901 -0.000142 -0.001029 0.000000
0.001757 427.555511 174.222198 0.402741 -0.094141 0.000000
0.014486 436.444489 174.222198 0.309772 -0.001029 0.000000
0.001757 443.555511 176.000000 0.247784 0.061047 0.000000
0.017032 448.000000 179.555603 0.154815 0.123122 0.000000
0.006849 450.666687 184.888901 0.092832 0.185193 0.000000
0.014486 452.444489 192.000000 0.061841 0.247268 0.000000
0.004303 452.444489 200.000000 -0.000142 0.278306 0.000000
0.034852 440.888885 222.222198 -0.403028 0.774900 0.000000
0.062855 409.777802 261.333313 -1.084830 1.364607 0.000000
0.039943 387.555511 287.111115 -0.774922 0.899050 0.000000
0.042489 373.333313 301.333313 -0.495999 0.495565 0.000000
0.019577 369.777802 304.888885 -0.124105 0.123121 1.000000
0.001757 369.777802 304.888885 -0.000142 -0.001029 1.000000
0.006849 369.777802 304.000000 -0.000142 -0.032066 2.000000
0.017032 371.555511 297.777802 0.061838 -0.218288 2.000000
0.065400 382.222198 259.555511 0.371752 -1.335630 2.000000
0.042489 385.777802 219.555603 0.123824 -1.397698 2.000000
0.045035 383.111115 170.666702 -0.093116 -1.708074 2.000000
0.039943 368.888885 125.333298 -0.496000 -1.583927 2.000000
0.042489 335.111115 86.222221 -1.177804 -1.366663 2.000000
0.042489 313.777802 75.555557 -0.743928 -0.373475 3.000000
0.022123 306.666687 72.888893 -0.248071 -0.094140 0.000000
0.011940 302.222198 71.111107 -0.155099 -0.063103 0.000000
0.055218 298.666687 69.333344 -0.124105 -0.063102 0.000000
0.022123 303.111115 69.333344 0.154813 -0.001029 0.000000
0.045035 321.777802 74.666656 0.650672 0.185194 0.000000
0.047580 363.555511 95.111107 1.456438 0.712827 0.000000
0.050126 392.000000 118.222198 0.991575 0.805937 0.000000
0.022123 404.444489 132.444397 0.433735 0.495565 0.000000
0.006849 415.111115 147.555603 0.371750 0.526607 0.000000
0.045035 428.444489 188.444397 0.464726 1.426678 0.000000
0.045035 421.333313 214.222198 -0.248073 0.899050 1.000000
0.047580 403.555511 242.666702 -0.619965 0.992163 2.000000
0.047580 380.444489 274.666687 -0.805908 1.116309 2.000000
0.042489 359.111115 302.222198 -0.743930 0.961122 2.000000
0.037397 344.888885 322.666687 -0.496000 0.712828 2.000000
0.022123 335.111115 333.333313 -0.341044 0.371416 2.000000
0.006849 330.666687 335.111115 -0.155097 0.061047 2.000000
0.052672 320.888885 333.333313 -0.341045 -0.063104 2.000000
0.045035 310.222198 320.888885 -0.372036 -0.435548 2.000000
0.019577 300.444489 303.111115 -0.341042 -0.621772 0.000000
0.006849 296.888885 292.444489 -0.124108 -0.373473 0.000000
0.032306 293.333313 282.666687 -0.124107 -0.342438 0.000000
0.057763 280.888885 255.111099 -0.434017 -0.963182 0.000000
0.014486 275.555511 248.000000 -0.186090 -0.249326 0.000000
0.004303 269.333313 241.777802 -0.217079 -0.218288 0.000000
0.037397 254.222198 229.333298 -0.526991 -0.435551 0.000000
0.001757 244.444397 223.111099 -0.341045 -0.218288 0.000000
0.019577 235.555603 217.777802 -0.310050 -0.187250 0.000000
0.037397 218.666702 204.444397 -0.588974 -0.466589 0.000000
0.004303 213.333298 196.444397 -0.186091 -0.280363 0.000000
0.039943 207.111099 182.222198 -0.217079 -0.497623 0.000000
0.037397 202.666702 170.666702 -0.155096 -0.404510 0.000000
0.006849 201.777802 166.222198 -0.031134 -0.156217 1.000000
0.039943 199.111099 158.222198 -0.093117 -0.280363 1.000000
0.017032 197.333298 152.888901 -0.062125 -0.187250 2.000000
0.004303 195.555603 147.555603 -0.062121 -0.187250 2.000000
0.047580 192.888901 135.111099 -0.093117 -0.435551 2.000000
0.047580 192.000000 118.222198 -0.031134 -0.590735 2.000000
0.022123 192.888901 96.888893 0.030849 -0.745920 2.000000
0.055218 194.666702 77.333344 0.061841 -0.683846 2.000000
0.022123 195.555603 64.000000 0.030849 -0.466587 2.000000
0.011940 192.888901 58.666672 -0.093117 -0.187251 2.000000
0.050126 184.888901 51.555561 -0.279062 -0.249326 2.000000
0.019577 172.444397 46.222221 -0.434020 -0.187252 0.000000
0.014486 165.333298 45.333328 -0.248071 -0.032066 0.000000
0.022123 158.222198 44.444439 -0.248071 -0.032066 0.000000
0.050126 135.111099 48.000000 -0.805911 0.123120 0.000000
0.052672 119.111099 56.888889 -0.557982 0.309343 0.000000
0.050126 99.555557 73.777779 -0.681946 0.588678 0.000000
0.022123 79.111107 96.000000 -0.712938 0.774901 0.000000
0.052672 60.444439 124.444397 -0.650955 0.992159 0.000000
0.027215 46.222221 158.222198 -0.496000 1.178385 0.000000
0.011940 41.777779 175.111099 -0.155098 0.588678 0.000000
0.024669 37.333328 205.333298 -0.155098 1.054235 0.000000
0.055218 36.444439 227.555603 -0.031133 0.774904 1.000000
0.050126 36.444439 246.222198 -0.000142 0.650750 2.000000
0.039943 41.777779 247.111099 0.185805 0.030009 2.000000
0.042489 56.888889 234.666702 0.526707 -0.435547 2.000000
0.045035 82.666656 208.888901 0.898600 -0.901108 2.000000
0.042489 120.888901 173.333298 1.332476 -1.242517 2.000000
0.019577 166.222198 134.222198 1.580403 -1.366664 2.000000
0.017032 189.333298 116.444397 0.805626 -0.621773 2.000000
0.022123 210.666702 102.222198 0.743647 -0.497623 3.000000
0.014486 230.222198 91.555557 0.681660 -0.373474 3.000000
0.024669 262.222198 76.444443 1.115538 -0.528661 0.000000
0.024669 273.777802 72.000000 0.402744 -0.156214 0.000000
0.009394 281.777802 69.333344 0.278778 -0.094140 0.000000
0.024669 290.666687 66.666656 0.309769 -0.094141 0.000000
0.011940 290.666687 65.777779 -0.000142 -0.032065 0.000000
0.022123 289.777802 64.888893 -0.031133 -0.032066 0.000000
0.024669 277.333313 63.111111 -0.434019 -0.063103 0.000000
0.009394 265.777802 62.222221 -0.403025 -0.032066 0.000000
0.024669 252.444397 61.333328 -0.465011 -0.032066 0.000000
0.009394 235.555603 61.333328 -0.588970 -0.001029 0.000000
0.027215 199.111099 64.000000 -1.270780 0.092083 0.000000
0.024669 179.555603 67.555557 -0.681944 0.123120 0.000000
0.006849 160.888901 72.000000 -0.650957 0.154157 0.000000
0.047580 109.333298 88.888893 -1.797628 0.588678 1.000000
0.047580 81.777779 105.777802 -0.960865 0.588678 2.000000
0.039943 59.555561 128.888901 -0.774920 0.805938 2.000000
0.042489 48.000000 157.333298 -0.403027 0.992159 2.000000
0.055218 55.111111 194.666702 0.247787 1.302535 2.000000
0.055218 78.222221 208.000000 0.805627 0.464528 2.000000
0.065400 132.444397 216.888901 1.890314 0.309344 3.000000
0.006849 152.888901 218.666702 0.712655 0.061047 3.000000
0.027215 187.555603 221.333298 1.208512 0.092080 0.000000
0.009394 187.555603 221.333298 -0.000142 -0.001029 0.000000
0.073038 230.222198 230.222198 1.487429 0.309344 0.000000
0.001757 230.222198 230.222198 -0.000142 -0.001029 0.000000
0.055218 241.777802 236.444397 0.402744 0.216231 0.000000
0.047580 242.666702 238.222198 0.030849 0.061047 0.000000
0.017032 242.666702 238.222198 -0.000142 -0.001029 0.000000
0.001757 242.666702 238.222198 -0.000142 -0.001029 0.000000
0.017032 241.777802 232.000000 -0.031134 -0.218288 0.000000
0.006849 241.777802 224.888901 -0.000142 -0.249326 0.000000
0.004303 241.777802 224.888901 -0.000142 -0.001029 0.000000
0.019577 245.333298 201.777802 0.123820 -0.807995 0.000000
0.009394 249.777802 185.777802 0.154815 -0.559698 1.000000
0.017032 256.000000 166.222198 0.216795 -0.683848 1.000000
0.006849 262.222198 144.888901 0.216795 -0.745920 1.000000
0.014486 268.444489 122.666702 0.216798 -0.776957 2.000000
0.004303 275.555511 103.111099 0.247784 -0.683848 2.000000
0.019577 281.777802 85.333344 0.216798 -0.621771 2.000000
0.004303 288.000000 72.000000 0.216795 -0.466587 2.000000
0.017032 292.444489 62.222221 0.154815 -0.342438 2.000000
0.006849 296.888885 55.111111 0.154812 -0.249326 2.000000
0.039943 301.333313 48.888889 0.154813 -0.218289 2.000000
0.037397 301.333313 48.000000 -0.000142 -0.032066 2.000000
0.057763 299.555511 70.222221 -0.062125 0.774901 2.000000
0.037397 297.777802 100.444397 -0.062122 1.054234 3.000000
0.042489 301.333313 136.000000 0.123821 1.240460 0.000000
0.062855 320.888885 190.222198 0.681663 1.892238 0.000000
0.014486 328.888885 205.333298 0.278778 0.526603 0.000000
0.004303 328.888885 205.333298 -0.000142 -0.001029 0.000000
0.017032 344.000000 230.222198 0.526707 0.868013 0.000000
0.004303 350.222198 240.000000 0.216795 0.340381 0.000000
0.017032 355.555511 247.111099 0.185804 0.247268 0.000000
0.004303 360.888885 251.555603 0.185806 0.154159 0.000000
0.019577 365.333313 254.222198 0.154813 0.092080 0.000000
0.006849 370.666687 255.111099 0.185806 0.030009 0.000000
0.006849 376.000000 255.111099 0.185804 -0.001029 0.000000
0.022123 381.333313 252.444397 0.185804 -0.094141 0.000000
0.004303 387.555511 248.000000 0.216795 -0.156213 0.000000
0.014486 393.777802 242.666702 0.216798 -0.187250 0.000000
0.006849 400.000000 235.555603 0.216795 -0.249326 1.000000
0.014486 406.222198 227.555603 0.216795 -0.280363 1.000000
0.006849 412.444489 218.666702 0.216798 -0.311401 1.000000
0.017032 416.888885 209.777802 0.154812 -0.311401 2.000000
0.004303 420.444489 199.111099 0.123824 -0.373476 2.000000
0.017032 422.222198 175.111099 0.061838 -0.839032 2.000000
0.004303 422.222198 175.111099 -0.000142 -0.001029 2.000000
0.017032 420.444489 161.777802 -0.062122 -0.466585 2.000000
0.001757 416.888885 150.222198 -0.124108 -0.404514 2.000000
0.001757 411.555511 138.666702 -0.186090 -0.404510 2.000000
0.017032 407.111115 128.888901 -0.155096 -0.342438 2.000000
0.001757 403.555511 120.000000 -0.124108 -0.311401 2.000000
0.014486 400.888885 112.888901 -0.093114 -0.249326 2.000000
0.004303 398.222198 105.777802 -0.093116 -0.249326 2.000000
0.014486 396.444489 99.555557 -0.062122 -0.218290 2.000000
0.006849 394.666687 93.333344 -0.062125 -0.218288 2.000000
0.004303 394.666687 93.333344 -0.000142 -0.001029 2.000000
0.019577 392.000000 80.000000 -0.093116 -0.466587 2.000000
0.004303 390.222198 73.777779 -0.062125 -0.218289 2.000000
0.017032 390.222198 67.555557 -0.000142 -0.218289 0.000000
0.006849 389.333313 62.222221 -0.031133 -0.187252 0.000000
0.032306 390.222198 55.111111 0.030849 -0.249326 0.000000
0.057763 393.777802 52.444439 0.123824 -0.094140 0.000000
0.042489 401.777802 54.222221 0.278778 0.061046 0.000000
0.039943 413.333313 64.888893 0.402741 0.371418 0.000000
0.037397 427.555511 80.000000 0.495715 0.526603 0.000000
0.045035 452.444489 104.000000 0.867612 0.836975 0.000000
0.045035 467.555511 120.000000 0.526704 0.557641 0.000000
0.017032 474.666687 128.000000 0.247789 0.278306 0.000000
0.004303 480.888885 134.222198 0.216795 0.216231 0.000000
0.006849 486.222198 140.444397 0.185804 0.216231 0.000000
0.022123 490.666687 145.777802 0.154815 0.185197 1.000000
0.004303 495.111115 150.222198 0.154813 0.154156 2.000000
0.042489 500.444489 156.444397 0.185806 0.216231 2.000000
0.039943 502.222198 161.777802 0.061838 0.185197 2.000000
0.055218 496.888885 176.000000 -0.186088 0.495565 2.000000
0.060309 476.444489 200.000000 -0.712936 0.836975 2.000000
0.004303 476.444489 200.000000 -0.000142 -0.001029 2.000000
0.045035 457.777802 216.888901 -0.650956 0.588678 2.000000
0.052672 419.555511 242.666702 -1.332762 0.899050 2.000000
0.019577 389.333313 263.111115 -1.053839 0.712825 0.000000
0.014486 376.000000 273.777802 -0.465008 0.371418 0.000000
0.067946 348.444489 301.333313 -0.960865 0.961122 0.000000
0.042489 342.222198 308.444489 -0.217082 0.247271 0.000000
0.029760 342.222198 309.333313 -0.000142 0.030006 0.000000
0.042489 355.555511 303.111115 0.464724 -0.218288 0.000000
0.045035 374.222198 290.666687 0.650672 -0.435548 0.000000
0.037397 399.111115 276.444489 0.867610 -0.497623 0.000000
0.034852 411.555511 270.222198 0.433732 -0.218291 0.000000
0.057763 450.666687 264.888885 1.363469 -0.187251 0.000000
0.027215 472.888885 265.777802 0.774635 0.030010 2.000000
0.011940 482.666687 267.555511 0.340761 0.061043 2.000000
0.060309 502.222198 271.111115 0.681661 0.123122 2.000000
0.009394 505.777802 272.000000 0.123824 0.030009 2.000000
0.047580 507.555511 272.000000 0.061838 -0.001029 2.000000
0.052672 502.222198 267.555511 -0.186088 -0.156216 2.000000
0.052672 482.666687 255.111099 -0.681945 -0.435548 2.000000
0.024669 469.333313 243.555603 -0.465010 -0.404510 3.000000
0.024669 464.000000 236.444397 -0.186088 -0.249329 3.000000
0.006849 458.666687 228.444397 -0.186088 -0.280363 0.000000
0.052672 448.888885 212.444397 -0.341045 -0.559698 0.000000
0.022123 439.111115 195.555603 -0.341044 -0.590732 0.000000
0.006849 434.666687 186.666702 -0.155097 -0.311401 0.000000
0.017032 430.222198 176.888901 -0.155099 -0.342438 0.000000
0.009394 425.777802 168.000000 -0.155096 -0.311401 0.000000
0.019577 423.111115 160.000000 -0.093116 -0.280363 0.000000
0.006849 422.222198 152.000000 -0.031134 -0.280363 0.000000
0.019577 421.333313 144.888901 -0.031133 -0.249326 0.000000
0.006849 421.333313 138.666702 -0.000142 -0.218288 0.000000
0.019577 421.333313 131.555603 -0.000142 -0.249326 0.000000
0.006849 421.333313 128.888901 -0.000142 -0.094141 0.000000
0.022123 420.444489 127.111099 -0.031131 -0.063104 2.000000
0.009394 419.555511 125.333298 -0.031136 -0.063104 2.000000
0.024669 416.888885 122.666702 -0.093114 -0.094138 2.000000
0.083221 398.222198 113.777802 -0.650956 -0.311401 2.000000
0.006849 391.111115 111.111099 -0.248070 -0.094141 2.000000
0.042489 377.777802 105.777802 -0.465008 -0.187250 2.000000
0.045035 361.777802 99.555557 -0.557982 -0.218290 2.000000
0.083221 313.777802 88.000000 -1.673662 -0.404512 3.000000
0.009394 296.888885 86.222221 -0.588974 -0.063103 3.000000
0.017032 279.111115 86.222221 -0.619964 -0.001029 0.000000
0.004303 261.333313 86.222221 -0.619965 -0.001029 0.000000
0.004303 244.444397 88.000000 -0.588974 0.061046 0.000000
0.017032 230.222198 90.666656 -0.495999 0.092083 0.000000
0.006849 218.666702 92.444443 -0.403025 0.061046 0.000000
0.017032 210.666702 95.111107 -0.279062 0.092083 0.000000
0.006849 204.444397 98.666656 -0.217083 0.123120 0.000000
0.019577 200.000000 101.333298 -0.155096 0.092082 0.000000
0.009394 196.444397 104.000000 -0.124108 0.092084 0.000000
0.019577 191.111099 110.222198 -0.186088 0.216231 0.000000
0.006849 191.111099 110.222198 -0.000142 -0.001029 0.000000
0.017032 184.000000 118.222198 -0.248071 0.278306 0.000000
0.006849 181.333298 121.777802 -0.093117 0.123122 0.000000
0.014486 177.777802 124.444397 -0.124105 0.092080 0.000000
0.009394 176.888901 127.111099 -0.031134 0.092084 0.000000
0.017032 176.888901 128.000000 -0.000142 0.030009 0.000000
0.009394 180.444397 128.888901 0.123820 0.030009 2.000000
0.045035 193.777802 128.888901 0.464727 -0.001029 2.000000
0.042489 215.111099 125.333298 0.743643 -0.125179 2.000000
0.039943 241.777802 117.333298 0.929592 -0.280363 2.000000
0.039943 264.888885 108.444397 0.805626 -0.311401 2.000000
0.078129 291.555511 96.000000 0.929590 -0.435547 2.000000
0.034852 292.444489 93.333344 0.030852 -0.094140 2.000000
0.027215 286.222198 88.000000 -0.217082 -0.187252 2.000000
0.027215 269.333313 83.555557 -0.588973 -0.156214 0.000000
0.011940 258.666687 80.888893 -0.372034 -0.094140 0.000000
0.042489 232.000000 78.222221 -0.929876 -0.094140 0.000000
0.039943 200.000000 77.333344 -1.115822 -0.032065 0.000000
0.039943 167.111099 78.222221 -1.146814 0.030008 0.000000
0.019577 152.000000 80.000000 -0.526991 0.061046 0.000000
0.004303 137.777802 83.555557 -0.495999 0.123120 0.000000
0.045035 114.666702 90.666656 -0.805911 0.247268 0.000000
0.047580 95.111107 106.666702 -0.681948 0.557642 0.000000
0.047580 88.000000 125.333298 -0.248071 0.650750 3.000000
0.022123 84.444443 147.555603 -0.124107 0.774904 2.000000
0.009394 82.666656 158.222198 -0.062125 0.371415 2.000000
0.017032 81.777779 169.777802 -0.031133 0.402456 2.000000
0.009394 80.888893 180.444397 -0.031133 0.371415 2.000000
0.042489 79.111107 200.000000 -0.062125 0.681791 2.000000
0.047580 77.333344 217.777802 -0.062124 0.619716 2.000000
0.067946 73.777779 240.888901 -0.124107 0.805938 2.000000
0.027215 72.888893 251.555603 -0.031133 0.371419 2.000000
0.037397 76.444443 256.888885 0.123822 0.185193 3.000000
0.039943 85.333344 255.111099 0.309769 -0.063103 0.000000
0.060309 101.333298 243.555603 0.557696 -0.404510 0.000000
0.042489 132.444397 210.666702 1.084546 -1.149405 0.000000
0.037397 142.222198 195.555603 0.340761 -0.528660 0.000000
0.037397 169.777802 142.222198 0.960584 -1.863262 0.000000
0.062855 182.222198 112.888901 0.433732 -1.025254 0.000000
0.037397 184.888901 98.666656 0.092832 -0.497624 0.000000
0.039943 176.000000 91.555557 -0.310054 -0.249326 0.000000
0.060309 147.555603 87.111107 -0.991856 -0.156215 2.000000
0.037397 123.555603 86.222221 -0.836902 -0.032066 2.000000
0.039943 98.666656 87.111107 -0.867895 0.030009 2.000000
0.039943 76.444443 90.666656 -0.774920 0.123120 2.000000
0.019577 60.444439 99.555557 -0.557982 0.309344 2.000000
0.004303 60.444439 99.555557 -0.000142 -0.001029 2.000000
0.017032 55.111111 105.777802 -0.186089 0.216232 2.000000
0.001757 51.555561 113.777802 -0.124106 0.278306 2.000000
0.004303 51.555561 123.555603 -0.000142 0.340381 2.000000
0.017032 52.444439 134.222198 0.030849 0.371415 2.000000
0.006849 56.888889 145.777802 0.154814 0.402456 3.000000
0.019577 74.666656 169.777802 0.619680 0.836975 3.000000
0.004303 85.333344 182.222198 0.371752 0.433490 0.000000
0.019577 97.777779 194.666702 0.433733 0.433494 0.000000
0.004303 97.777779 194.666702 -0.000142 -0.001029 0.000000
0.019577 125.333298 221.333298 0.960581 0.930084 0.000000
0.006849 139.555603 236.444397 0.495719 0.526603 0.000000
0.019577 152.000000 252.444397 0.433732 0.557641 0.000000
0.004303 162.666702 267.555511 0.371752 0.526604 0.000000
0.039943 175.111099 293.333313 0.433732 0.899050 0.000000
0.042489 177.777802 313.777802 0.092832 0.712828 0.000000
0.045035 176.000000 329.777802 -0.062125 0.557641 0.000000
0.019577 170.666702 339.555511 -0.186088 0.340378 2.000000
0.011940 168.888901 342.222198 -0.062125 0.092084 2.000000
0.037397 166.222198 345.777802 -0.093117 0.123122 2.000000
0.080675 165.333298 347.555511 -0.031134 0.061043 2.000000
0.042489 164.444397 348.444489 -0.031134 0.030012 2.000000
0.032306 162.666702 348.444489 -0.062121 -0.001029 2.000000
0.045035 160.888901 348.444489 -0.062125 -0.001029 2.000000
0.042489 161.777802 341.333313 0.030849 -0.249328 2.000000
0.022123 169.777802 329.777802 0.278778 -0.404510 3.000000
0.004303 176.888901 323.555511 0.247786 -0.218291 3.000000
0.022123 185.777802 319.111115 0.309769 -0.156213 0.000000
0.006849 194.666702 314.666687 0.309769 -0.156214 0.000000
0.045035 216.000000 308.444489 0.743643 -0.218288 0.000000
0.034852 240.000000 304.000000 0.836618 -0.156216 0.000000
0.037397 265.777802 300.444489 0.898601 -0.125176 0.000000
0.037397 292.444489 298.666687 0.929592 -0.063104 0.000000
0.001757 292.444489 298.666687 -0.000142 -0.001029 0.000000
0.039943 326.222198 298.666687 1.177518 -0.001029 0.000000
0.037397 333.333313 299.555511 0.247787 0.030006 0.000000
0.078129 342.222198 299.555511 0.309769 -0.001029 2.000000
0.027215 336.000000 294.222198 -0.217079 -0.187251 2.000000
0.039943 326.222198 284.444489 -0.341045 -0.342435 2.000000
0.042489 318.222198 269.333313 -0.279062 -0.528663 2.000000
0.042489 312.000000 249.777802 -0.217079 -0.683845 2.000000
0.039943 304.888885 228.444397 -0.248071 -0.745923 2.000000
0.078129 295.111115 198.222198 -0.341044 -1.056292 2.000000
0.006849 294.222198 191.111099 -0.031134 -0.249326 3.000000
0.024669 295.111115 177.777802 0.030850 -0.466585 0.000000
0.011940 296.888885 172.444397 0.061840 -0.187254 0.000000
0.017032 299.555511 168.000000 0.092830 -0.156213 0.000000
0.009394 304.000000 163.555603 0.154815 -0.156213 0.000000
0.060309 321.777802 150.222198 0.619681 -0.466589 0.000000
0.037397 334.222198 144.000000 0.433732 -0.218288 0.000000
0.042489 347.555511 137.777802 0.464724 -0.218288 0.000000
0.042489 360.000000 131.555603 0.433735 -0.218288 0.000000
0.052672 373.333313 126.222198 0.464724 -0.187254 0.000000
0.047580 393.777802 118.222198 0.712655 -0.280363 0.000000
0.024669 407.111115 111.111099 0.464724 -0.249326 2.000000
0.009394 407.111115 111.111099 -0.000142 -0.001029 2.000000
0.057763 428.444489 95.111107 0.743646 -0.559697 2.000000
0.027215 436.444489 88.888893 0.278778 -0.218288 2.000000
0.042489 457.777802 76.444443 0.743644 -0.435549 2.000000
0.042489 469.333313 72.888893 0.402741 -0.125177 2.000000
0.017032 474.666687 72.000000 0.185806 -0.032066 2.000000
0.027215 484.444489 71.111107 0.340761 -0.032066 2.000000
0.052672 493.333313 71.111107 0.309767 -0.001029 0.000000
0.011940 497.777802 73.777779 0.154815 0.092083 0.000000
0.024669 504.888885 84.444443 0.247786 0.371417 0.000000
0.009394 504.888885 84.444443 -0.000142 -0.001029 0.000000
0.073038 506.666687 135.111099 0.061841 1.768090 0.000000
0.006849 502.222198 152.000000 -0.155099 0.588678 0.000000
0.057763 492.444489 184.000000 -0.341042 1.116310 0.000000
0.024669 482.666687 205.333298 -0.341045 0.743862 0.000000
0.045035 476.444489 217.777802 -0.217079 0.433494 0.000000
0.022123 472.000000 224.888901 -0.155099 0.247268 0.000000
0.004303 471.111115 226.666702 -0.031133 0.061047 0.000000
0.080675 465.777802 231.111099 -0.186088 0.154156 2.000000
0.029760 457.777802 233.777802 -0.279062 0.092084 2.000000
0.037397 449.777802 233.777802 -0.279062 -0.001029 2.000000
0.037397 428.444489 232.888901 -0.743928 -0.032066 2.000000
0.045035 390.222198 218.666702 -1.332762 -0.497623 2.000000
0.052672 369.777802 203.555603 -0.712936 -0.528660 2.000000
0.052672 339.555511 162.666702 -1.053842 -1.428739 2.000000
0.019577 328.888885 146.666702 -0.372034 -0.559698 3.000000
0.024669 306.666687 116.444397 -0.774919 -1.056296 0.000000
0.047580 286.222198 89.777779 -0.712939 -0.932142 0.000000
0.045035 267.555511 66.666656 -0.650956 -0.807996 0.000000
0.009394 259.555511 56.888889 -0.279062 -0.342437 0.000000
0.045035 245.333298 42.666672 -0.496000 -0.497623 0.000000
0.050126 225.777802 33.777779 -0.681944 -0.311400 0.000000
0.014486 220.444397 33.777779 -0.186091 -0.001029 0.000000
0.004303 220.444397 33.777779 -0.000142 -0.001029 0.000000
0.017032 210.666702 36.444439 -0.341041 0.092083 0.000000
0.004303 207.111099 40.000000 -0.124108 0.123120 0.000000
0.019577 205.333298 43.555561 -0.062125 0.123120 0.000000
0.004303 205.333298 47.111111 -0.000142 0.123120 0.000000
0.022123 210.666702 59.555561 0.185807 0.433492 2.000000
0.011940 210.666702 59.555561 -0.000142 -0.001029 2.000000
0.014486 216.888901 68.444443 0.216795 0.309343 2.000000
0.001757 225.777802 78.222221 0.309769 0.340380 2.000000
0.006849 235.555603 88.888893 0.340761 0.371418 2.000000
0.022123 247.111099 99.555557 0.402740 0.371417 2.000000
0.017032 273.777802 120.000000 0.929592 0.712826 2.000000
0.006849 287.111115 129.777802 0.464724 0.340381 2.000000
0.009394 302.222198 138.666702 0.526706 0.309344 2.000000
0.047580 328.888885 159.111099 0.929592 0.712825 2.000000
0.062855 357.333313 190.222198 0.991573 1.085272 2.000000
0.039943 365.333313 207.111099 0.278778 0.588678 3.000000
0.047580 367.111115 218.666702 0.061841 0.402456 0.000000
0.009394 366.222198 223.111099 -0.031134 0.154156 0.000000
0.047580 354.666687 226.666702 -0.403025 0.123122 0.000000
0.050126 319.111115 221.333298 -1.239787 -0.187254 0.000000
0.019577 304.000000 216.000000 -0.526991 -0.187250 0.000000
0.009394 288.000000 210.666702 -0.557982 -0.187250 0.000000
0.024669 255.111099 196.444397 -1.146814 -0.497626 0.000000
0.022123 240.000000 189.333298 -0.526991 -0.249326 0.000000
0.006849 227.555603 183.111099 -0.434016 -0.218288 0.000000
0.019577 216.888901 178.666702 -0.372037 -0.156213 0.000000
0.006849 208.888901 175.111099 -0.279062 -0.125179 0.000000
0.019577 202.666702 173.333298 -0.217079 -0.063104 0.000000
0.004303 198.222198 173.333298 -0.155100 -0.001029 0.000000
0.006849 194.666702 173.333298 -0.124105 -0.001029 2.000000
0.022123 187.555603 177.777802 -0.248071 0.154159 2.000000
0.017032 184.000000 181.333298 -0.124108 0.123118 2.000000
0.006849 182.222198 186.666702 -0.062125 0.185197 2.000000
0.019577 180.444397 192.000000 -0.062125 0.185193 2.000000
0.045035 182.222198 205.333298 0.061841 0.464528 2.000000
0.034852 190.222198 218.666702 0.278778 0.464532 2.000000
0.039943 202.666702 233.777802 0.433735 0.526603 2.000000
0.039943 216.888901 251.555603 0.495715 0.619716 2.000000
0.045035 229.333298 276.444489 0.433732 0.868012 0.000000
0.070492 218.666702 296.000000 -0.372033 0.681788 0.000000
0.052672 201.777802 303.111115 -0.588974 0.247269 0.000000
0.009394 192.000000 304.000000 -0.341045 0.030009 0.000000
0.047580 172.444397 303.111115 -0.681948 -0.032066 0.000000
0.067946 144.000000 288.888885 -0.991856 -0.497624 0.000000
0.055218 116.444397 267.555511 -0.960868 -0.745922 0.000000
0.006849 108.444397 260.444489 -0.279062 -0.249323 0.000000
0.045035 98.666656 246.222198 -0.341043 -0.497626 0.000000
0.042489 96.888893 226.666702 -0.062124 -0.683844 2.000000
0.083221 117.333298 163.555603 0.712652 -2.204668 2.000000
0.014486 124.444397 143.111099 0.247786 -0.714886 2.000000
0.024669 130.666702 123.555603 0.216799 -0.683844 2.000000
0.009394 133.333298 105.777802 0.092829 -0.621773 2.000000
0.065400 129.777802 72.000000 -0.124105 -1.180442 2.000000
0.052672 110.222198 56.888889 -0.681948 -0.528661 2.000000
0.009394 104.000000 55.111111 -0.217079 -0.063103 2.000000
0.027215 98.666656 54.222221 -0.186089 -0.032066 3.000000
0.009394 95.111107 53.333328 -0.124106 -0.032066 3.000000
0.024669 92.444443 53.333328 -0.093115 -0.001029 0.000000
0.022123 91.555557 52.444439 -0.031133 -0.032066 0.000000
0.006849 91.555557 52.444439 -0.000142 -0.001029 0.000000
0.052672 90.666656 53.333328 -0.031134 0.030009 0.000000
0.052672 83.555557 64.888893 -0.248071 0.402455 0.000000
0.067946 64.000000 89.777779 -0.681947 0.868012 0.000000
0.006849 57.777779 97.777779 -0.217080 0.278306 0.000000
0.024669 47.111111 112.888901 -0.372036 0.526604 0.000000
0.009394 47.111111 112.888901 -0.000142 -0.001029 0.000000
0.024669 38.222221 129.777802 -0.310053 0.588678 0.000000
0.006849 33.777779 139.555603 -0.155098 0.340381 0.000000
0.019577 27.555559 151.111099 -0.217080 0.402453 0.000000
0.011940 21.333330 163.555603 -0.217080 0.433494 2.000000
0.022123 5.333333 188.444397 -0.557982 0.868009 2.000000
0.022123 -1.777778 200.888901 -0.248071 0.433494 2.000000
0.006849 -8.888889 212.444397 -0.248071 0.402453 2.000000
0.019577 -18.666670 230.222198 -0.341044 0.619716 2.000000
0.004303 -18.666670 230.222198 -0.000142 -0.001029 2.000000
0.019577 -22.222219 241.777802 -0.124106 0.402456 2.000000
0.006849 -22.222219 241.777802 -0.000142 -0.001029 2.000000
0.019577 -20.444441 247.111099 0.061840 0.185193 2.000000
0.047580 -11.555560 248.000000 0.309769 0.030009 2.000000
0.042489 7.111111 240.000000 0.650671 -0.280363 3.000000
0.042489 55.111111 210.666702 1.673378 -1.025254 0.000000
0.045035 96.000000 185.777802 1.425449 -0.870070 0.000000
0.042489 138.666702 162.666702 1.487432 -0.807995 0.000000
0.047580 176.000000 146.666702 1.301483 -0.559698 0.000000
0.045035 204.444397 142.222198 0.991572 -0.156217 0.000000
0.039943 225.777802 145.777802 0.743647 0.123122 0.000000
0.045035 240.000000 161.777802 0.495715 0.557641 0.000000
0.045035 241.777802 170.666702 0.061841 0.309344 0.000000
0.045035 241.777802 175.111099 -0.000142 0.154156 3.000000
0.032306 241.777802 175.111099 -0.000142 -0.001029 3.000000
0.014486 242.666702 175.111099 0.030849 -0.001029 3.000000
0.006849 243.555603 174.222198 0.030849 -0.032066 3.000000
0.039943 247.111099 168.000000 0.123820 -0.218288 3.000000
0.042489 249.777802 157.333298 0.092832 -0.373476 3.000000
0.042489 250.666702 143.111099 0.030849 -0.497623 3.000000
0.019577 250.666702 135.111099 -0.000142 -0.280363 3.000000
0.039943 250.666702 116.444397 -0.000142 -0.652811 3.000000
0.045035 247.111099 88.888893 -0.124108 -0.963179 3.000000
0.001757 247.111099 88.888893 -0.000142 -0.001029 3.000000
0.022123 242.666702 72.888893 -0.155096 -0.559698 0.000000
0.055218 236.444397 60.444439 -0.217083 -0.435549 0.000000
0.009394 232.888901 55.111111 -0.124105 -0.187251 0.000000
0.050126 228.444397 43.555561 -0.155100 -0.404512 0.000000
0.024669 228.444397 40.888889 -0.000142 -0.094140 0.000000
0.024669 231.111099 37.333328 0.092832 -0.125177 0.000000
0.050126 233.777802 36.444439 0.092832 -0.032066 0.000000
0.050126 231.111099 51.555561 -0.093117 0.526604 0.000000
0.006849 231.111099 51.555561 -0.000142 -0.001029 0.000000
0.045035 218.666702 85.333344 -0.434016 1.178384 0.000000
0.019577 216.888901 97.777779 -0.062125 0.433492 2.000000
0.014486 216.888901 111.111099 -0.000142 0.464529 2.000000
0.047580 232.888901 152.888901 0.557698 1.457720 2.000000
0.045035 250.666702 180.444397 0.619681 0.961122 2.000000
0.047580 272.000000 203.555603 0.743643 0.805941 2.000000
0.022123 282.666687 214.222198 0.371752 0.371415 2.000000
0.004303 293.333313 225.777802 0.371750 0.402456 2.000000
0.050126 320.888885 259.555511 0.960583 1.178382 3.000000
0.032306 327.111115 269.333313 0.216796 0.340381 0.000000
0.075583 336.888885 296.888885 0.340760 0.961125 0.000000
0.014486 335.111115 300.444489 -0.062124 0.123122 0.000000
0.067946 319.111115 312.000000 -0.557982 0.402453 0.000000
0.055218 297.777802 324.444489 -0.743928 0.433493 0.000000
0.009394 297.777802 324.444489 -0.000142 -0.001029 0.000000
0.029760 288.888885 333.333313 -0.310054 0.309341 0.000000
0.024669 284.444489 338.666687 -0.155096 0.185196 1.000000
0.050126 284.444489 342.222198 -0.000142 0.123119 1.000000
0.006849 286.222198 343.111115 0.061838 0.030010 2.000000
0.019577 289.777802 344.000000 0.123824 0.030009 2.000000
0.006849 294.222198 344.000000 0.154812 -0.001029 2.000000
0.014486 306.666687 344.000000 0.433735 -0.001029 2.000000
0.006849 306.666687 344.000000 -0.000142 -0.001029 2.000000
0.017032 313.777802 343.111115 0.247787 -0.032066 2.000000
0.009394 322.666687 341.333313 0.309769 -0.063104 2.000000
0.017032 341.333313 336.000000 0.650670 -0.187251 2.000000
0.004303 341.333313 336.000000 -0.000142 -0.001029 2.000000
0.017032 360.000000 329.777802 0.650672 -0.218288 2.000000
0.001757 360.000000 329.777802 -0.000142 -0.001029 2.000000
0.024669 376.000000 322.666687 0.557698 -0.249326 2.000000
0.006849 383.111115 319.111115 0.247787 -0.125178 2.000000
0.027215 392.888885 312.888885 0.340760 -0.218289 0.000000
0.011940 395.555511 310.222198 0.092830 -0.094141 0.000000
0.047580 397.333313 304.000000 0.061841 -0.218288 0.000000
0.052672 389.333313 292.444489 -0.279062 -0.404510 0.000000
0.060309 351.111115 269.333313 -1.332759 -0.807997 0.000000
0.052672 290.666687 248.000000 -2.107537 -0.745920 0.000000
0.047580 242.666702 242.666702 -1.673662 -0.187250 0.000000
0.045035 193.777802 243.555603 -1.704654 0.030009 2.000000
0.006849 170.666702 246.222198 -0.805911 0.092080 2.000000
0.014486 149.333298 248.888901 -0.743931 0.092084 2.000000
0.006849 128.888901 252.444397 -0.712936 0.123118 2.000000
0.017032 112.000000 255.111099 -0.588974 0.092084 2.000000
0.004303 97.777779 257.777802 -0.496000 0.092084 2.000000
0.019577 81.777779 261.333313 -0.557982 0.123119 2.000000
0.006849 81.777779 261.333313 -0.000142 -0.001029 2.000000
0.006849 77.333344 263.111115 -0.155097 0.061047 2.000000
0.019577 75.555557 265.777802 -0.062125 0.092084 2.000000
0.004303 75.555557 265.777802 -0.000142 -0.001029 2.000000
0.017032 84.444443 269.333313 0.309769 0.123119 2.000000
0.009394 84.444443 269.333313 -0.000142 -0.001029 2.000000
0.019577 111.111099 271.111115 0.929591 0.061047 2.000000
0.024669 129.777802 270.222198 0.650672 -0.032067 3.000000
0.009394 150.222198 267.555511 0.712652 -0.094141 0.000000
0.027215 195.555603 262.222198 1.580407 -0.187251 0.000000
0.009394 218.666702 260.444489 0.805626 -0.063101 0.000000
0.047580 263.111115 258.666687 1.549412 -0.063104 0.000000
0.067946 328.000000 257.777802 2.262209 -0.032066 0.000000
0.050126 382.222198 254.222198 1.890315 -0.125179 0.000000
0.047580 408.888885 252.444397 0.929592 -0.063104 0.000000
0.011940 419.555511 251.555603 0.371750 -0.032062 2.000000
0.024669 430.222198 251.555603 0.371752 -0.001029 2.000000
0.006849 438.222198 253.333298 0.278778 0.061043 2.000000
0.019577 453.333313 258.666687 0.526707 0.185196 2.000000
0.006849 459.555511 262.222198 0.216795 0.123119 2.000000
0.019577 464.888885 264.888885 0.185806 0.092084 2.000000
0.006849 469.333313 267.555511 0.154813 0.092082 2.000000
0.017032 472.888885 269.333313 0.123823 0.061047 2.000000
0.009394 475.555511 270.222198 0.092830 0.030009 2.000000
0.019577 477.333313 271.111115 0.061841 0.030010 2.000000
0.004303 477.333313 271.111115 -0.000142 -0.001029 2.000000
0.014486 477.333313 271.111115 -0.000142 -0.001029 2.000000
0.004303 472.888885 269.333313 -0.155097 -0.063104 2.000000
0.019577 453.333313 260.444489 -0.681947 -0.311398 2.000000
0.009394 438.222198 254.222198 -0.526991 -0.218291 2.000000
0.014486 419.555511 247.111099 -0.650956 -0.249326 3.000000
0.011940 397.333313 240.000000 -0.774919 -0.249326 0.000000
0.045035 346.666687 223.111099 -1.766634 -0.590735 0.000000
0.073038 272.888885 199.111099 -2.572405 -0.839032 0.000000
0.039943 226.666702 184.888901 -1.611678 -0.497623 0.000000
0.027215 178.666702 175.111099 -1.673662 -0.342438 0.000000
0.045035 131.555603 173.333298 -1.642671 -0.063104 0.000000
0.017032 110.222198 173.333298 -0.743931 -0.001029 0.000000
0.006849 91.555557 174.222198 -0.650955 0.030009 0.000000
0.022123 65.777779 178.666702 -0.898884 0.154159 0.000000
0.006849 65.777779 178.666702 -0.000142 -0.001029 3.000000
0.022123 55.111111 181.333298 -0.372036 0.092080 3.000000
0.006849 53.333328 182.222198 -0.062125 0.030009 2.000000
0.017032 53.333328 182.222198 -0.000142 -0.001029 2.000000
0.006849 53.333328 182.222198 -0.000142 -0.001029 2.000000
0.017032 56.000000 180.444397 0.092831 -0.063104 2.000000
0.006849 60.444439 177.777802 0.154813 -0.094138 2.000000
0.022123 65.777779 175.111099 0.185805 -0.094141 2.000000
0.006849 72.888893 170.666702 0.247787 -0.156213 2.000000
0.014486 87.111107 161.777802 0.495715 -0.311401 2.000000
0.006849 87.111107 161.777802 -0.000142 -0.001029 2.000000
0.019577 106.666702 149.333298 0.681664 -0.435551 2.000000
0.004303 106.666702 149.333298 -0.000142 -0.001029 2.000000
0.042489 152.000000 124.444397 1.580403 -0.870070 3.000000
0.019577 168.888901 114.666702 0.588689 -0.342435 0.000000
0.045035 205.333298 96.000000 1.270492 -0.652811 0.000000
0.039943 243.555603 76.444443 1.332479 -0.683846 0.000000
0.037397 278.222198 55.111111 1.208509 -0.745921 0.000000
0.029760 304.888885 36.444439 0.929592 -0.652809 0.000000
0.039943 320.000000 25.777781 0.526707 -0.373474 0.000000
0.045035 326.222198 23.111111 0.216795 -0.094140 0.000000
0.078129 316.444489 37.333328 -0.341042 0.495566 0.000000
0.042489 299.555511 66.666656 -0.588976 1.023198 2.000000
0.045035 285.333313 107.555603 -0.495999 1.426684 2.000000
0.004303 279.111115 129.777802 -0.217079 0.774900 2.000000
0.017032 274.666687 154.666702 -0.155097 0.868013 2.000000
0.042489 268.444489 201.777802 -0.217079 1.643941 2.000000
0.027215 265.777802 246.222198 -0.093116 1.550829 2.000000
0.037397 264.888885 284.444489 -0.031134 1.333572 2.000000
0.017032 264.888885 300.444489 -0.000142 0.557641 2.000000
0.039943 265.777802 322.666687 0.030850 0.774900 2.000000
0.042489 269.333313 333.333313 0.123821 0.371416 3.000000
0.045035 270.222198 336.888885 0.030849 0.123121 0.000000
0.039943 270.222198 336.000000 -0.000142 -0.032066 0.000000
0.027215 264.888885 325.333313 -0.186088 -0.373475 0.000000
0.042489 250.666702 301.333313 -0.495999 -0.839032 0.000000
0.075583 219.555603 243.555603 -1.084831 -2.018443 0.000000
0.039943 201.777802 195.555603 -0.619965 -1.677036 0.000000
0.024669 186.666702 149.333298 -0.526991 -1.614965 0.000000
0.037397 173.333298 117.333298 -0.465011 -1.118367 0.000000
0.019577 161.777802 101.333298 -0.403025 -0.559698 2.000000
0.011940 161.777802 101.333298 -0.000142 -0.001029 2.000000
0.009394 156.444397 97.777779 -0.186091 -0.125176 2.000000
0.037397 146.666702 96.000000 -0.341041 -0.063103 2.000000
0.029760 137.777802 106.666702 -0.310054 0.371419 2.000000
0.037397 134.222198 141.333298 -0.124108 1.209419 2.000000
0.078129 138.666702 217.777802 0.154815 2.668171 2.000000
0.037397 144.888901 269.333313 0.216795 1.799126 2.000000
0.006849 146.666702 293.333313 0.061841 0.836975 2.000000
0.004303 146.666702 314.666687 -0.000142 0.743865 2.000000
0.017032 145.777802 333.333313 -0.031134 0.650751 3.000000
0.001757 142.222198 349.333313 -0.124108 0.557641 3.000000
0.039943 134.222198 372.444489 -0.279062 0.805940 3.000000
0.075583 120.888901 383.111115 -0.465008 0.371416 3.000000
0.042489 112.888901 379.555511 -0.279062 -0.125179 0.000000
0.045035 104.000000 356.444489 -0.310054 -0.807992 0.000000
0.009394 104.000000 356.444489 -0.000142 -0.001029 0.000000
0.014486 102.222198 338.666687 -0.062125 -0.621773 0.000000
0.039943 100.444397 323.555511 -0.062125 -0.528663 0.000000
0.029760 98.666656 316.444489 -0.062123 -0.249323 0.000000
0.065400 86.222221 286.222198 -0.434017 -1.056295 2.000000
0.052672 80.000000 266.666687 -0.217080 -0.683845 2.000000
0.045035 78.222221 248.000000 -0.062124 -0.652810 2.000000
0.006849 78.222221 239.111099 -0.000142 -0.311401 2.000000
0.024669 80.000000 222.222198 0.061840 -0.590735 2.000000
0.047580 87.111107 208.888901 0.247787 -0.466585 2.000000
0.006849 87.111107 208.888901 -0.000142 -0.001029 2.000000
0.050126 104.000000 191.111099 0.588689 -0.621773 2.000000
0.019577 112.000000 185.777802 0.278778 -0.187250 2.000000
0.022123 133.333298 176.888901 0.743643 -0.311401 2.000000
