0.022123 256.000000 281.777802 0.154812 0.309344 2.000000
0.017032 260.444489 290.666687 0.154815 0.309343 2.000000
0.039943 270.222198 314.666687 0.340758 0.836975 2.000000
0.034852 271.111115 322.666687 0.030850 0.278306 2.000000
0.060309 270.222198 340.444489 -0.031134 0.619716 2.000000
0.006849 269.333313 343.111115 -0.031133 0.092082 3.000000
0.009394 269.333313 344.000000 -0.000142 0.030009 3.000000
0.039943 271.111115 339.555511 0.061841 -0.156216 0.000000
0.057763 285.333313 306.666687 0.495715 -1.149402 0.000000
0.034852 298.666687 268.444489 0.464726 -1.335626 0.000000
0.052672 313.777802 221.333298 0.526707 -1.646002 0.000000
0.001757 320.000000 199.111099 0.216795 -0.776957 0.000000
0.011940 325.333313 180.444397 0.185804 -0.652811 0.000000
0.050126 329.777802 158.222198 0.154815 -0.776957 0.000000
0.022123 328.000000 151.111099 -0.062125 -0.249326 1.000000
0.014486 322.666687 151.111099 -0.186088 -0.001029 1.000000
0.032306 305.777802 156.444397 -0.588973 0.185193 1.000000
0.001757 305.777802 156.444397 -0.000142 -0.001029 2.000000
0.034852 280.888885 172.444397 -0.867894 0.557641 2.000000
0.045035 248.000000 198.222198 -1.146813 0.899050 2.000000
0.032306 210.666702 233.777802 -1.301768 1.240460 2.000000
-0.000788 194.666702 253.333298 -0.557982 0.681787 2.000000
0.001757 182.222198 272.000000 -0.434020 0.650753 2.000000
0.009394 182.222198 272.000000 -0.000142 -0.001029 2.000000
0.050126 168.888901 312.888885 -0.465008 1.426681 2.000000
0.057763 174.222198 326.222198 0.185803 0.464528 2.000000
0.037397 198.222198 327.111115 0.836618 0.030010 0.000000
0.039943 222.222198 320.000000 0.836618 -0.249326 0.000000
0.001757 222.222198 320.000000 -0.000142 -0.001029 0.000000
0.019577 248.888901 314.666687 0.929592 -0.187251 0.000000
-0.000788 248.888901 314.666687 -0.000142 -0.001029 0.000000
0.006849 263.111115 313.777802 0.495715 -0.032066 0.000000
0.014486 277.333313 312.888885 0.495715 -0.032067 0.000000
0.004303 291.555511 312.000000 0.495715 -0.032066 0.000000
0.014486 306.666687 312.000000 0.526709 -0.001029 0.000000
-0.000788 320.888885 311.111115 0.495715 -0.032066 0.000000
0.019577 335.111115 309.333313 0.495716 -0.063104 0.000000
-0.000788 347.555511 307.555511 0.433732 -0.063104 0.000000
0.006849 359.111115 304.888885 0.402744 -0.094139 0.000000
0.017032 368.000000 302.222198 0.309769 -0.094141 1.000000
0.006849 376.000000 298.666687 0.278778 -0.125176 1.000000
0.011940 382.222198 295.111115 0.216795 -0.125178 1.000000
0.001757 385.777802 289.777802 0.123824 -0.187251 2.000000
0.017032 388.444489 284.444489 0.092832 -0.187251 2.000000
0.052672 387.555511 271.111115 -0.031136 -0.466588 2.000000
0.047580 365.333313 242.666702 -0.774919 -0.994217 2.000000
0.029760 340.444489 222.222198 -0.867891 -0.714886 2.000000
0.052672 311.111115 205.333298 -1.022850 -0.590735 2.000000
0.060309 276.444489 185.777802 -1.208794 -0.683844 2.000000
0.039943 259.555511 174.222198 -0.588976 -0.404514 0.000000
0.009394 251.555603 168.888901 -0.279059 -0.187250 0.000000
0.017032 242.666702 164.444397 -0.310054 -0.156217 0.000000
0.039943 224.000000 157.333298 -0.650957 -0.249326 0.000000
0.047580 208.000000 153.777802 -0.557982 -0.125175 0.000000
0.045035 201.777802 152.888901 -0.217079 -0.032066 0.000000
0.037397 203.555603 152.888901 0.061841 -0.001029 0.000000
0.037397 232.000000 158.222198 0.991572 0.185193 0.000000
0.001757 232.000000 158.222198 -0.000142 -0.001029 1.000000
0.042489 264.888885 161.777802 1.146529 0.123122 2.000000
0.004303 283.555511 164.444397 0.650670 0.092080 2.000000
0.014486 303.111115 166.222198 0.681664 0.061047 2.000000
0.009394 323.555511 169.777802 0.712652 0.123122 2.000000
-0.003334 323.555511 169.777802 -0.000142 -0.001029 2.000000
0.014486 363.555511 177.777802 1.394458 0.278306 2.000000
-0.000788 363.555511 177.777802 -0.000142 -0.001029 2.000000
0.011940 397.333313 187.555603 1.177521 0.340381 2.000000
-0.000788 397.333313 187.555603 -0.000142 -0.001029 2.000000
0.001757 411.555511 192.000000 0.495715 0.154156 2.000000
0.011940 424.888885 194.666702 0.464726 0.092084 2.000000
0.001757 435.555511 195.555603 0.371750 0.030009 2.000000
0.014486 443.555511 195.555603 0.278778 -0.001029 2.000000
-0.000788 443.555511 195.555603 -0.000142 -0.001029 2.000000
0.001757 450.666687 194.666702 0.247789 -0.032066 2.000000
0.017032 455.111115 192.888901 0.154813 -0.063104 2.000000
0.004303 458.666687 189.333298 0.123823 -0.125179 2.000000
0.017032 461.333313 184.000000 0.092830 -0.187250 0.000000
0.001757 463.111115 178.666702 0.061841 -0.187250 0.000000
0.034852 463.111115 160.888901 -0.000142 -0.621773 0.000000
0.034852 461.333313 139.555603 -0.062125 -0.745920 0.000000
0.057763 453.333313 109.333298 -0.279062 -1.056296 0.000000
0.037397 447.111115 89.777779 -0.217079 -0.683845 0.000000
0.052672 439.111115 69.333344 -0.279062 -0.714883 0.000000
0.032306 429.333313 48.000000 -0.341045 -0.745921 0.000000
0.055218 418.666687 28.444441 -0.372034 -0.683847 1.000000
0.006849 414.222198 19.555559 -0.155099 -0.311400 1.000000
0.014486 410.666687 12.444440 -0.124105 -0.249326 1.000000
0.004303 408.000000 6.222222 -0.093116 -0.218289 1.000000
0.014486 406.222198 1.777778 -0.062125 -0.156214 2.000000
0.001757 404.444489 -1.777778 -0.062122 -0.125177 2.000000
0.006849 403.555511 -3.555556 -0.031136 -0.063103 2.000000
0.009394 403.555511 -4.444445 -0.000142 -0.032066 2.000000
-0.000788 403.555511 -4.444445 -0.000142 -0.001029 2.000000
0.022123 403.555511 -5.333333 -0.000142 -0.032066 2.000000
0.004303 402.666687 -5.333333 -0.031131 -0.001029 2.000000
0.024669 401.777802 -3.555556 -0.031133 0.061046 2.000000
0.011940 400.888885 1.777778 -0.031134 0.185195 2.000000
0.017032 398.222198 17.777781 -0.093116 0.557641 2.000000
0.004303 398.222198 17.777781 -0.000142 -0.001029 2.000000
0.019577 394.666687 42.666672 -0.124105 0.868012 2.000000
0.006849 394.666687 42.666672 -0.000142 -0.001029 2.000000
0.017032 387.555511 73.777779 -0.248073 1.085273 0.000000
0.055218 376.000000 105.777802 -0.403025 1.116311 0.000000
0.039943 360.000000 153.777802 -0.557982 1.674979 0.000000
0.037397 356.444489 167.111099 -0.124105 0.464528 0.000000
0.060309 347.555511 193.777802 -0.310056 0.930088 0.000000
0.037397 342.222198 201.777802 -0.186088 0.278306 0.000000
0.039943 338.666687 205.333298 -0.124105 0.123118 0.000000
0.004303 337.777802 205.333298 -0.031133 -0.001029 1.000000
0.017032 337.777802 205.333298 -0.000142 -0.001029 1.000000
0.004303 337.777802 204.444397 -0.000142 -0.032066 1.000000
0.004303 338.666687 201.777802 0.030849 -0.094138 1.000000
0.014486 340.444489 195.555603 0.061841 -0.218288 2.000000
0.037397 348.444489 178.666702 0.278778 -0.590735 2.000000
0.037397 360.000000 151.111099 0.402741 -0.963183 2.000000
0.055218 383.111115 105.777802 0.805627 -1.583923 2.000000
0.034852 391.111115 93.333344 0.278778 -0.435549 2.000000
0.057763 422.222198 66.666656 1.084546 -0.932145 2.000000
0.032306 444.444489 56.888889 0.774638 -0.342437 1.000000
0.024669 455.111115 54.222221 0.371750 -0.094140 0.000000
0.014486 473.777802 50.666672 0.650672 -0.125177 0.000000
0.034852 480.888885 49.777779 0.247786 -0.032066 0.000000
0.001757 486.222198 48.888889 0.185804 -0.032066 0.000000
0.032306 490.666687 48.000000 0.154815 -0.032066 0.000000
0.034852 488.000000 47.111111 -0.093116 -0.032066 0.000000
0.057763 471.111115 50.666672 -0.588973 0.123120 0.000000
0.034852 440.888885 57.777779 -1.053840 0.247269 0.000000
0.055218 374.222198 72.888893 -2.324476 0.526604 0.000000
0.034852 327.111115 83.555557 -1.642670 0.371417 0.000000
0.004303 306.666687 88.888893 -0.712937 0.185195 2.000000
0.037397 288.888885 95.111107 -0.619965 0.216231 2.000000
0.001757 275.555511 101.333298 -0.465010 0.216231 2.000000
0.011940 264.000000 108.444397 -0.403025 0.247268 2.000000
0.034852 247.111099 125.333298 -0.588974 0.588678 2.000000
0.011940 240.000000 134.222198 -0.248071 0.309344 2.000000
0.017032 234.666702 144.000000 -0.186088 0.340381 2.000000
0.042489 222.222198 168.888901 -0.434020 0.868013 2.000000
0.032306 220.444397 176.888901 -0.062125 0.278306 2.000000
0.017032 219.555603 184.888901 -0.031130 0.278306 2.000000
0.042489 219.555603 207.111099 -0.000142 0.774900 2.000000
0.006849 221.333298 215.111099 0.061837 0.278306 0.000000
0.019577 223.111099 224.000000 0.061841 0.309344 0.000000
0.006849 224.888901 232.888901 0.061841 0.309344 0.000000
0.017032 225.777802 242.666702 0.030849 0.340381 0.000000
0.047580 228.444397 260.444489 0.092829 0.619715 0.000000
0.045035 232.000000 273.777802 0.123824 0.464528 0.000000
0.039943 243.555603 287.111115 0.402744 0.464528 0.000000
0.034852 248.888901 290.666687 0.185803 0.123121 0.000000
0.057763 268.444489 294.222198 0.681663 0.123119 1.000000
0.004303 275.555511 294.222198 0.247784 -0.001029 1.000000
0.014486 281.777802 293.333313 0.216798 -0.032066 1.000000
0.024669 292.444489 287.111115 0.371752 -0.218288 2.000000
0.011940 296.888885 281.777802 0.154812 -0.187251 2.000000
0.032306 299.555511 275.555511 0.092830 -0.218291 2.000000
0.034852 301.333313 256.000000 0.061841 -0.683845 2.000000
0.057763 291.555511 211.555603 -0.341045 -1.552886 2.000000
0.037397 272.888885 184.000000 -0.650954 -0.963183 2.000000
0.052672 231.111099 156.444397 -1.456725 -0.963183 2.000000
0.032306 214.222198 150.222198 -0.588974 -0.218288 2.000000
0.024669 178.666702 141.333298 -1.239784 -0.311401 0.000000
0.014486 160.000000 139.555603 -0.650957 -0.063100 0.000000
0.034852 126.222198 140.444397 -1.177805 0.030005 0.000000
0.060309 100.444397 149.333298 -0.898885 0.309344 0.000000
0.001757 91.555557 154.666702 -0.310052 0.185197 0.000000
0.014486 85.333344 161.777802 -0.217080 0.247268 0.000000
0.001757 80.000000 168.888901 -0.186089 0.247268 0.000000
0.004303 77.333344 177.777802 -0.093115 0.309344 0.000000
0.014486 75.555557 186.666702 -0.062125 0.309344 0.000000
0.004303 74.666656 198.222198 -0.031134 0.402453 0.000000
0.017032 74.666656 209.777802 -0.000142 0.402456 0.000000
0.001757 74.666656 222.222198 -0.000142 0.433490 0.000000
0.017032 76.444443 235.555603 0.061840 0.464532 0.000000
0.001757 77.333344 248.000000 0.030849 0.433490 0.000000
0.006849 78.222221 262.222198 0.030849 0.495565 1.000000
0.011940 78.222221 262.222198 -0.000142 -0.001029 1.000000
0.004303 78.222221 287.111115 -0.000142 0.868013 2.000000
0.017032 78.222221 298.666687 -0.000142 0.402455 2.000000
0.006849 78.222221 298.666687 -0.000142 -0.001029 2.000000
0.019577 77.333344 318.222198 -0.031133 0.681788 2.000000
0.006849 77.333344 325.333313 -0.000142 0.247269 2.000000
0.017032 77.333344 330.666687 -0.000142 0.185196 2.000000
0.042489 78.222221 335.111115 0.030849 0.154157 2.000000
0.039943 85.333344 333.333313 0.247787 -0.063104 2.000000
0.055218 100.444397 313.777802 0.526705 -0.683845 2.000000
0.042489 111.111099 288.888885 0.371752 -0.870070 1.000000
0.047580 117.333298 256.888885 0.216795 -1.118367 0.000000
0.047580 117.333298 204.444397 -0.000142 -1.832224 0.000000
0.039943 108.444397 178.666702 -0.310054 -0.901104 0.000000
0.039943 94.222221 160.888901 -0.495998 -0.621773 0.000000
0.042489 75.555557 150.222198 -0.650955 -0.373476 0.000000
0.045035 52.444439 145.777802 -0.805911 -0.156213 0.000000
0.001757 40.888889 145.777802 -0.403026 -0.001029 0.000000
0.019577 29.333330 146.666702 -0.403027 0.030009 0.000000
0.001757 19.555559 151.111099 -0.341044 0.154156 0.000000
0.037397 4.444445 163.555603 -0.526991 0.433494 1.000000
0.037397 0.888889 184.000000 -0.124107 0.712825 2.000000
0.055218 7.111111 208.000000 0.216796 0.836975 2.000000
0.032306 24.888889 232.888901 0.619680 0.868013 2.000000
0.055218 63.111111 263.111115 1.332476 1.054235 2.000000
0.047580 96.000000 281.777802 1.146529 0.650753 2.000000
0.034852 131.555603 298.666687 1.239504 0.588678 2.000000
0.045035 160.888901 311.111115 1.022563 0.433491 0.000000
0.047580 180.444397 316.444489 0.681660 0.185196 0.000000
0.042489 193.777802 316.444489 0.464727 -0.001029 0.000000
0.060309 202.666702 299.555511 0.309769 -0.590738 0.000000
0.047580 199.111099 259.555511 -0.124108 -1.397702 0.000000
0.050126 185.777802 219.555603 -0.465008 -1.397698 0.000000
0.039943 167.111099 182.222198 -0.650957 -1.304592 0.000000
0.039943 144.000000 155.555603 -0.805911 -0.932141 1.000000
0.037397 120.000000 140.444397 -0.836902 -0.528664 1.000000
0.004303 110.222198 136.888901 -0.341045 -0.125175 2.000000
0.022123 102.222198 134.222198 -0.279062 -0.094141 2.000000
0.006849 96.000000 133.333298 -0.217079 -0.032066 2.000000
0.022123 90.666656 133.333298 -0.186089 -0.001029 2.000000
0.001757 86.222221 135.111099 -0.155097 0.061047 2.000000
0.024669 76.444443 151.111099 -0.341044 0.557641 2.000000
0.004303 76.444443 151.111099 -0.000142 -0.001029 2.000000
0.017032 65.777779 180.444397 -0.372035 1.023197 2.000000
0.004303 62.222221 200.000000 -0.124107 0.681791 2.000000
0.022123 58.666672 219.555603 -0.124106 0.681791 2.000000
0.001757 56.888889 240.000000 -0.062125 0.712825 2.000000
0.019577 56.000000 260.444489 -0.031133 0.712828 2.000000
0.006849 56.000000 277.333313 -0.000142 0.588676 2.000000
0.024669 58.666672 304.888885 0.092831 0.961125 3.000000
0.045035 64.888893 321.777802 0.216796 0.588679 0.000000
0.055218 70.222221 328.000000 0.185804 0.216231 0.000000
0.034852 77.333344 325.333313 0.247787 -0.094141 0.000000
0.039943 88.000000 309.333313 0.371751 -0.559698 0.000000
0.057763 113.777802 261.333313 0.898601 -1.677036 0.000000
0.047580 137.777802 221.333298 0.836618 -1.397702 0.000000
0.037397 166.222198 190.222198 0.991572 -1.087329 0.000000
0.004303 180.444397 179.555603 0.495715 -0.373472 0.000000
0.017032 194.666702 170.666702 0.495719 -0.311401 1.000000
0.004303 208.888901 163.555603 0.495715 -0.249326 1.000000
0.019577 223.111099 159.111099 0.495715 -0.156217 2.000000
0.006849 235.555603 156.444397 0.433735 -0.094141 2.000000
0.017032 256.000000 156.444397 0.712652 -0.001029 2.000000
0.004303 256.000000 156.444397 -0.000142 -0.001029 2.000000
0.006849 265.777802 159.111099 0.340761 0.092084 2.000000
0.017032 274.666687 162.666702 0.309769 0.123122 2.000000
0.004303 283.555511 167.111099 0.309767 0.154156 2.000000
0.011940 292.444489 171.555603 0.309772 0.154159 2.000000
0.004303 302.222198 176.000000 0.340758 0.154156 2.000000
0.017032 311.111115 179.555603 0.309770 0.123122 2.000000
0.001757 320.888885 184.000000 0.340760 0.154156 2.000000
0.017032 330.666687 186.666702 0.340761 0.092084 2.000000
0.001757 339.555511 188.444397 0.309767 0.061043 2.000000
0.042489 353.777802 190.222198 0.495718 0.061047 2.000000
0.006849 359.111115 190.222198 0.185804 -0.001029 0.000000
0.017032 364.444489 188.444397 0.185806 -0.063104 0.000000
0.034852 373.333313 181.333298 0.309767 -0.249326 0.000000
0.057763 388.444489 157.333298 0.526709 -0.839032 0.000000
0.042489 400.000000 130.666702 0.402741 -0.932141 0.000000
0.042489 413.333313 104.000000 0.464724 -0.932145 0.000000
0.050126 426.666687 82.666656 0.464726 -0.745921 0.000000
0.001757 432.888885 73.777779 0.216795 -0.311400 0.000000
0.022123 446.222198 58.666672 0.464724 -0.528660 1.000000
0.042489 458.666687 45.333328 0.433735 -0.466587 1.000000
0.045035 467.555511 33.777779 0.309767 -0.404512 2.000000
0.042489 472.000000 27.555559 0.154815 -0.218289 2.000000
0.052672 473.777802 25.777781 0.061841 -0.063103 2.000000
0.034852 473.777802 25.777781 -0.000142 -0.001029 2.000000
0.039943 473.777802 35.555561 -0.000142 0.340381 2.000000
0.055218 470.222198 53.333328 -0.124108 0.619715 2.000000
0.055218 458.666687 85.333344 -0.403025 1.116310 2.000000
0.034852 455.111115 95.111107 -0.124107 0.340380 1.000000
0.004303 452.444489 104.888901 -0.093114 0.340381 1.000000
0.011940 448.888885 115.555603 -0.124108 0.371419 0.000000
0.001757 447.111115 126.222198 -0.062124 0.371415 0.000000
0.034852 444.444489 147.555603 -0.093114 0.743866 0.000000
0.050126 442.666687 167.111099 -0.062125 0.681787 0.000000
0.001757 441.777802 176.000000 -0.031133 0.309344 0.000000
0.011940 440.888885 183.111099 -0.031134 0.247268 0.000000
0.047580 437.333313 202.666702 -0.124107 0.681791 0.000000
0.050126 436.444489 216.888901 -0.031131 0.495565 0.000000
0.034852 434.666687 232.000000 -0.062125 0.526603 0.000000
0.055218 432.000000 249.777802 -0.093116 0.619716 1.000000
0.042489 427.555511 268.444489 -0.155099 0.650753 1.000000
0.004303 424.000000 275.555511 -0.124105 0.247266 2.000000
0.019577 412.444489 288.000000 -0.403025 0.433493 2.000000
0.004303 412.444489 288.000000 -0.000142 -0.001029 2.000000
0.019577 396.444489 293.333313 -0.557982 0.185194 2.000000
0.001757 396.444489 293.333313 -0.000142 -0.001029 2.000000
0.022123 376.888885 293.333313 -0.681948 -0.001029 2.000000
0.004303 376.888885 293.333313 -0.000142 -0.001029 2.000000
0.022123 357.333313 285.333313 -0.681947 -0.280363 2.000000
0.001757 348.444489 279.111115 -0.310051 -0.218288 2.000000
0.019577 338.666687 270.222198 -0.341045 -0.311401 2.000000
-0.000788 328.000000 261.333313 -0.372036 -0.311400 2.000000
0.004303 328.000000 261.333313 -0.000142 -0.001029 2.000000
0.019577 301.333313 240.888901 -0.929876 -0.714882 2.000000
0.004303 284.444489 232.888901 -0.588971 -0.280363 2.000000
0.022123 265.777802 227.555603 -0.650956 -0.187250 0.000000
0.004303 244.444397 225.777802 -0.743931 -0.063104 0.000000
0.017032 223.111099 225.777802 -0.743928 -0.001029 0.000000
0.004303 203.555603 228.444397 -0.681944 0.092080 0.000000
0.017032 185.777802 233.777802 -0.619965 0.185197 0.000000
0.001757 172.444397 239.111099 -0.465011 0.185193 0.000000
0.004303 160.888901 245.333298 -0.403025 0.216231 0.000000
0.014486 152.000000 250.666702 -0.310054 0.185197 0.000000
0.006849 144.000000 255.111099 -0.279062 0.154156 0.000000
0.014486 137.777802 259.555511 -0.217079 0.154156 0.000000
0.001757 132.444397 263.111115 -0.186091 0.123122 0.000000
0.014486 129.777802 266.666687 -0.093113 0.123121 0.000000
0.060309 129.777802 274.666687 -0.000142 0.278306 0.000000
0.042489 132.444397 276.444489 0.092829 0.061047 0.000000
0.034852 139.555603 277.333313 0.247790 0.030006 0.000000
0.004303 139.555603 277.333313 -0.000142 -0.001029 1.000000
0.034852 143.111099 276.444489 0.123820 -0.032063 1.000000
0.042489 143.111099 272.888885 -0.000142 -0.125179 2.000000
0.042489 137.777802 267.555511 -0.186088 -0.187253 2.000000
0.039943 128.000000 262.222198 -0.341045 -0.187251 2.000000
0.057763 112.000000 247.111099 -0.557982 -0.528660 2.000000
0.047580 103.111099 229.333298 -0.310054 -0.621773 2.000000
0.050126 97.777779 189.333298 -0.186088 -1.397702 2.000000
0.022123 96.888893 174.222198 -0.031133 -0.528660 3.000000
0.014486 96.888893 158.222198 -0.000142 -0.559698 3.000000
0.019577 96.000000 131.555603 -0.031133 -0.932141 0.000000
0.009394 95.111107 120.888901 -0.031133 -0.373476 0.000000
0.019577 94.222221 111.111099 -0.031133 -0.342438 0.000000
0.004303 93.333344 102.222198 -0.031133 -0.311401 0.000000
0.019577 91.555557 94.222221 -0.062125 -0.280362 0.000000
0.006849 90.666656 86.222221 -0.031134 -0.280363 0.000000
0.019577 88.888893 79.111107 -0.062124 -0.249326 0.000000
0.006849 88.000000 72.000000 -0.031133 -0.249326 0.000000
0.022123 87.111107 65.777779 -0.031133 -0.218289 0.000000
0.004303 87.111107 65.777779 -0.000142 -0.001029 0.000000
0.019577 87.111107 64.000000 -0.000142 -0.063103 0.000000
0.037397 84.444443 68.444443 -0.093115 0.154157 0.000000
0.039943 74.666656 88.000000 -0.341045 0.681789 1.000000
0.004303 68.444443 101.333298 -0.217080 0.464528 1.000000
0.006849 62.222221 116.444397 -0.217080 0.526603 2.000000
0.014486 55.111111 133.333298 -0.248071 0.588678 2.000000
0.042489 40.888889 169.777802 -0.496000 1.271498 2.000000
0.037397 30.222219 209.777802 -0.372036 1.395644 2.000000
0.057763 25.777781 248.888901 -0.155098 1.364607 2.000000
0.006849 24.000000 266.666687 -0.062124 0.619715 2.000000
0.014486 23.111111 282.666687 -0.031133 0.557641 2.000000
0.042489 16.888889 321.777802 -0.217080 1.364607 2.000000
0.042489 9.777778 339.555511 -0.248071 0.619713 2.000000
0.006849 7.111111 344.888885 -0.093115 0.185196 1.000000
0.017032 5.333333 348.444489 -0.062124 0.123122 0.000000
0.057763 3.555556 345.777802 -0.062124 -0.094141 0.000000
0.034852 6.222222 338.666687 0.092831 -0.249326 0.000000
0.039943 23.111111 301.333313 0.588689 -1.304591 0.000000
0.001757 23.111111 301.333313 -0.000142 -0.001029 0.000000
0.004303 31.111111 286.222198 0.278778 -0.528661 0.000000
0.011940 40.000000 270.222198 0.309769 -0.559698 0.000000
0.001757 48.000000 254.222198 0.278778 -0.559698 0.000000
0.014486 55.111111 240.000000 0.247787 -0.497623 0.000000
0.001757 60.444439 227.555603 0.185804 -0.435547 0.000000
0.001757 60.444439 227.555603 -0.000142 -0.001029 0.000000
0.011940 64.888893 217.777802 0.154814 -0.342438 0.000000
0.006849 69.333344 205.333298 0.154814 -0.435551 0.000000
0.014486 69.333344 205.333298 -0.000142 -0.001029 0.000000
0.004303 70.222221 201.777802 0.030849 -0.125175 1.000000
0.014486 70.222221 200.000000 -0.000142 -0.063104 1.000000
0.001757 70.222221 199.111099 -0.000142 -0.032066 1.000000
0.004303 70.222221 198.222198 -0.000142 -0.032066 1.000000
0.014486 70.222221 198.222198 -0.000142 -0.001029 1.000000
0.004303 70.222221 201.777802 -0.000142 0.123122 2.000000
0.014486 67.555557 208.888901 -0.093115 0.247268 2.000000
0.001757 64.000000 220.444397 -0.124107 0.402453 2.000000
0.004303 59.555561 235.555603 -0.155098 0.526607 2.000000
0.014486 55.111111 253.333298 -0.155098 0.619712 2.000000
0.037397 46.222221 291.555511 -0.310053 1.333570 2.000000
0.057763 36.444439 323.555511 -0.341045 1.116310 2.000000
0.032306 30.222219 344.888885 -0.217080 0.743865 2.000000
0.050126 28.444441 354.666687 -0.062124 0.340381 2.000000
0.037397 28.444441 354.666687 -0.000142 -0.001029 0.000000
0.055218 32.000000 337.777802 0.123822 -0.590735 0.000000
0.034852 35.555561 307.555511 0.123822 -1.056295 0.000000
0.052672 38.222221 266.666687 0.092831 -1.428736 0.000000
0.032306 36.444439 222.222198 -0.062125 -1.552889 0.000000
0.001757 32.888889 204.444397 -0.124106 -0.621773 0.000000
0.001757 32.888889 204.444397 -0.000142 -0.001029 0.000000
0.014486 25.777781 177.777802 -0.248071 -0.932141 0.000000
0.050126 20.444441 165.333298 -0.186089 -0.435551 0.000000
0.039943 18.666670 160.000000 -0.062124 -0.187250 1.000000
0.042489 20.444441 159.111099 0.061840 -0.032066 1.000000
0.004303 25.777781 159.111099 0.185805 -0.001029 2.000000
0.019577 33.777779 161.777802 0.278778 0.092084 2.000000
0.062855 71.111107 180.444397 1.301484 0.650750 2.000000
0.037397 103.111099 199.111099 1.115538 0.650753 2.000000
0.039943 139.555603 221.333298 1.270495 0.774900 2.000000
0.037397 172.444397 243.555603 1.146526 0.774904 2.000000
0.001757 184.888901 252.444397 0.433735 0.309340 2.000000
0.034852 202.666702 264.000000 0.619681 0.402456 2.000000
0.042489 213.333298 265.777802 0.371749 0.061047 0.000000
0.039943 221.333298 261.333313 0.278778 -0.156216 0.000000
0.052672 227.555603 245.333298 0.216799 -0.559698 0.000000
0.050126 230.222198 198.222198 0.092829 -1.645999 0.000000
0.032306 224.000000 156.444397 -0.217079 -1.459777 0.000000
0.019577 219.555603 136.000000 -0.155096 -0.714882 0.000000
0.014486 214.222198 118.222198 -0.186091 -0.621773 0.000000
0.055218 197.333298 83.555557 -0.588974 -1.211478 0.000000
0.032306 189.333298 72.888893 -0.279062 -0.373475 1.000000
0.034852 186.666702 68.444443 -0.093113 -0.156215 2.000000
-0.003334 186.666702 68.444443 -0.000142 -0.001029 2.000000
0.034852 186.666702 66.666656 -0.000142 -0.063103 2.000000
0.050126 188.444397 72.000000 0.061837 0.185195 2.000000
0.055218 196.444397 92.444443 0.278778 0.712826 2.000000
0.032306 214.222198 144.888901 0.619681 1.830165 2.000000
0.050126 232.000000 178.666702 0.619681 1.178385 2.000000
0.032306 253.333298 208.000000 0.743643 1.023197 2.000000
0.001757 253.333298 208.000000 -0.000142 -0.001029 2.000000
0.004303 263.111115 219.555603 0.340761 0.402456 0.000000
0.019577 280.000000 239.111099 0.588689 0.681787 0.000000
0.001757 280.000000 239.111099 -0.000142 -0.001029 0.000000
0.017032 286.222198 244.444397 0.216795 0.185193 0.000000
-0.000788 291.555511 248.000000 0.185804 0.123122 0.000000
0.017032 302.222198 247.111099 0.371752 -0.032066 0.000000
0.001757 302.222198 247.111099 -0.000142 -0.001029 0.000000
0.004303 309.333313 241.777802 0.247787 -0.187250 0.000000
0.011940 316.444489 234.666702 0.247789 -0.249326 0.000000
0.004303 325.333313 225.777802 0.309767 -0.311401 0.000000
0.014486 335.111115 216.000000 0.340761 -0.342438 0.000000
0.001757 346.666687 204.444397 0.402743 -0.404514 0.000000
0.014486 358.222198 192.888901 0.402741 -0.404510 0.000000
0.004303 358.222198 192.888901 -0.000142 -0.001029 0.000000
0.004303 368.888885 182.222198 0.371752 -0.373476 0.000000
0.017032 388.444489 165.333298 0.681664 -0.590735 0.000000
0.057763 405.333313 154.666702 0.588687 -0.373472 0.000000
0.004303 412.444489 150.222198 0.247789 -0.156217 1.000000
0.014486 421.333313 147.555603 0.309767 -0.094138 1.000000
0.004303 429.333313 144.888901 0.278778 -0.094141 2.000000
0.014486 437.333313 142.222198 0.278778 -0.094141 2.000000
0.060309 457.777802 138.666702 0.712655 -0.125175 2.000000
0.029760 467.555511 133.333298 0.340758 -0.187254 2.000000
0.052672 475.555511 125.333298 0.278778 -0.280363 2.000000
0.004303 479.111115 120.000000 0.123824 -0.187250 2.000000
0.014486 480.888885 114.666702 0.061840 -0.187250 2.000000
0.062855 480.888885 103.111099 -0.000142 -0.404514 1.000000
0.039943 473.777802 97.777779 -0.248070 -0.187251 0.000000
0.032306 461.333313 97.777779 -0.434019 -0.001029 0.000000
0.052672 446.222198 106.666702 -0.526991 0.309344 0.000000
0.037397 430.222198 130.666702 -0.557982 0.836975 0.000000
0.039943 412.444489 169.777802 -0.619962 1.364607 0.000000
0.060309 387.555511 231.111099 -0.867896 2.140535 0.000000
0.006849 378.666687 249.777802 -0.310051 0.650753 0.000000
0.011940 369.777802 266.666687 -0.310053 0.588678 0.000000
0.037397 350.222198 296.000000 -0.681948 1.023198 0.000000
0.057763 332.444489 319.111115 -0.619962 0.805938 0.000000
0.009394 321.777802 337.777802 -0.372036 0.650753 1.000000
0.014486 319.111115 345.777802 -0.093116 0.278306 1.000000
0.001757 319.111115 345.777802 -0.000142 -0.001029 2.000000
0.019577 318.222198 356.444489 -0.031134 0.371418 2.000000
0.047580 319.111115 360.888885 0.030850 0.154156 2.000000
0.037397 324.444489 361.777802 0.185806 0.030010 2.000000
0.052672 336.000000 352.888885 0.402741 -0.311401 2.000000
0.032306 340.444489 346.666687 0.154815 -0.218288 2.000000
-0.000788 345.777802 341.333313 0.185804 -0.187253 2.000000
0.034852 358.222198 328.000000 0.433732 -0.466585 2.000000
0.045035 372.444489 315.555511 0.495718 -0.435551 1.000000
0.050126 389.333313 299.555511 0.588687 -0.559698 0.000000
0.047580 420.444489 265.777802 1.084549 -1.180439 0.000000
0.047580 443.555511 240.888901 0.805624 -0.870070 0.000000
-0.000788 455.111115 231.111099 0.402744 -0.342438 0.000000
0.014486 464.888885 224.000000 0.340760 -0.249326 0.000000
-0.003334 464.888885 224.000000 -0.000142 -0.001029 0.000000
0.039943 481.777802 216.888901 0.588690 -0.249326 0.000000
0.047580 494.222198 214.222198 0.433732 -0.094141 0.000000
0.045035 492.444489 214.222198 -0.062122 -0.001029 0.000000
0.034852 477.333313 212.444397 -0.526993 -0.063104 0.000000
0.047580 451.555511 210.666702 -0.898885 -0.063100 0.000000
-0.000788 434.666687 209.777802 -0.588971 -0.032066 1.000000
0.011940 416.888885 209.777802 -0.619965 -0.001029 1.000000
0.001757 395.555511 209.777802 -0.743930 -0.001029 2.000000
0.001757 395.555511 209.777802 -0.000142 -0.001029 2.000000
0.006849 372.444489 211.555603 -0.805908 0.061047 2.000000
-0.000788 347.555511 216.000000 -0.867896 0.154156 2.000000
0.001757 347.555511 216.000000 -0.000142 -0.001029 2.000000
0.011940 320.888885 223.111099 -0.929874 0.247268 2.000000
-0.000788 294.222198 232.000000 -0.929876 0.309344 2.000000
0.001757 269.333313 242.666702 -0.867893 0.371419 2.000000
0.014486 247.111099 254.222198 -0.774920 0.402453 2.000000
-0.003334 247.111099 254.222198 -0.000142 -0.001029 2.000000
0.001757 229.333298 266.666687 -0.619965 0.433493 2.000000
0.009394 215.111099 280.000000 -0.495999 0.464528 2.000000
0.006849 205.333298 291.555511 -0.341045 0.402453 2.000000
0.014486 199.111099 302.222198 -0.217079 0.371418 2.000000
0.001757 196.444397 312.000000 -0.093117 0.340381 2.000000
0.022123 196.444397 328.888885 -0.000142 0.588678 2.000000
0.001757 196.444397 328.888885 -0.000142 -0.001029 2.000000
0.019577 200.000000 336.000000 0.123824 0.247269 2.000000
0.001757 203.555603 343.111115 0.123824 0.247269 2.000000
0.006849 208.000000 350.222198 0.154812 0.247268 0.000000
0.017032 212.444397 356.444489 0.154812 0.216234 0.000000
0.001757 215.111099 361.777802 0.092832 0.185194 0.000000
0.017032 217.777802 365.333313 0.092832 0.123119 0.000000
0.001757 219.555603 368.000000 0.061841 0.092084 0.000000
0.019577 221.333298 368.888885 0.061837 0.030009 0.000000
0.001757 224.000000 368.888885 0.092832 -0.001029 0.000000
0.017032 227.555603 368.000000 0.123824 -0.032066 0.000000
0.001757 232.000000 363.555511 0.154812 -0.156216 0.000000
0.001757 239.111099 356.444489 0.247786 -0.249323 0.000000
0.019577 247.111099 344.888885 0.278778 -0.404514 0.000000
0.004303 256.000000 331.555511 0.309769 -0.466588 0.000000
0.017032 264.888885 314.666687 0.309769 -0.590733 0.000000
0.001757 272.888885 296.888885 0.278778 -0.621773 0.000000
0.029760 279.111115 279.111115 0.216796 -0.621772 0.000000
0.034852 290.666687 231.111099 0.402743 -1.677037 1.000000
0.001757 290.666687 231.111099 -0.000142 -0.001029 1.000000
0.034852 292.444489 205.333298 0.061841 -0.901108 2.000000
0.052672 294.222198 182.222198 0.061838 -0.807995 2.000000
0.050126 294.222198 151.111099 -0.000142 -1.087329 2.000000
0.034852 289.777802 137.777802 -0.155096 -0.466585 2.000000
0.037397 278.222198 133.333298 -0.403028 -0.156217 2.000000
0.052672 261.333313 136.888901 -0.588973 0.123122 2.000000
0.057763 232.000000 160.000000 -1.022848 0.805938 2.000000
0.029760 224.000000 168.888901 -0.279062 0.309344 2.000000
0.001757 217.777802 178.666702 -0.217079 0.340381 0.000000
0.032306 208.000000 199.111099 -0.341045 0.712825 0.000000
0.034852 200.888901 222.222198 -0.248071 0.805938 0.000000
0.050126 192.888901 247.111099 -0.279062 0.868013 0.000000
0.034852 180.444397 272.888885 -0.434020 0.899050 0.000000
0.001757 180.444397 272.888885 -0.000142 -0.001029 0.000000
-0.000788 163.555603 295.111115 -0.588970 0.774901 0.000000
0.011940 163.555603 295.111115 -0.000142 -0.001029 0.000000
0.001757 154.666702 303.111115 -0.310054 0.278306 0.000000
0.011940 146.666702 310.222198 -0.279062 0.247268 0.000000
0.001757 138.666702 315.555511 -0.279062 0.185194 0.000000
0.004303 132.444397 319.111115 -0.217083 0.123122 0.000000
0.014486 127.111099 321.777802 -0.186088 0.092084 1.000000
0.001757 123.555603 322.666687 -0.124105 0.030009 1.000000
0.014486 120.000000 322.666687 -0.124108 -0.001029 1.000000
0.004303 116.444397 323.555511 -0.124108 0.030006 1.000000
0.001757 116.444397 323.555511 -0.000142 -0.001029 2.000000
0.014486 113.777802 323.555511 -0.093113 -0.001029 2.000000
0.009394 110.222198 323.555511 -0.124108 -0.001029 2.000000
0.019577 101.333298 323.555511 -0.310054 -0.001029 2.000000
0.004303 96.888893 321.777802 -0.155096 -0.063101 2.000000
0.019577 92.444443 320.000000 -0.155098 -0.063104 2.000000
0.006849 88.888893 315.555511 -0.124106 -0.156216 2.000000
0.019577 86.222221 310.222198 -0.093116 -0.187251 2.000000
0.006849 85.333344 302.222198 -0.031133 -0.280363 2.000000
0.024669 85.333344 291.555511 -0.000142 -0.373475 2.000000
0.006849 86.222221 276.444489 0.030849 -0.528657 2.000000
0.019577 92.444443 240.888901 0.216796 -1.242517 2.000000
0.004303 92.444443 240.888901 -0.000142 -0.001029 2.000000
0.019577 95.111107 208.000000 0.092831 -1.149405 0.000000
0.045035 94.222221 186.666702 -0.031133 -0.745920 0.000000
0.042489 84.444443 176.888901 -0.341044 -0.342438 0.000000
0.045035 71.111107 175.111099 -0.465009 -0.063104 0.000000
0.055218 48.000000 184.888901 -0.805911 0.340381 0.000000
0.034852 32.888889 202.666702 -0.526991 0.619716 0.000000
0.006849 25.777781 216.000000 -0.248071 0.464528 0.000000
0.011940 18.666670 233.777802 -0.248071 0.619716 0.000000
0.055218 6.222222 275.555511 -0.434018 1.457716 0.000000
0.037397 0.888889 316.444489 -0.186089 1.426685 0.000000
0.011940 0.888889 334.222198 -0.000142 0.619713 1.000000
0.022123 8.000000 360.888885 0.247787 0.930087 2.000000
0.042489 19.555559 374.222198 0.402742 0.464528 2.000000
0.042489 30.222219 373.333313 0.371751 -0.032066 2.000000
0.050126 49.777779 355.555511 0.681662 -0.621773 2.000000
0.006849 49.777779 355.555511 -0.000142 -0.001029 2.000000
0.019577 64.000000 338.666687 0.495716 -0.590733 2.000000
0.039943 79.111107 320.888885 0.526707 -0.621773 2.000000
0.062855 101.333298 281.777802 0.774634 -1.366663 2.000000
0.039943 109.333298 264.000000 0.278778 -0.621773 2.000000
0.017032 125.333298 224.000000 0.557698 -1.397702 0.000000
0.009394 134.222198 203.555603 0.309769 -0.714882 0.000000
0.014486 143.111099 184.888901 0.309769 -0.652811 0.000000
0.001757 152.000000 167.111099 0.309769 -0.621773 0.000000
0.006849 160.000000 152.888901 0.278778 -0.497623 0.000000
0.009394 166.222198 141.333298 0.216795 -0.404514 0.000000
0.001757 166.222198 141.333298 -0.000142 -0.001029 0.000000
0.014486 172.444397 133.333298 0.216795 -0.280363 0.000000
0.001757 177.777802 127.111099 0.185807 -0.218288 0.000000
0.004303 182.222198 122.666702 0.154812 -0.156213 0.000000
0.014486 184.888901 120.000000 0.092832 -0.094141 0.000000
0.006849 188.444397 118.222198 0.123820 -0.063104 0.000000
0.014486 191.111099 116.444397 0.092832 -0.063104 0.000000
0.004303 195.555603 115.555603 0.154815 -0.032062 0.000000
0.014486 201.777802 114.666702 0.216795 -0.032066 0.000000
0.001757 208.888901 114.666702 0.247786 -0.001029 0.000000
0.004303 216.888901 115.555603 0.278778 0.030009 0.000000
0.014486 226.666702 118.222198 0.340761 0.092080 0.000000
0.006849 236.444397 121.777802 0.340757 0.123122 1.000000
0.019577 246.222198 127.111099 0.340761 0.185193 1.000000
0.042489 265.777802 140.444397 0.681664 0.464528 2.000000
0.004303 275.555511 149.333298 0.340758 0.309344 2.000000
0.037397 296.000000 167.111099 0.712655 0.619716 2.000000
0.037397 318.222198 180.444397 0.774635 0.464528 2.000000
0.062855 352.888885 191.111099 1.208512 0.371419 2.000000
0.037397 371.555511 195.555603 0.650670 0.154159 2.000000
0.019577 377.777802 198.222198 0.216798 0.092080 2.000000
0.006849 383.111115 200.000000 0.185804 0.061047 2.000000
0.017032 386.666687 201.777802 0.123823 0.061047 1.000000
0.001757 389.333313 202.666702 0.092830 0.030009 1.000000
0.009394 389.333313 202.666702 -0.000142 -0.001029 0.000000
0.017032 389.333313 203.555603 -0.000142 0.030009 0.000000
0.001757 385.777802 203.555603 -0.124105 -0.001029 0.000000
0.017032 379.555511 203.555603 -0.217082 -0.001029 0.000000
0.004303 370.666687 201.777802 -0.310051 -0.063104 0.000000
0.014486 359.111115 199.111099 -0.403027 -0.094141 0.000000
0.001757 344.888885 195.555603 -0.496000 -0.125175 0.000000
0.004303 344.888885 195.555603 -0.000142 -0.001029 0.000000
0.022123 309.333313 184.888901 -1.239787 -0.373476 0.000000
0.019577 289.777802 178.666702 -0.681945 -0.218288 0.000000
0.009394 269.333313 171.555603 -0.712939 -0.249326 0.000000
0.014486 248.888901 163.555603 -0.712937 -0.280363 0.000000
0.009394 229.333298 154.666702 -0.681948 -0.311401 0.000000
0.047580 187.555603 128.888901 -1.456721 -0.901108 0.000000
0.042489 172.444397 114.666702 -0.526994 -0.497623 0.000000
0.019577 167.111099 107.555603 -0.186088 -0.249326 1.000000
0.009394 163.555603 101.333298 -0.124105 -0.218292 2.000000
0.045035 156.444397 89.777779 -0.248074 -0.404511 2.000000
0.042489 144.888901 72.000000 -0.403025 -0.621772 2.000000
0.019577 142.222198 66.666656 -0.093117 -0.187252 2.000000
0.011940 139.555603 62.222221 -0.093113 -0.156214 2.000000
0.047580 138.666702 52.444439 -0.031134 -0.342438 2.000000
0.047580 145.777802 43.555561 0.247786 -0.311400 2.000000
0.042489 164.444397 32.000000 0.650669 -0.404512 2.000000
0.017032 172.444397 29.333330 0.278778 -0.094140 3.000000
0.009394 179.555603 26.666670 0.247790 -0.094140 3.000000
0.017032 187.555603 25.777781 0.278778 -0.032066 0.000000
0.006849 196.444397 25.777781 0.309766 -0.001029 0.000000
0.052672 213.333298 26.666670 0.588689 0.030009 0.000000
0.052672 244.444397 39.111111 1.084546 0.433492 0.000000
0.014486 254.222198 46.222221 0.340761 0.247269 0.000000
0.045035 273.777802 59.555561 0.681664 0.464529 0.000000
0.009394 282.666687 66.666656 0.309769 0.247268 0.000000
0.022123 298.666687 78.222221 0.557698 0.402455 0.000000
0.006849 305.777802 82.666656 0.247787 0.154157 3.000000
0.022123 312.888885 86.222221 0.247786 0.123120 3.000000
0.009394 320.888885 88.888893 0.278778 0.092083 2.000000
0.019577 328.000000 91.555557 0.247787 0.092083 2.000000
0.042489 341.333313 96.888893 0.464724 0.185195 2.000000
0.042489 354.666687 104.000000 0.464726 0.247269 2.000000
0.006849 356.444489 104.888901 0.061841 0.030009 2.000000
0.017032 356.444489 105.777802 -0.000142 0.030009 2.000000
0.004303 356.444489 105.777802 -0.000142 -0.001029 2.000000
0.014486 356.444489 105.777802 -0.000142 -0.001029 2.000000
0.004303 356.444489 105.777802 -0.000142 -0.001029 2.000000
0.014486 356.444489 106.666702 -0.000142 0.030009 2.000000
0.004303 356.444489 106.666702 -0.000142 -0.001029 2.000000
0.004303 355.555511 106.666702 -0.031136 -0.001029 1.000000
0.014486 355.555511 106.666702 -0.000142 -0.001029 1.000000
0.037397 355.555511 106.666702 -0.000142 -0.001029 0.000000
0.006849 355.555511 107.555603 -0.000142 0.030009 0.000000
0.037397 356.444489 112.888901 0.030852 0.185193 0.000000
0.037397 361.777802 122.666702 0.185804 0.340381 0.000000
0.006849 367.111115 128.000000 0.185804 0.185193 0.000000
0.014486 373.333313 134.222198 0.216795 0.216231 0.000000
0.001757 380.444489 139.555603 0.247789 0.185197 0.000000
0.014486 388.444489 146.666702 0.278778 0.247268 0.000000
0.001757 396.444489 154.666702 0.278778 0.278306 0.000000
0.011940 403.555511 163.555603 0.247784 0.309344 0.000000
0.001757 409.777802 173.333298 0.216798 0.340378 0.000000
0.004303 409.777802 173.333298 -0.000142 -0.001029 0.000000
0.034852 415.111115 194.666702 0.185804 0.743866 0.000000
0.017032 409.777802 215.111099 -0.186088 0.712825 1.000000
0.004303 409.777802 215.111099 -0.000142 -0.001029 1.000000
0.039943 386.666687 242.666702 -0.805911 0.961126 2.000000
0.037397 375.111115 249.777802 -0.403027 0.247268 2.000000
0.006849 363.555511 256.888885 -0.403028 0.247268 2.000000
0.017032 331.555511 267.555511 -1.115822 0.371416 2.000000
0.001757 331.555511 267.555511 -0.000142 -0.001029 2.000000
0.006849 312.000000 272.888885 -0.681945 0.185196 2.000000
0.029760 267.555511 281.777802 -1.549699 0.309344 2.000000
0.019577 243.555603 286.222198 -0.836899 0.154156 2.000000
0.004303 220.444397 289.777802 -0.805914 0.123122 2.000000
0.014486 199.111099 292.444489 -0.743928 0.092084 2.000000
0.001757 182.222198 294.222198 -0.588974 0.061043 2.000000
0.001757 182.222198 294.222198 -0.000142 -0.001029 2.000000
0.014486 163.555603 296.000000 -0.650953 0.061047 0.000000
0.009394 163.555603 296.000000 -0.000142 -0.001029 0.000000
0.022123 159.111099 296.000000 -0.155100 -0.001029 0.000000
0.006849 159.111099 296.000000 -0.000142 -0.001029 0.000000
0.017032 163.555603 296.000000 0.154815 -0.001029 0.000000
0.006849 170.666702 294.222198 0.247786 -0.063104 0.000000
0.019577 179.555603 291.555511 0.309769 -0.094141 0.000000
0.004303 191.111099 288.888885 0.402740 -0.094139 0.000000
0.019577 204.444397 286.222198 0.464723 -0.094141 0.000000
0.001757 219.555603 283.555511 0.526710 -0.094141 0.000000
0.014486 235.555603 281.777802 0.557698 -0.063101 0.000000
0.006849 252.444397 279.111115 0.588686 -0.094141 0.000000
0.014486 270.222198 278.222198 0.619681 -0.032067 0.000000
0.006849 287.111115 276.444489 0.588690 -0.063101 0.000000
0.004303 303.111115 274.666687 0.557698 -0.063104 0.000000
0.019577 319.111115 272.000000 0.557698 -0.094141 0.000000
0.006849 332.444489 269.333313 0.464726 -0.094141 0.000000
0.032306 352.000000 264.000000 0.681661 -0.187251 1.000000
0.017032 357.333313 259.555511 0.185804 -0.156216 1.000000
0.006849 360.888885 255.111099 0.123823 -0.156213 1.000000
0.017032 360.000000 241.777802 -0.031133 -0.466585 2.000000
-0.000788 360.000000 241.777802 -0.000142 -0.001029 2.000000
0.050126 348.444489 228.444397 -0.403025 -0.466589 2.000000
0.039943 330.666687 217.777802 -0.619965 -0.373472 2.000000
0.062855 290.666687 199.111099 -1.394742 -0.652811 2.000000
0.024669 280.888885 192.888901 -0.341045 -0.218288 2.000000
0.042489 262.222198 180.444397 -0.650956 -0.435551 2.000000
0.004303 254.222198 173.333298 -0.279062 -0.249326 2.000000
0.014486 248.000000 168.000000 -0.217079 -0.187250 1.000000
0.004303 241.777802 162.666702 -0.217079 -0.187250 0.000000
0.034852 230.222198 156.444397 -0.403028 -0.218292 0.000000
0.055218 218.666702 155.555603 -0.403025 -0.032062 0.000000
0.029760 205.333298 161.777802 -0.465011 0.216231 0.000000
0.052672 193.777802 169.777802 -0.403025 0.278306 0.000000
0.034852 183.111099 178.666702 -0.372037 0.309344 0.000000
0.060309 167.111099 194.666702 -0.557982 0.557641 0.000000
0.001757 161.777802 200.888901 -0.186088 0.216231 0.000000
0.009394 154.666702 208.000000 -0.248071 0.247268 0.000000
-0.000788 154.666702 208.000000 -0.000142 -0.001029 0.000000
0.014486 146.666702 216.000000 -0.279062 0.278306 0.000000
-0.000788 137.777802 224.000000 -0.310054 0.278306 0.000000
0.004303 128.000000 232.888901 -0.341045 0.309344 1.000000
0.014486 117.333298 242.666702 -0.372037 0.340381 1.000000
0.001757 106.666702 250.666702 -0.372033 0.278306 1.000000
0.014486 96.000000 258.666687 -0.372037 0.278306 2.000000
0.001757 87.111107 264.888885 -0.310053 0.216231 2.000000
-0.000788 87.111107 264.888885 -0.000142 -0.001029 2.000000
0.014486 79.111107 268.444489 -0.279062 0.123122 2.000000
-0.000788 72.888893 271.111115 -0.217080 0.092082 2.000000
0.004303 67.555557 272.000000 -0.186089 0.030009 2.000000
0.011940 64.000000 272.000000 -0.124107 -0.001029 2.000000
0.001757 60.444439 271.111115 -0.124107 -0.032066 2.000000
0.014486 57.777779 267.555511 -0.093115 -0.125179 2.000000
0.001757 57.777779 267.555511 -0.000142 -0.001029 2.000000
-0.000788 55.111111 264.000000 -0.093116 -0.125176 2.000000
0.017032 53.333328 258.666687 -0.062125 -0.187251 2.000000
0.060309 46.222221 239.111099 -0.248071 -0.683848 2.000000
0.034852 42.666672 224.000000 -0.124106 -0.528660 2.000000
0.047580 40.888889 205.333298 -0.062125 -0.652811 2.000000
0.004303 40.888889 194.666702 -0.000142 -0.373472 0.000000
0.032306 46.222221 171.555603 0.185804 -0.807995 0.000000
0.042489 52.444439 151.111099 0.216795 -0.714886 0.000000
0.014486 54.222221 143.111099 0.061840 -0.280363 0.000000
0.009394 54.222221 137.777802 -0.000142 -0.187250 0.000000
0.045035 54.222221 131.555603 -0.000142 -0.218288 0.000000
0.037397 48.888889 128.000000 -0.186089 -0.125179 0.000000
0.047580 37.333328 128.000000 -0.403027 -0.001029 0.000000
0.039943 28.444441 138.666702 -0.310053 0.371419 0.000000
0.042489 22.222219 159.111099 -0.217080 0.712825 1.000000
0.001757 22.222219 159.111099 -0.000142 -0.001029 1.000000
0.037397 22.222219 184.888901 -0.000142 0.899050 1.000000
0.039943 38.222221 225.777802 0.557698 1.426682 2.000000
0.039943 53.333328 248.888901 0.526707 0.805938 2.000000
0.042489 70.222221 266.666687 0.588689 0.619715 2.000000
0.055218 83.555557 278.222198 0.464725 0.402453 2.000000
0.045035 92.444443 285.333313 0.309769 0.247269 2.000000
0.029760 96.888893 287.111115 0.154814 0.061047 2.000000
0.004303 100.444397 287.111115 0.123820 -0.001029 2.000000
0.014486 104.888901 283.555511 0.154815 -0.125179 0.000000
0.006849 111.111099 278.222198 0.216795 -0.187251 0.000000
0.045035 128.000000 258.666687 0.588689 -0.683845 0.000000
0.050126 160.000000 211.555603 1.115538 -1.645998 0.000000
0.037397 170.666702 192.888901 0.371752 -0.652811 0.000000
-0.000788 180.444397 173.333298 0.340757 -0.683848 0.000000
0.011940 189.333298 155.555603 0.309769 -0.621769 0.000000
0.001757 197.333298 140.444397 0.278778 -0.528664 0.000000
0.032306 211.555603 117.333298 0.495719 -0.807995 0.000000
0.055218 223.111099 105.777802 0.402740 -0.404510 0.000000
0.034852 232.888901 101.333298 0.340761 -0.156217 0.000000
0.034852 243.555603 100.444397 0.371752 -0.032066 0.000000
0.001757 248.888901 101.333298 0.185803 0.030009 1.000000
0.019577 256.000000 104.888901 0.247786 0.123122 1.000000
0.001757 263.111115 108.444397 0.247787 0.123118 1.000000
0.014486 270.222198 113.777802 0.247786 0.185197 2.000000
0.004303 278.222198 118.222198 0.278778 0.154156 2.000000
0.006849 285.333313 121.777802 0.247787 0.123122 2.000000
0.014486 293.333313 126.222198 0.278778 0.154156 2.000000
0.006849 300.444489 129.777802 0.247789 0.123122 2.000000
0.014486 308.444489 133.333298 0.278778 0.123118 2.000000
0.004303 315.555511 136.888901 0.247784 0.123122 2.000000
0.014486 323.555511 140.444397 0.278778 0.123118 2.000000
0.001757 330.666687 144.000000 0.247789 0.123122 2.000000
0.004303 330.666687 144.000000 -0.000142 -0.001029 2.000000
0.014486 345.777802 151.111099 0.526707 0.247268 2.000000
0.006849 345.777802 151.111099 -0.000142 -0.001029 2.000000
0.014486 361.777802 156.444397 0.557698 0.185193 2.000000
0.004303 361.777802 156.444397 -0.000142 -0.001029 2.000000
0.017032 376.888885 159.111099 0.526706 0.092084 1.000000
0.004303 376.888885 159.111099 -0.000142 -0.001029 1.000000
0.004303 383.111115 159.111099 0.216796 -0.001029 0.000000
0.014486 389.333313 159.111099 0.216795 -0.001029 0.000000
0.055218 406.222198 152.000000 0.588689 -0.249326 0.000000
0.034852 420.444489 144.000000 0.495718 -0.280363 0.000000
0.060309 443.555511 121.777802 0.805624 -0.776957 0.000000
0.034852 450.666687 112.000000 0.247789 -0.342438 0.000000
0.057763 465.777802 87.111107 0.526707 -0.870070 0.000000
0.011940 468.444489 80.888893 0.092832 -0.218288 0.000000
0.004303 471.111115 75.555557 0.092830 -0.187252 0.000000
0.042489 472.888885 70.222221 0.061840 -0.187252 0.000000
0.014486 473.777802 68.444443 0.030850 -0.063103 1.000000
0.001757 473.777802 68.444443 -0.000142 -0.001029 1.000000
0.006849 473.777802 67.555557 -0.000142 -0.032066 2.000000
0.037397 473.777802 68.444443 -0.000142 0.030009 2.000000
0.039943 471.111115 77.333344 -0.093116 0.309344 2.000000
0.055218 464.000000 91.555557 -0.248071 0.495566 2.000000
0.014486 452.444489 104.888901 -0.403025 0.464529 2.000000
0.001757 452.444489 104.888901 -0.000142 -0.001029 2.000000
0.057763 425.777802 120.000000 -0.929876 0.526603 2.000000
0.037397 409.777802 123.555603 -0.557982 0.123122 2.000000
0.011940 403.555511 123.555603 -0.217082 -0.001029 2.000000
0.001757 398.222198 121.777802 -0.186088 -0.063104 2.000000
0.039943 388.444489 112.888901 -0.341042 -0.311401 0.000000
0.009394 383.111115 106.666702 -0.186090 -0.218288 0.000000
0.039943 372.444489 93.333344 -0.372034 -0.466587 0.000000
0.045035 361.777802 78.222221 -0.372036 -0.528661 0.000000
0.017032 355.555511 71.111107 -0.217082 -0.249326 0.000000
0.011940 350.222198 64.000000 -0.186088 -0.249326 0.000000
0.047580 333.333313 48.000000 -0.588973 -0.559698 0.000000
0.047580 323.555511 40.000000 -0.341045 -0.280363 0.000000
0.045035 312.888885 34.666672 -0.372034 -0.187251 0.000000
0.047580 301.333313 30.222219 -0.403027 -0.156215 1.000000
0.045035 278.222198 27.555559 -0.805911 -0.094140 2.000000
0.055218 259.555511 28.444441 -0.650956 0.030008 2.000000
0.024669 243.555603 32.000000 -0.557979 0.123120 2.000000
0.037397 229.333298 35.555561 -0.496003 0.123120 2.000000
0.039943 216.000000 39.111111 -0.465008 0.123120 2.000000
0.060309 202.666702 43.555561 -0.465008 0.154158 2.000000
0.034852 186.666702 48.888889 -0.557982 0.185194 2.000000
0.022123 170.666702 52.444439 -0.557982 0.123120 2.000000
0.014486 164.444397 53.333328 -0.217083 0.030009 0.000000
0.045035 153.777802 55.111111 -0.372033 0.061046 0.000000
0.050126 145.777802 56.000000 -0.279062 0.030009 0.000000
0.017032 138.666702 57.777779 -0.248071 0.061046 0.000000
0.022123 135.111099 58.666672 -0.124108 0.030009 0.000000
0.047580 121.777802 65.777779 -0.465008 0.247269 0.000000
0.045035 113.777802 71.111107 -0.279062 0.185194 0.000000
0.004303 113.777802 71.111107 -0.000142 -0.001029 0.000000
0.024669 107.555603 74.666656 -0.217079 0.123120 0.000000
0.006849 106.666702 75.555557 -0.031134 0.030009 0.000000
0.047580 104.888901 76.444443 -0.062125 0.030009 0.000000
0.017032 104.000000 76.444443 -0.031134 -0.001029 1.000000
0.004303 104.000000 76.444443 -0.000142 -0.001029 1.000000
0.017032 97.777779 80.000000 -0.217080 0.123120 1.000000
0.001757 97.777779 80.000000 -0.000142 -0.001029 1.000000
0.006849 93.333344 82.666656 -0.155097 0.092083 2.000000
0.019577 88.888893 86.222221 -0.155098 0.123120 2.000000
0.006849 84.444443 88.888893 -0.155098 0.092083 2.000000
0.017032 74.666656 95.111107 -0.341045 0.216231 2.000000
0.004303 74.666656 95.111107 -0.000142 -0.001029 2.000000
0.017032 69.333344 100.444397 -0.186088 0.185193 2.000000
0.004303 69.333344 100.444397 -0.000142 -0.001029 2.000000
0.022123 66.666656 104.000000 -0.093116 0.123122 2.000000
0.009394 65.777779 106.666702 -0.031133 0.092084 2.000000
0.017032 64.000000 109.333298 -0.062124 0.092080 2.000000
0.014486 62.222221 112.888901 -0.062124 0.123122 2.000000
0.062855 56.888889 127.111099 -0.186089 0.495565 0.000000
0.047580 56.888889 140.444397 -0.000142 0.464528 0.000000
0.001757 56.888889 140.444397 -0.000142 -0.001029 0.000000
0.047580 77.333344 141.333298 0.712654 0.030009 0.000000
0.050126 104.000000 128.000000 0.929591 -0.466585 0.000000
0.047580 140.444397 110.222198 1.270492 -0.621773 0.000000
0.045035 180.444397 96.000000 1.394458 -0.497623 0.000000
0.014486 221.333298 88.888893 1.425449 -0.249326 0.000000
0.004303 221.333298 88.888893 -0.000142 -0.001029 0.000000
0.017032 256.000000 86.222221 1.208512 -0.094140 0.000000
0.004303 256.000000 86.222221 -0.000142 -0.001029 0.000000
0.006849 269.333313 86.222221 0.464724 -0.001029 0.000000
0.017032 288.000000 88.888893 0.650672 0.092083 1.000000
0.009394 288.000000 88.888893 -0.000142 -0.001029 1.000000
0.017032 296.000000 96.888893 0.278778 0.278306 1.000000
0.006849 296.000000 104.000000 -0.000142 0.247269 2.000000
0.017032 294.222198 112.000000 -0.062125 0.278306 2.000000
0.004303 294.222198 112.000000 -0.000142 -0.001029 2.000000
0.014486 280.000000 132.444397 -0.495999 0.712825 2.000000
0.001757 271.111115 144.000000 -0.310053 0.402456 2.000000
0.004303 271.111115 144.000000 -0.000142 -0.001029 2.000000
0.011940 263.111115 156.444397 -0.279062 0.433490 2.000000
0.004303 256.888885 168.888901 -0.217080 0.433494 2.000000
0.017032 249.777802 192.000000 -0.248070 0.805938 2.000000
0.001757 249.777802 192.000000 -0.000142 -0.001029 2.000000
0.017032 248.888901 201.777802 -0.031134 0.340381 2.000000
0.004303 248.888901 210.666702 -0.000142 0.309344 2.000000
0.004303 249.777802 218.666702 0.030849 0.278306 2.000000
0.014486 252.444397 225.777802 0.092829 0.247268 2.000000
0.001757 254.222198 231.111099 0.061841 0.185193 2.000000
0.037397 258.666687 238.222198 0.154815 0.247268 2.000000
0.022123 260.444489 240.888901 0.061841 0.092084 0.000000
0.006849 260.444489 240.888901 -0.000142 -0.001029 0.000000
0.055218 254.222198 241.777802 -0.217082 0.030009 0.000000
0.019577 249.777802 240.000000 -0.155096 -0.063104 0.000000
0.004303 245.333298 235.555603 -0.155100 -0.156213 0.000000
0.014486 240.888901 229.333298 -0.155096 -0.218292 0.000000
0.001757 239.111099 220.444397 -0.062125 -0.311401 0.000000
0.017032 239.111099 209.777802 -0.000142 -0.373472 0.000000
0.004303 240.000000 197.333298 0.030849 -0.435551 0.000000
0.004303 240.000000 197.333298 -0.000142 -0.001029 0.000000
0.014486 250.666702 173.333298 0.371752 -0.839032 0.000000
0.004303 258.666687 163.555603 0.278777 -0.342435 0.000000
0.017032 267.555511 156.444397 0.309767 -0.249329 0.000000
0.004303 267.555511 156.444397 -0.000142 -0.001029 0.000000
0.017032 288.000000 145.777802 0.712655 -0.373472 0.000000
0.004303 300.444489 142.222198 0.433735 -0.125179 1.000000
0.022123 312.000000 139.555603 0.402741 -0.094138 1.000000
0.006849 325.333313 138.666702 0.464724 -0.032066 1.000000
0.019577 337.777802 137.777802 0.433735 -0.032066 2.000000
0.011940 350.222198 137.777802 0.433732 -0.001029 2.000000
0.047580 371.555511 139.555603 0.743644 0.061047 2.000000
0.045035 374.222198 141.333298 0.092832 0.061043 2.000000
0.037397 362.666687 147.555603 -0.403025 0.216235 2.000000
0.039943 337.777802 159.111099 -0.867893 0.402453 2.000000
0.039943 305.777802 174.222198 -1.115822 0.526603 2.000000
0.062855 248.000000 203.555603 -2.014565 1.023201 2.000000
0.019577 228.444397 213.333298 -0.681948 0.340378 0.000000
0.006849 208.000000 224.000000 -0.712936 0.371419 0.000000
0.045035 169.777802 243.555603 -1.332759 0.681791 0.000000
0.032306 136.888901 262.222198 -1.146814 0.650750 0.000000
0.055218 109.333298 285.333313 -0.960868 0.805938 0.000000
0.032306 106.666702 290.666687 -0.093113 0.185196 0.000000
0.001757 106.666702 295.111115 -0.000142 0.154157 0.000000
0.034852 113.777802 299.555511 0.247786 0.154156 0.000000
0.047580 129.777802 297.777802 0.557698 -0.063101 0.000000
0.032306 149.333298 285.333313 0.681660 -0.435551 0.000000
0.001757 159.111099 277.333313 0.340761 -0.280363 1.000000
0.029760 167.111099 267.555511 0.278778 -0.342438 1.000000
0.034852 181.333298 243.555603 0.495715 -0.839029 2.000000
0.001757 186.666702 229.333298 0.185807 -0.497626 2.000000
0.032306 189.333298 213.333298 0.092829 -0.559698 2.000000
0.001757 189.333298 180.444397 -0.000142 -1.149405 2.000000
0.011940 189.333298 180.444397 -0.000142 -0.001029 2.000000
-0.000788 184.888901 165.333298 -0.155096 -0.528660 2.000000
0.052672 153.777802 135.111099 -1.084831 -1.056292 2.000000
0.032306 138.666702 133.333298 -0.526991 -0.063104 2.000000
0.014486 106.666702 142.222198 -1.115822 0.309344 2.000000
0.004303 106.666702 142.222198 -0.000142 -0.001029 2.000000
0.004303 91.555557 152.000000 -0.526992 0.340381 2.000000
0.014486 79.111107 163.555603 -0.434018 0.402456 2.000000
0.001757 70.222221 177.777802 -0.310053 0.495565 3.000000
0.014486 63.111111 192.888901 -0.248071 0.526603 3.000000
0.006849 59.555561 210.666702 -0.124106 0.619716 0.000000
0.011940 57.777779 230.222198 -0.062125 0.681787 0.000000
0.001757 57.777779 249.777802 -0.000142 0.681791 0.000000
0.001757 57.777779 249.777802 -0.000142 -0.001029 0.000000
0.014486 57.777779 288.000000 -0.000142 1.333569 0.000000
0.001757 57.777779 288.000000 -0.000142 -0.001029 0.000000
0.014486 57.777779 316.444489 -0.000142 0.992163 0.000000
0.004303 57.777779 316.444489 -0.000142 -0.001029 0.000000
0.004303 57.777779 328.000000 -0.000142 0.402453 0.000000
0.017032 56.000000 336.888885 -0.062124 0.309343 0.000000
0.001757 53.333328 344.000000 -0.093116 0.247269 0.000000
0.017032 51.555561 348.444489 -0.062124 0.154159 0.000000
0.004303 50.666672 352.000000 -0.031133 0.123119 0.000000
0.062855 53.333328 352.888885 0.092831 0.030009 0.000000
0.014486 57.777779 352.000000 0.154814 -0.032066 1.000000
0.004303 64.888893 348.444489 0.247787 -0.125176 1.000000
0.017032 72.888893 344.888885 0.278778 -0.125179 2.000000
0.004303 82.666656 339.555511 0.340760 -0.187253 2.000000
0.034852 106.666702 325.333313 0.836619 -0.497623 2.000000
0.055218 134.222198 305.777802 0.960580 -0.683845 2.000000
0.017032 164.444397 279.111115 1.053555 -0.932145 2.000000
0.006849 179.555603 264.000000 0.526710 -0.528661 2.000000
0.034852 194.666702 250.666702 0.526706 -0.466585 2.000000
0.060309 241.777802 224.000000 1.642386 -0.932145 2.000000
0.034852 266.666687 217.777802 0.867609 -0.218288 2.000000
0.014486 285.333313 216.888901 0.650670 -0.032066 0.000000
0.024669 290.666687 218.666702 0.185806 0.061047 0.000000
0.029760 296.888885 224.888901 0.216795 0.216231 0.000000
0.055218 300.444489 234.666702 0.123824 0.340381 0.000000
0.052672 304.888885 248.000000 0.154812 0.464528 0.000000
0.011940 313.777802 261.333313 0.309770 0.464528 0.000000
0.001757 313.777802 261.333313 -0.000142 -0.001029 0.000000
0.052672 334.222198 275.555511 0.712652 0.495565 0.000000
0.034852 350.222198 280.000000 0.557698 0.154159 0.000000
0.057763 365.333313 280.000000 0.526707 -0.001029 0.000000
0.034852 388.444489 269.333313 0.805629 -0.373475 1.000000
0.014486 388.444489 269.333313 -0.000142 -0.001029 1.000000
0.022123 405.333313 255.111099 0.588687 -0.497623 2.000000
0.014486 414.222198 245.333298 0.309769 -0.342438 2.000000
0.001757 423.111115 234.666702 0.309770 -0.373472 2.000000
0.057763 441.777802 215.111099 0.650672 -0.683848 2.000000
0.042489 457.777802 200.888901 0.557698 -0.497623 2.000000
0.032306 469.333313 192.000000 0.402741 -0.311401 2.000000
0.042489 477.333313 187.555603 0.278778 -0.156213 2.000000
0.045035 486.222198 188.444397 0.309769 0.030005 2.000000
0.032306 490.666687 193.777802 0.154815 0.185197 0.000000
0.014486 490.666687 193.777802 -0.000142 -0.001029 0.000000
0.067946 497.777802 214.222198 0.247787 0.712825 0.000000
0.004303 497.777802 214.222198 -0.000142 -0.001029 0.000000
0.024669 498.666687 226.666702 0.030849 0.433494 0.000000
0.009394 498.666687 232.888901 -0.000142 0.216231 0.000000
0.055218 494.222198 245.333298 -0.155099 0.433490 0.000000
0.062855 478.222198 259.555511 -0.557982 0.495566 0.000000
0.039943 461.333313 264.000000 -0.588973 0.154159 0.000000
0.029760 438.222198 264.000000 -0.805911 -0.001029 0.000000
0.017032 424.888885 260.444489 -0.465008 -0.125176 1.000000
0.006849 410.666687 255.111099 -0.495999 -0.187254 1.000000
0.017032 383.111115 242.666702 -0.960867 -0.435547 2.000000
0.006849 383.111115 242.666702 -0.000142 -0.001029 2.000000
0.034852 350.222198 227.555603 -1.146814 -0.528660 2.000000
0.060309 289.777802 207.111099 -2.107536 -0.714886 2.000000
0.011940 268.444489 201.777802 -0.743928 -0.187250 2.000000
0.009394 248.000000 198.222198 -0.712939 -0.125179 2.000000
0.009394 229.333298 194.666702 -0.650957 -0.125175 2.000000
0.004303 211.555603 192.000000 -0.619962 -0.094141 2.000000
0.057763 182.222198 188.444397 -1.022851 -0.125179 2.000000
0.037397 160.000000 188.444397 -0.774919 -0.001029 2.000000
0.019577 139.555603 189.333298 -0.712936 0.030009 3.000000
0.001757 139.555603 189.333298 -0.000142 -0.001029 3.000000
0.034852 121.777802 192.888901 -0.619965 0.123122 0.000000
0.009394 113.777802 193.777802 -0.279062 0.030009 0.000000
0.042489 100.444397 198.222198 -0.465011 0.154156 0.000000
0.034852 87.111107 203.555603 -0.465007 0.185197 0.000000
0.017032 80.888893 207.111099 -0.217080 0.123118 0.000000
0.004303 75.555557 209.777802 -0.186089 0.092084 0.000000
0.060309 61.333328 217.777802 -0.496000 0.278306 0.000000
0.014486 56.888889 220.444397 -0.155098 0.092080 0.000000
